|Season|Age|Tm|Lg|MP|FG|FGA|3P|3PA|2P|2PA|FT|FTA|ORB|DRB|TRB|AST|STL|BLK|TOV|PF|PTS|GmSc
0|1976-77|20.0|BUF|NBA||14||||||15|18|||||||||39|
2|1977-78|21.0|IND|NBA||13|26.0|||||15|18|||19.0|8.0||||6.0|37|
3|1977-78|21.0|LAL|NBA||14||||||15|18|||||||||37|
4|1978-79|22.0|LAL|NBA||14||||||14|17|||||||||40|
5|1979-80|23.0|UTA|NBA||21||0.0||||17|18|||||||||50|
6|1980-81|24.0|UTA|NBA||24||1.0||||26|29|||||||||55|
7|1981-82|25.0|UTA|NBA||19||1.0||||16|21|||||||||53|
8|1982-83|26.0|UTA|NBA||20||0.0||||17|22|||||||||57|
9|1983-84|27.0|UTA|NBA||16|28.0|1.0|1.0|16.0|28.0|28|31|||12.0|10.0|3.0|1.0|7.0|5.0|47|
10|1984-85|28.0|UTA|NBA||18|29.0|0.0|0.0|18.0|29.0|17|21|13.0|10.0|17.0|10.0|4.0|2.0|7.0|5.0|42|37.5
11|1985-86|29.0|UTA|NBA||20|28.0|1.0|2.0|20.0|28.0|17|21|7.0|8.0|11.0|9.0|3.0|1.0|6.0|6.0|47|38.5
12|1986-87|30.0|DET|NBA||17|27.0|1.0|2.0|17.0|27.0|18|20|4.0|8.0|10.0|5.0|3.0|1.0|5.0|6.0|41|29.6
13|1987-88|31.0|DET|NBA||14|23.0|0.0|1.0|14.0|23.0|19|22|5.0|6.0|10.0|8.0|4.0|2.0|6.0|5.0|45|36.5
15|1988-89|32.0|DET|NBA||13|20.0|0.0|0.0|13.0|20.0|18|21|5.0|10.0|13.0|8.0|3.0|2.0|5.0|6.0|35|34.1
16|1988-89|32.0|DAL|NBA||12|21.0|0.0|1.0|12.0|21.0|18|21|5.0|7.0|10.0|5.0|4.0|1.0|5.0|5.0|34|27.3
17|1989-90|33.0|DAL|NBA||11|18.0|0.0|1.0|11.0|18.0|11|13|5.0|8.0|10.0|7.0|2.0|2.0|4.0|5.0|30|24.4
18|1990-91|34.0|MIL|NBA||5|11.0|1.0|2.0|5.0|10.0|5|6|3.0|2.0|5.0|3.0|2.0|0.0|2.0|3.0|16|10.5
