|Season|Age|Tm|Lg|Pos|G|GS|MP|FG|FGA|FG%|3P|3PA|3P%|2P|2PA|2P%|eFG%|FT|FTA|FT%|ORB|DRB|TRB|AST|STL|BLK|TOV|PF|PTS
0|1976-77|20.0|BUF|NBA|SF|77.0||2816.0|544.0|1046.0|0.52||||544.0|1046.0|0.52|0.52|476.0|582.0|0.818|251.0|336.0|587.0|144.0|91.0|15.0||215.0|1564.0
2|1977-78|21.0|IND|NBA|SF|23.0||948.0|201.0|403.0|0.499||||201.0|403.0|0.499|0.499|207.0|263.0|0.787|94.0|122.0|216.0|65.0|48.0|17.0|67.0|76.0|609.0
3|1977-78|21.0|LAL|NBA|SF|56.0||1985.0|377.0|725.0|0.52||||377.0|725.0|0.52|0.52|334.0|417.0|0.8009999999999999|171.0|233.0|404.0|188.0|70.0|7.0|161.0|157.0|1088.0
4|1978-79|22.0|LAL|NBA|SF|60.0||1775.0|374.0|733.0|0.51||||374.0|733.0|0.51|0.51|292.0|342.0|0.8540000000000001|131.0|211.0|342.0|138.0|63.0|12.0|155.0|162.0|1040.0
5|1979-80|23.0|UTA|NBA|SF|68.0||2674.0|730.0|1267.0|0.5760000000000001|0.0|2.0|0.0|730.0|1265.0|0.5770000000000001|0.5760000000000001|443.0|526.0|0.8420000000000001|183.0|333.0|516.0|191.0|96.0|14.0|233.0|211.0|1903.0
6|1980-81|24.0|UTA|NBA|SF|80.0||3417.0|909.0|1627.0|0.5589999999999999|2.0|7.0|0.28600000000000003|907.0|1620.0|0.56|0.5589999999999999|632.0|784.0|0.8059999999999999|192.0|317.0|509.0|322.0|109.0|18.0|282.0|245.0|2452.0
7|1981-82|25.0|UTA|NBA|SF|81.0|81.0|3222.0|904.0|1586.0|0.57|1.0|3.0|0.33299999999999996|903.0|1583.0|0.57|0.57|648.0|818.0|0.792|231.0|283.0|514.0|324.0|95.0|14.0|299.0|252.0|2457.0
8|1982-83|26.0|UTA|NBA|SF|22.0|22.0|887.0|233.0|402.0|0.58|0.0|0.0||233.0|402.0|0.58|0.58|210.0|248.0|0.847|58.0|82.0|140.0|105.0|20.0|0.0|81.0|62.0|676.0
9|1983-84|27.0|UTA|NBA|SF|79.0|79.0|2984.0|802.0|1438.0|0.5579999999999999|1.0|4.0|0.25|801.0|1434.0|0.5589999999999999|0.5579999999999999|813.0|946.0|0.8590000000000001|179.0|269.0|448.0|310.0|61.0|4.0|263.0|201.0|2418.0
10|1984-85|28.0|UTA|NBA|SF|55.0|46.0|1971.0|512.0|964.0|0.531|0.0|0.0||512.0|964.0|0.531|0.531|438.0|545.0|0.804|148.0|175.0|323.0|186.0|57.0|8.0|171.0|133.0|1462.0
11|1985-86|29.0|UTA|NBA|SF|76.0|75.0|2744.0|818.0|1453.0|0.563|1.0|11.0|0.091|817.0|1442.0|0.5670000000000001|0.563|630.0|796.0|0.7909999999999999|178.0|217.0|395.0|264.0|64.0|4.0|231.0|206.0|2267.0
12|1986-87|30.0|DET|NBA|SF|81.0|81.0|2736.0|601.0|1126.0|0.534|1.0|6.0|0.16699999999999998|600.0|1120.0|0.536|0.534|539.0|664.0|0.812|104.0|228.0|332.0|162.0|63.0|7.0|181.0|193.0|1742.0
13|1987-88|31.0|DET|NBA|SF|69.0|50.0|2144.0|444.0|863.0|0.514|0.0|2.0|0.0|444.0|861.0|0.516|0.514|492.0|572.0|0.86|84.0|143.0|227.0|171.0|39.0|10.0|135.0|144.0|1380.0
15|1988-89|32.0|DET|NBA|SF|42.0|42.0|1341.0|258.0|495.0|0.521|0.0|0.0||258.0|495.0|0.521|0.521|256.0|305.0|0.8390000000000001|53.0|111.0|164.0|93.0|23.0|6.0|81.0|99.0|772.0
16|1988-89|32.0|DAL|NBA|SF|31.0|25.0|1081.0|212.0|459.0|0.462|0.0|1.0|0.0|212.0|458.0|0.46299999999999997|0.462|204.0|263.0|0.7759999999999999|64.0|89.0|153.0|78.0|20.0|7.0|82.0|87.0|628.0
17|1989-90|33.0|DAL|NBA|SF|45.0|45.0|1300.0|231.0|484.0|0.47700000000000004|0.0|2.0|0.0|231.0|482.0|0.479|0.47700000000000004|200.0|254.0|0.787|78.0|94.0|172.0|80.0|20.0|7.0|75.0|99.0|662.0
18|1990-91|34.0|MIL|NBA|SF|10.0|0.0|126.0|19.0|50.0|0.38|1.0|3.0|0.33299999999999996|18.0|47.0|0.38299999999999995|0.39|18.0|26.0|0.6920000000000001|8.0|5.0|13.0|9.0|5.0|0.0|6.0|8.0|57.0
