|Season|Age|Tm|Lg|Pos|G|GS|MP|FG|FGA|FG%|3P|3PA|3P%|2P|2PA|2P%|FT|FTA|FT%|ORB|DRB|TRB|AST|STL|BLK|TOV|PF|PTS
1|1997-98|21.0|BOS|NBA|PG|51.0|44.0|1296.0|4.9|12.6|0.39|1.8|5.2|0.33899999999999997|3.1|7.4|0.426|4.1|5.0|0.8170000000000001|1.1|2.0|3.1|6.0|2.1|0.1|3.3|3.3|15.7
2|1997-98|21.0|TOR|NBA|PG|29.0|26.0|920.0|4.0|11.5|0.349|1.7|5.3|0.316|2.3|6.2|0.377|3.1|3.4|0.919|0.9|2.2|3.0|3.8|1.2|0.1|2.2|2.1|12.8
3|1998-99|22.0|DEN|NBA|SG|45.0|41.0|1488.0|4.6|12.0|0.386|2.1|5.7|0.36200000000000004|2.6|6.3|0.408|3.8|4.2|0.9129999999999999|0.6|1.7|2.3|4.2|1.4|0.3|2.4|2.8|15.1
4|1999-00|23.0|DEN|NBA|SG|13.0|5.0|305.0|4.0|11.9|0.337|0.8|4.8|0.171|3.2|7.1|0.45|4.4|5.2|0.841|0.9|3.1|4.0|4.6|1.2|0.2|2.8|3.2|13.2
5|2000-01|24.0|MIN|NBA|SG|77.0|33.0|1790.0|5.0|11.8|0.42200000000000004|1.5|3.9|0.376|3.5|7.9|0.445|2.9|3.4|0.8420000000000001|0.6|2.5|3.2|5.2|1.0|0.2|2.2|3.6|14.3
6|2001-02|25.0|MIN|NBA|PG|82.0|54.0|2355.0|5.3|12.6|0.423|1.9|4.8|0.39399999999999996|3.4|7.8|0.441|3.2|3.6|0.885|0.5|2.9|3.5|6.9|1.0|0.3|2.1|2.6|15.7
7|2002-03|26.0|DET|NBA|PG|74.0|74.0|2327.0|5.7|13.5|0.42100000000000004|2.3|5.9|0.392|3.4|7.6|0.44299999999999995|4.9|5.6|0.878|0.6|3.6|4.2|4.4|1.0|0.2|2.1|2.1|18.5
8|2003-04|27.0|DET|NBA|PG|78.0|78.0|2758.0|5.1|13.0|0.39399999999999996|1.7|4.4|0.38799999999999996|3.4|8.6|0.396|5.3|6.0|0.878|0.5|3.1|3.6|5.8|1.1|0.1|2.5|2.3|17.2
9|2004-05|28.0|DET|NBA|PG|80.0|80.0|2866.0|5.1|11.5|0.442|2.1|4.9|0.426|3.0|6.6|0.45399999999999996|4.3|4.8|0.898|0.6|2.8|3.4|5.8|1.0|0.1|2.3|2.4|16.5
10|2005-06|29.0|DET|NBA|PG|81.0|81.0|2925.0|5.2|12.5|0.418|2.3|5.2|0.433|2.9|7.2|0.40700000000000003|5.7|6.4|0.894|0.5|2.6|3.1|8.6|0.9|0.1|2.1|2.0|18.4
11|2006-07|30.0|DET|NBA|PG|70.0|70.0|2533.0|4.9|11.6|0.42700000000000005|1.5|4.5|0.345|3.4|7.1|0.479|5.5|6.2|0.883|0.3|3.0|3.4|7.1|1.2|0.2|2.0|2.3|16.9
12|2007-08|31.0|DET|NBA|PG|78.0|78.0|2522.0|5.6|12.5|0.44799999999999995|2.0|4.9|0.401|3.7|7.6|0.479|5.7|6.2|0.9179999999999999|0.6|2.4|3.0|7.6|1.4|0.2|2.3|1.9|18.9
14|2008-09|32.0|DET|NBA|PG|2.0|2.0|70.0|3.6|10.8|0.33299999999999996|1.0|3.6|0.28600000000000003|2.6|7.2|0.35700000000000004|4.6|5.1|0.9|0.5|4.6|5.1|7.7|1.5|0.5|2.1|1.5|12.9
15|2008-09|32.0|DEN|NBA|PG|77.0|77.0|2719.0|5.3|12.7|0.42|2.1|5.2|0.41|3.2|7.5|0.42700000000000005|5.4|5.9|0.9129999999999999|0.4|2.6|3.0|6.5|1.2|0.2|2.3|2.1|18.2
16|2009-10|33.0|DEN|NBA|PG|73.0|73.0|2490.0|5.8|13.9|0.418|2.3|5.9|0.386|3.5|8.0|0.441|6.7|7.4|0.91|0.4|2.9|3.3|5.9|1.2|0.1|2.6|2.2|20.6
18|2010-11|34.0|DEN|NBA|PG|51.0|51.0|1646.0|5.1|11.7|0.43799999999999994|2.3|5.2|0.441|2.8|6.5|0.436|5.8|6.3|0.9229999999999999|0.3|2.5|2.7|5.9|1.1|0.3|2.8|2.1|18.4
19|2010-11|34.0|NYK|NBA|PG|21.0|21.0|664.0|5.6|14.0|0.40299999999999997|2.2|6.8|0.32799999999999996|3.4|7.2|0.474|6.5|7.2|0.902|0.7|2.8|3.5|6.3|1.0|0.1|2.6|2.8|20.0
20|2011-12|35.0|LAC|NBA|SG|20.0|20.0|607.0|4.9|13.5|0.364|2.8|7.4|0.384|2.1|6.1|0.34|5.0|5.6|0.895|0.2|2.7|3.0|4.7|0.5|0.2|2.3|2.4|17.7
21|2012-13|36.0|LAC|NBA|SG|22.0|22.0|418.0|4.6|11.4|0.402|2.8|7.8|0.36700000000000005|1.7|3.6|0.47600000000000003|3.9|4.1|0.938|0.2|2.6|2.8|4.2|1.0|0.1|2.2|2.2|15.8
22|2013-14|37.0|DET|NBA|SG|19.0|7.0|309.0|2.8|9.2|0.304|1.6|5.6|0.292|1.2|3.6|0.32299999999999995|1.2|1.4|0.833|0.5|2.8|3.3|4.9|0.9|0.1|2.9|2.9|8.4
