|Season|Age|Tm|Lg|Pos|G|GS|MP|FG|FGA|FG%|3P|3PA|3P%|2P|2PA|2P%|eFG%|FT|FTA|FT%|ORB|DRB|TRB|AST|STL|BLK|TOV|PF|PTS
1|1997-98|21.0|BOS|NBA|PG|51.0|44.0|1296.0|177.0|454.0|0.39|64.0|189.0|0.33899999999999997|113.0|265.0|0.426|0.46|147.0|180.0|0.8170000000000001|40.0|73.0|113.0|217.0|77.0|2.0|118.0|118.0|565.0
2|1997-98|21.0|TOR|NBA|PG|29.0|26.0|920.0|103.0|295.0|0.349|43.0|136.0|0.316|60.0|159.0|0.377|0.42200000000000004|79.0|86.0|0.919|22.0|55.0|77.0|97.0|30.0|2.0|56.0|54.0|328.0
3|1998-99|22.0|DEN|NBA|SG|45.0|41.0|1488.0|191.0|495.0|0.386|85.0|235.0|0.36200000000000004|106.0|260.0|0.408|0.47200000000000003|157.0|172.0|0.9129999999999999|24.0|72.0|96.0|173.0|58.0|14.0|98.0|115.0|624.0
4|1999-00|23.0|DEN|NBA|SG|13.0|5.0|305.0|34.0|101.0|0.337|7.0|41.0|0.171|27.0|60.0|0.45|0.371|37.0|44.0|0.841|8.0|26.0|34.0|39.0|10.0|2.0|24.0|27.0|112.0
5|2000-01|24.0|MIN|NBA|SG|77.0|33.0|1790.0|248.0|587.0|0.42200000000000004|73.0|194.0|0.376|175.0|393.0|0.445|0.485|144.0|171.0|0.8420000000000001|32.0|126.0|158.0|260.0|51.0|11.0|111.0|178.0|713.0
6|2001-02|25.0|MIN|NBA|PG|82.0|54.0|2355.0|348.0|823.0|0.423|124.0|315.0|0.39399999999999996|224.0|508.0|0.441|0.498|207.0|234.0|0.885|35.0|191.0|226.0|450.0|66.0|17.0|138.0|169.0|1027.0
7|2002-03|26.0|DET|NBA|PG|74.0|74.0|2327.0|366.0|870.0|0.42100000000000004|149.0|380.0|0.392|217.0|490.0|0.44299999999999995|0.506|318.0|362.0|0.878|38.0|235.0|273.0|287.0|63.0|15.0|134.0|136.0|1199.0
8|2003-04|27.0|DET|NBA|PG|78.0|78.0|2758.0|392.0|996.0|0.39399999999999996|130.0|335.0|0.38799999999999996|262.0|661.0|0.396|0.45899999999999996|404.0|460.0|0.878|35.0|241.0|276.0|446.0|84.0|8.0|189.0|177.0|1318.0
9|2004-05|28.0|DET|NBA|PG|80.0|80.0|2866.0|404.0|913.0|0.442|165.0|387.0|0.426|239.0|526.0|0.45399999999999996|0.5329999999999999|343.0|382.0|0.898|48.0|223.0|271.0|464.0|81.0|9.0|180.0|194.0|1316.0
10|2005-06|29.0|DET|NBA|PG|81.0|81.0|2925.0|423.0|1012.0|0.418|184.0|425.0|0.433|239.0|587.0|0.40700000000000003|0.509|465.0|520.0|0.894|41.0|211.0|252.0|699.0|71.0|8.0|170.0|160.0|1495.0
11|2006-07|30.0|DET|NBA|PG|70.0|70.0|2533.0|348.0|815.0|0.42700000000000005|109.0|316.0|0.345|239.0|499.0|0.479|0.494|386.0|437.0|0.883|23.0|214.0|237.0|502.0|84.0|17.0|140.0|161.0|1191.0
12|2007-08|31.0|DET|NBA|PG|78.0|78.0|2522.0|393.0|877.0|0.44799999999999995|137.0|342.0|0.401|256.0|535.0|0.479|0.526|401.0|437.0|0.9179999999999999|42.0|170.0|212.0|529.0|101.0|17.0|160.0|130.0|1324.0
14|2008-09|32.0|DET|NBA|PG|2.0|2.0|70.0|7.0|21.0|0.33299999999999996|2.0|7.0|0.28600000000000003|5.0|14.0|0.35700000000000004|0.381|9.0|10.0|0.9|1.0|9.0|10.0|15.0|3.0|1.0|4.0|3.0|25.0
15|2008-09|32.0|DEN|NBA|PG|77.0|77.0|2719.0|403.0|959.0|0.42|160.0|390.0|0.41|243.0|569.0|0.42700000000000005|0.504|409.0|448.0|0.9129999999999999|31.0|198.0|229.0|491.0|90.0|17.0|173.0|158.0|1375.0
16|2009-10|33.0|DEN|NBA|PG|73.0|73.0|2490.0|402.0|962.0|0.418|157.0|407.0|0.386|245.0|555.0|0.441|0.499|466.0|512.0|0.91|25.0|203.0|228.0|409.0|82.0|9.0|177.0|153.0|1427.0
18|2010-11|34.0|DEN|NBA|PG|51.0|51.0|1646.0|235.0|536.0|0.43799999999999994|105.0|238.0|0.441|130.0|298.0|0.436|0.536|265.0|287.0|0.9229999999999999|12.0|113.0|125.0|271.0|52.0|12.0|129.0|94.0|840.0
19|2010-11|34.0|NYK|NBA|PG|21.0|21.0|664.0|104.0|258.0|0.40299999999999997|41.0|125.0|0.32799999999999996|63.0|133.0|0.474|0.483|119.0|132.0|0.902|13.0|52.0|65.0|116.0|19.0|2.0|48.0|52.0|368.0
20|2011-12|35.0|LAC|NBA|SG|20.0|20.0|607.0|83.0|228.0|0.364|48.0|125.0|0.384|35.0|103.0|0.34|0.469|85.0|95.0|0.895|4.0|46.0|50.0|80.0|9.0|3.0|38.0|40.0|299.0
21|2012-13|36.0|LAC|NBA|SG|22.0|22.0|418.0|53.0|132.0|0.402|33.0|90.0|0.36700000000000005|20.0|42.0|0.47600000000000003|0.527|45.0|48.0|0.938|2.0|30.0|32.0|49.0|12.0|1.0|26.0|25.0|184.0
22|2013-14|37.0|DET|NBA|SG|19.0|7.0|309.0|24.0|79.0|0.304|14.0|48.0|0.292|10.0|31.0|0.32299999999999995|0.392|10.0|12.0|0.833|4.0|24.0|28.0|42.0|8.0|1.0|25.0|25.0|72.0
