player_id|Rk|Unnamed: 1|Age|G|GS|MP|FG|FGA|FG%|FT|FTA|FT%|TRB|AST|PF|PTS|player_id
lucasje01|1|Jerry Lucas|27|82||3619|707|1361|0.519|346|445|0.778|1560|251|243|1760|lucasje01
smithad01|2|Adrian Smith|31|82||2783|480|1035|0.46399999999999997|320|386|0.8290000000000001|185|272|259|1280|smithad01
roberos01|3|Oscar Robertson|29|65||2765|660|1321|0.5|576|660|0.873|391|633|199|1896|roberos01
dierkco01|4|Connie Dierking|31|81||2637|544|1164|0.467|237|310|0.765|766|191|315|1325|dierkco01
hairsha01|5|Happy Hairston|25|48||1625|317|630|0.503|203|296|0.6859999999999999|355|58|127|837|hairsha01
rodgegu01|6|Guy Rodgers|32|75||1417|132|372|0.355|98|122|0.8029999999999999|136|352|156|362|rodgegu01
lovebo01|7|Bob Love|25|72||1068|193|455|0.424|78|114|0.684|209|55|141|464|lovebo01
weslewa01|8|Walt Wesley|23|66||918|188|404|0.465|76|152|0.5|281|34|168|452|weslewa01
dinwibi01|9|Bill Dinwiddie|24|67||871|141|358|0.39399999999999996|62|102|0.608|237|31|122|344|dinwibi01
tresvjo01|10|John Tresvant|28|30||802|121|270|0.44799999999999995|67|106|0.632|169|46|105|309|tresvjo01
vanarto01|11|Tom Van Arsdale|24|27||682|97|238|0.408|87|116|0.75|93|76|83|281|vanarto01
grayga01|12|Gary Gray|22|44||276|49|134|0.366|7|10|0.7|23|26|48|105|grayga01
foxji01|13|Jim Fox|24|31||244|32|79|0.405|36|56|0.643|95|12|34|100|foxji01
chapple01|14|Len Chappell|27|10||65|15|30|0.5|8|10|0.8|15|5|6|38|chapple01
jacksal01|15|Al Jackson|24|2||17|0|3|0.0|0|0||0|1|6|0|jacksal01
robinfl01|16|Flynn Robinson|26|2||16|3|10|0.3|3|7|0.429|4|5|4|9|robinfl01
