|Season|Age|Tm|Lg|Pos|G|MP|PER|TS%|3PAr|FTr|ORB%|DRB%|TRB%|AST%|STL%|BLK%|TOV%|USG%|OWS|DWS|WS|WS/48|OBPM|DBPM|BPM|VORP
0|2007-08|25.0|MIA|NBA|PF|24.0|498.0|8.8|0.521|0.0|0.8170000000000001|9.0|13.4|11.2|0.9|1.0|5.0|17.2|9.4|0.1|0.4|0.6|0.054000000000000006|-4.8|1.4|-3.4|-0.2
1|2008-09|26.0|MIA|NBA|C|65.0|1048.0|9.3|0.521|0.0|0.39|10.1|12.4|11.2|3.7|1.0|7.2|22.9|8.0|0.4|1.4|1.7|0.079|-4.0|4.1|0.2|0.6
2|2009-10|27.0|MIA|NBA|C|80.0|1322.0|10.2|0.546|0.0|0.579|11.0|11.1|11.1|1.3|0.8|6.7|18.4|8.7|1.0|2.0|3.1|0.111|-3.1|3.5|0.4|0.8
3|2010-11|28.0|MIA|NBA|C|75.0|1463.0|7.3|0.583|0.0|0.737|9.0|12.4|10.8|2.2|0.4|5.0|21.5|5.3|1.2|2.1|3.3|0.107|-2.2|3.1|0.9|1.1
4|2011-12|29.0|MIA|NBA|C|64.0|1349.0|10.3|0.598|0.0|0.467|9.2|12.8|11.1|1.0|1.4|5.1|19.7|7.8|1.2|2.2|3.4|0.122|-2.1|2.8|0.7|0.9
5|2012-13|30.0|MIA|NBA|C|62.0|566.0|10.4|0.542|0.0|0.41200000000000003|10.4|14.4|12.5|3.1|1.2|6.1|21.5|8.6|0.4|0.8|1.2|0.1|-3.0|2.7|-0.3|0.2
7|2013-14|31.0|MIA|NBA|C|12.0|37.0|8.0|0.436|0.0|0.33299999999999996|7.1|16.4|11.9|0.0|0.0|9.4|12.7|10.2|0.0|0.0|0.0|0.049|-7.3|0.8|-6.6|0.0
8|2013-14|31.0|BOS|NBA|C|21.0|149.0|8.1|0.384|0.0|0.231|9.6|14.1|11.8|1.9|1.0|4.1|6.5|9.1|0.0|0.1|0.1|0.043|-5.3|1.1|-4.2|-0.1
9|2014-15|32.0|DET|NBA|C|49.0|406.0|14.7|0.607|0.0|0.355|8.2|17.0|12.4|1.8|1.5|9.5|14.3|9.1|0.5|0.7|1.2|0.142|-3.4|4.8|1.4|0.3
10|2015-16|33.0|DET|NBA|C|19.0|96.0|14.1|0.6659999999999999|0.0|0.8|8.8|15.4|11.9|1.4|1.1|9.5|12.9|7.0|0.2|0.2|0.4|0.177|-2.8|5.0|2.2|0.1
11|2016-17|34.0|SAS|NBA|C|19.0|122.0|11.6|0.64|0.0|0.5|7.6|20.9|14.4|3.4|0.8|4.0|17.0|8.7|0.1|0.2|0.4|0.141|-3.1|2.5|-0.6|0.0
