|Season|Age|Tm|Lg|Pos|G|MP|PER|TS%|3PAr|FTr|ORB%|DRB%|TRB%|AST%|STL%|BLK%|TOV%|USG%|OWS|DWS|WS|WS/48|OBPM|DBPM|BPM|VORP
0|1992-93|23.0|WSB|NBA|PG|45.0|990.0|11.8|0.51|0.04|0.251|2.8|9.4|6.0|23.3|1.5|0.4|16.7|18.5|0.1|0.4|0.6|0.027999999999999997|-2.3|-1.7|-4.0|-0.5
1|1993-94|24.0|WSB|NBA|PG|61.0|749.0|8.4|0.456|0.051|0.24100000000000002|2.9|8.0|5.4|17.7|1.4|0.1|18.4|16.8|-0.4|0.0|-0.4|-0.027999999999999997|-4.1|-2.8|-6.9|-0.9
2|1994-95|25.0|WSB|NBA|PG|82.0|1704.0|11.6|0.521|0.251|0.251|1.7|8.2|4.8|21.3|1.6|0.1|15.8|16.9|1.1|0.6|1.7|0.048|-1.5|-2.2|-3.7|-0.7
3|1995-96|26.0|DEN|NBA|PG|55.0|607.0|9.9|0.45|0.146|0.309|1.5|10.5|6.0|27.0|1.1|0.6|16.5|17.8|-0.1|0.4|0.2|0.02|-3.8|-2.3|-6.1|-0.6
4|1996-97|27.0|PHI|NBA|PG|61.0|634.0|13.2|0.514|0.21100000000000002|0.253|3.0|8.8|5.8|25.2|1.9|0.0|15.6|16.7|0.7|0.1|0.9|0.065|-1.4|-3.2|-4.6|-0.4
5|1997-98|28.0|PHI|NBA|PG|23.0|277.0|5.2|0.44299999999999995|0.048|0.254|0.8|5.0|2.9|21.2|1.5|0.3|24.7|15.1|-0.3|0.1|-0.2|-0.035|-5.8|-3.0|-8.8|-0.5
7|1998-99|29.0|ORL|NBA|PG|6.0|33.0|19.0|0.615|0.16699999999999998|0.5|3.5|3.6|3.5|17.5|1.6|0.0|17.0|24.2|0.1|0.0|0.1|0.185|0.8|-3.5|-2.8|0.0
8|1998-99|29.0|NJN|NBA|PG|8.0|174.0|10.6|0.507|0.07|0.24600000000000002|3.6|7.4|5.4|16.5|0.9|0.4|19.2|19.8|0.0|0.0|0.0|0.012|-2.9|-2.8|-5.6|-0.2
9|1998-99|29.0|PHI|NBA|PG|10.0|37.0|4.5|0.33299999999999996|0.067|0.0|0.0|6.4|3.1|19.8|1.5|0.0|11.8|20.8|-0.1|0.0|-0.1|-0.069|-7.1|-3.7|-10.7|-0.1
10|1999-00|30.0|BOS|NBA|PG|48.0|432.0|10.5|0.466|0.182|0.136|3.5|5.3|4.4|19.4|1.2|0.0|10.9|18.4|0.3|0.1|0.4|0.047|-1.8|-3.7|-5.5|-0.4
12|2000-01|31.0|BOS|NBA|PG|7.0|144.0|5.1|0.389|0.091|0.25|2.3|10.2|6.1|22.2|1.4|0.0|21.0|19.5|-0.3|0.1|-0.2|-0.075|-6.5|-2.5|-9.0|-0.3
13|2000-01|31.0|CHH|NBA|PG|2.0|15.0|1.9|1.0|0.0|0.0|0.0|0.0|0.0|0.0|3.6|0.0|60.0|15.4|-0.1|0.0|0.0|-0.126|-7.7|0.2|-7.5|0.0
14|2000-01|31.0|NJN|NBA|PG|12.0|316.0|8.9|0.436|0.344|0.054000000000000006|0.4|8.6|4.4|28.2|0.5|0.0|13.6|15.8|0.0|0.0|0.0|0.001|-2.3|-4.1|-6.4|-0.4
15|2001-02|32.0|LAC|NBA|PG|18.0|130.0|4.8|0.414|0.614|0.159|0.9|9.5|5.2|15.6|1.2|0.5|20.3|20.5|-0.3|0.1|-0.2|-0.077|-4.3|-3.1|-7.4|-0.2
17|2003-04|34.0|NJN|NBA|PG|6.0|22.0|8.8|0.45|0.0|0.25|0.0|5.4|2.7|31.5|2.4|0.0|18.4|23.2|0.0|0.0|0.0|0.026000000000000002|-5.8|-3.7|-9.5|0.0
18|2003-04|34.0|LAC|NBA|PG|55.0|1011.0|7.4|0.43200000000000005|0.09699999999999999|0.122|1.8|7.8|4.8|21.5|1.3|0.1|18.3|13.4|-0.2|-0.1|-0.4|-0.017|-3.2|-2.8|-6.0|-1.0
