|Season|Age|Tm|Lg|Pos|G|MP|FG%|Dist.|% of 2PA|% of 0-3|% of 3-10|% of 10-16|% of 16-3pt|% of 3P|2P %FG|0-3 %FG|3-10 %FG|10-16 %FG|16-3pt%FG|3P %FG|2P % Assisted|% of Dunks|Dunks Made|3P % Assisted|% of 3PA from Corner|Corner 3 %FG |Heaves Attempted|Heaves Made
0|2009-10|20.0|OKC|NBA|PF|6.0|153.0|0.5710000000000001|8.5|1.0|0.34299999999999997|0.22899999999999998|0.14300000000000002|0.28600000000000003|0.0|0.5710000000000001|0.75|0.625|0.6|0.3||0.65|0.14300000000000002|5.0||||0.0|0.0
1|2010-11|21.0|OKC|NBA|PF|17.0|490.0|0.462|10.0|0.993|0.331|0.172|0.138|0.35200000000000004|0.006999999999999999|0.465|0.688|0.28|0.4|0.373|0.0|0.687|0.11699999999999999|17.0||1.0|0.0|0.0|0.0
2|2011-12|22.0|OKC|NBA|PF|20.0|569.0|0.528|9.5|0.975|0.428|0.08199999999999999|0.151|0.314|0.025|0.535|0.706|0.462|0.667|0.26|0.25|0.7709999999999999|0.16399999999999998|26.0|1.0|0.5|0.0|0.0|0.0
3|2012-13|23.0|OKC|NBA|PF|11.0|366.0|0.43700000000000006|10.6|0.9329999999999999|0.326|0.133|0.207|0.267|0.067|0.43700000000000006|0.705|0.222|0.39299999999999996|0.25|0.444|0.5820000000000001|0.14800000000000002|16.0|1.0|0.889|0.375|0.0|0.0
4|2013-14|24.0|OKC|NBA|PF|17.0|581.0|0.5920000000000001|11.4|0.912|0.313|0.11599999999999999|0.122|0.361|0.08800000000000001|0.612|0.848|0.41200000000000003|0.5|0.509|0.385|0.768|0.136|20.0|1.0|0.9229999999999999|0.33299999999999996|0.0|0.0
5|2015-16|26.0|OKC|NBA|PF|18.0|602.0|0.521|17.0|0.5770000000000001|0.11699999999999999|0.12300000000000001|0.067|0.27|0.423|0.574|0.895|0.7|0.364|0.43200000000000005|0.449|0.759|0.055|9.0|1.0|0.42|0.414|0.0|0.0
6|2016-17|27.0|TOR|NBA|PF|10.0|307.0|0.462|14.7|0.708|0.185|0.131|0.162|0.231|0.292|0.522|0.792|0.41200000000000003|0.28600000000000003|0.5329999999999999|0.316|0.813|0.1|11.0|1.0|0.132|0.4|0.0|0.0
7|2017-18|28.0|TOR|NBA|PF|10.0|260.0|0.41700000000000004|14.8|0.667|0.139|0.19399999999999998|0.19399999999999998|0.139|0.33299999999999996|0.43799999999999994|0.7|0.5|0.14300000000000002|0.5|0.375|0.762|0.027999999999999997|2.0|1.0|0.125|0.33299999999999996|0.0|0.0
8|2018-19|29.0|TOR|NBA|C|24.0|500.0|0.47700000000000004|11.5|0.8029999999999999|0.301|0.218|0.114|0.171|0.19699999999999998|0.535|0.7240000000000001|0.5|0.455|0.303|0.237|0.7829999999999999|0.11900000000000001|18.0|0.889|0.158|0.33299999999999996|0.0|0.0
