|Season|Age|Tm|Lg|Pos|G|MP|FG%|Dist.|% of 2PA|% of 0-3|% of 3-10|% of 10-16|% of 16-3pt|% of 3P|2P %FG|0-3 %FG|3-10 %FG|10-16 %FG|16-3pt%FG|3P %FG|2P % Assisted|% of Dunks|Dunks Made|3P % Assisted|% of 3PA from Corner|Corner 3 %FG |Heaves Attempted|Heaves Made
0|2009-10|20.0|OKC|NBA|PF|73.0|1323.0|0.5429999999999999|6.3|0.995|0.46799999999999997|0.21899999999999997|0.168|0.141|0.005|0.5429999999999999|0.624|0.531|0.452|0.40399999999999997|0.5|0.65|0.159|51.0|1.0|0.5|1.0|0.0|0.0
1|2010-11|21.0|OKC|NBA|PF|82.0|2216.0|0.5429999999999999|8.2|0.998|0.40700000000000003|0.191|0.157|0.243|0.002|0.544|0.741|0.373|0.41200000000000003|0.433|0.0|0.6809999999999999|0.182|102.0||0.0||0.0|0.0
2|2011-12|22.0|OKC|NBA|PF|66.0|1792.0|0.535|8.7|0.9940000000000001|0.402|0.16899999999999998|0.12|0.302|0.006|0.536|0.711|0.42200000000000004|0.305|0.45899999999999996|0.33299999999999996|0.674|0.17800000000000002|83.0|1.0|0.33299999999999996|0.0|0.0|0.0
3|2012-13|23.0|OKC|NBA|PF|80.0|2486.0|0.573|10.5|0.927|0.33399999999999996|0.154|0.131|0.307|0.073|0.591|0.742|0.49200000000000005|0.588|0.47700000000000004|0.35100000000000003|0.746|0.135|97.0|0.95|0.912|0.365|0.0|0.0
4|2013-14|24.0|OKC|NBA|PF|81.0|2666.0|0.536|10.6|0.9390000000000001|0.327|0.15|0.152|0.309|0.061|0.546|0.731|0.381|0.49|0.457|0.38299999999999995|0.79|0.132|116.0|0.9570000000000001|0.8170000000000001|0.34700000000000003|0.0|0.0
5|2014-15|25.0|OKC|NBA|PF|64.0|2116.0|0.47600000000000003|14.4|0.7390000000000001|0.19699999999999998|0.132|0.11800000000000001|0.29100000000000004|0.261|0.511|0.6970000000000001|0.413|0.505|0.43200000000000005|0.376|0.741|0.064|46.0|0.987|0.18|0.405|0.0|0.0
6|2015-16|26.0|OKC|NBA|PF|78.0|2500.0|0.479|13.6|0.7879999999999999|0.196|0.129|0.12300000000000001|0.341|0.212|0.52|0.6709999999999999|0.5|0.486|0.45299999999999996|0.326|0.8370000000000001|0.075|61.0|0.983|0.527|0.35100000000000003|0.0|0.0
8|2016-17|27.0|ORL|NBA|PF|56.0|1710.0|0.488|14.5|0.696|0.171|0.18899999999999997|0.168|0.168|0.304|0.532|0.725|0.496|0.449|0.45799999999999996|0.38799999999999996|0.6729999999999999|0.048|32.0|0.976|0.061|0.231|0.0|0.0
9|2016-17|27.0|TOR|NBA|PF|23.0|712.0|0.45899999999999996|16.4|0.631|0.08199999999999999|0.19|0.201|0.158|0.369|0.494|0.7390000000000001|0.358|0.5|0.523|0.39799999999999996|0.644|0.011000000000000001|3.0|1.0|0.049|0.0|0.0|0.0
10|2017-18|28.0|TOR|NBA|PF|76.0|2093.0|0.483|15.1|0.621|0.162|0.154|0.154|0.151|0.379|0.5589999999999999|0.7240000000000001|0.479|0.521|0.5|0.36|0.6990000000000001|0.06|45.0|0.953|0.152|0.444|0.0|0.0
11|2018-19|29.0|TOR|NBA|C|74.0|2010.0|0.529|11.8|0.807|0.259|0.22899999999999998|0.152|0.168|0.193|0.586|0.758|0.517|0.474|0.517|0.29|0.7879999999999999|0.09|71.0|0.98|0.107|0.33299999999999996|0.0|0.0
