|Season|Age|Tm|Lg|Pos|G|MP|FG%|Dist.|% of 2PA|% of 0-3|% of 3-10|% of 10-16|% of 16-3pt|% of 3P|2P %FG|0-3 %FG|3-10 %FG|10-16 %FG|16-3pt%FG|3P %FG|2P % Assisted|% of Dunks|Dunks Made|3P % Assisted|% of 3PA from Corner|Corner 3 %FG |Heaves Attempted|Heaves Made
0|2000-01|21.0|MIL|NBA|SG|6.0|35.0|0.263|10.9|0.8420000000000001|0.368|0.053|0.21100000000000002|0.21100000000000002|0.158|0.313|0.429|0.0|0.0|0.5|0.0|0.6|0.0|0.0||0.33299999999999996|0.0|0.0|0.0
1|2001-02|22.0|MIL|NBA|SG|67.0|1417.0|0.483|14.2|0.675|0.251|0.10800000000000001|0.133|0.182|0.325|0.501|0.647|0.424|0.444|0.387|0.444|0.612|0.013000000000000001|8.0|0.932|0.414|0.488|1.0|0.0
2|2002-03|23.0|MIL|NBA|SG|82.0|2316.0|0.469|15.8|0.5720000000000001|0.213|0.084|0.10300000000000001|0.171|0.428|0.49200000000000005|0.667|0.42700000000000005|0.39|0.36700000000000005|0.43799999999999994|0.6890000000000001|0.009000000000000001|9.0|0.9179999999999999|0.315|0.366|0.0|0.0
3|2003-04|24.0|MIL|NBA|SG|82.0|3021.0|0.44|13.1|0.748|0.252|0.127|0.203|0.166|0.252|0.47|0.602|0.42100000000000004|0.414|0.377|0.35|0.563|0.024|32.0|0.9129999999999999|0.298|0.361|2.0|0.0
4|2004-05|25.0|MIL|NBA|SG|75.0|2848.0|0.441|13.8|0.7929999999999999|0.2|0.11|0.23800000000000002|0.24600000000000002|0.207|0.46299999999999997|0.59|0.321|0.42700000000000005|0.45799999999999996|0.355|0.516|0.016|20.0|0.865|0.314|0.37|0.0|0.0
5|2005-06|26.0|MIL|NBA|SG|80.0|3130.0|0.45|13.8|0.728|0.26899999999999996|0.08|0.15|0.22899999999999998|0.272|0.47100000000000003|0.5760000000000001|0.413|0.39899999999999997|0.41200000000000003|0.395|0.503|0.012|17.0|0.853|0.298|0.447|0.0|0.0
6|2006-07|27.0|MIL|NBA|SF|53.0|2036.0|0.465|13.2|0.701|0.305|0.10300000000000001|0.109|0.183|0.299|0.501|0.636|0.415|0.43799999999999994|0.36200000000000004|0.382|0.486|0.012|10.0|0.8290000000000001|0.301|0.457|0.0|0.0
7|2007-08|28.0|MIL|NBA|SG|72.0|2702.0|0.442|13.5|0.711|0.28|0.09699999999999999|0.147|0.187|0.289|0.475|0.555|0.467|0.43200000000000005|0.395|0.36200000000000004|0.39|0.003|3.0|0.792|0.203|0.493|0.0|0.0
8|2008-09|29.0|MIL|NBA|SG|33.0|1203.0|0.455|14.2|0.6509999999999999|0.265|0.091|0.11|0.185|0.349|0.503|0.655|0.52|0.35|0.366|0.366|0.45299999999999996|0.006999999999999999|4.0|0.9570000000000001|0.309|0.305|0.0|0.0
9|2009-10|30.0|MIL|NBA|SG|18.0|492.0|0.35200000000000004|13.5|0.718|0.258|0.146|0.099|0.21600000000000003|0.282|0.373|0.473|0.355|0.28600000000000003|0.304|0.3|0.439|0.009000000000000001|2.0|1.0|0.3|0.33299999999999996|0.0|0.0
10|2010-11|31.0|MIL|NBA|SG|10.0|134.0|0.4|16.5|0.622|0.111|0.156|0.067|0.289|0.37799999999999995|0.5|1.0|0.5710000000000001|0.0|0.385|0.235|0.5|0.0|0.0|1.0|0.529|0.222|0.0|0.0
11|2011-12|32.0|PHO|NBA|SG|51.0|770.0|0.4|15.9|0.633|0.14400000000000002|0.15|0.106|0.233|0.36700000000000005|0.447|0.654|0.315|0.526|0.369|0.318|0.49|0.003|1.0|0.976|0.41700000000000004|0.345|0.0|0.0
