|Season|Age|Tm|Lg|Pos|G|MP|PG%|SG%|SF%|PF%|C%|OnCourt|On-Off|BadPass|LostBall|Shoot|Off.|Shoot.1|Off..1|PGA|And1|Blkd
0|2008-09|20.0|LAC|NBA|C|53.0|771.0|0|0|0|6|94|-16.1|-7.6|7.0|13.0|53.0|11.0|48.0|4.0|27.0|11.0|13.0
1|2009-10|21.0|LAC|NBA|C|70.0|1137.0|0|0|0|28|72|-10.6|-5.0|18.0|17.0|90.0|13.0|57.0|6.0|51.0|10.0|22.0
2|2010-11|22.0|LAC|NBA|C|80.0|2047.0|0|0|0|3|97|-1.9|3.6|17.0|22.0|144.0|26.0|84.0|10.0|87.0|15.0|28.0
3|2011-12|23.0|LAC|NBA|C|66.0|1798.0|0|0|0|0|100|5.6|6.1|9.0|21.0|110.0|22.0|50.0|2.0|38.0|11.0|30.0
4|2012-13|24.0|LAC|NBA|C|82.0|2010.0|0|0|0|1|99|8.0|2.0|20.0|33.0|112.0|17.0|111.0|3.0|61.0|33.0|31.0
5|2013-14|25.0|LAC|NBA|C|82.0|2870.0|0|0|0|1|99|9.0|6.8|35.0|27.0|165.0|29.0|112.0|7.0|166.0|29.0|31.0
6|2014-15|26.0|LAC|NBA|C|82.0|2820.0|0|0|0|0|100|11.8|15.4|39.0|28.0|128.0|18.0|138.0|4.0|144.0|38.0|16.0
7|2015-16|27.0|LAC|NBA|C|77.0|2598.0|0|0|0|0|100|9.0|13.3|26.0|43.0|119.0|20.0|146.0|8.0|207.0|37.0|20.0
8|2016-17|28.0|LAC|NBA|C|81.0|2570.0|0|0|0|0|100|9.2|14.7|40.0|28.0|95.0|32.0|135.0|5.0|234.0|33.0|23.0
9|2017-18|29.0|LAC|NBA|C|77.0|2424.0|0|0|0|0|100|-2.4|-6.9|70.0|26.0|88.0|23.0|112.0|2.0|270.0|29.0|32.0
11|2018-19|30.0|DAL|NBA|C|50.0|1554.0|0|0|0|0|100|-1.3|0.7|52.0|21.0|60.0|25.0|71.0|3.0|229.0|13.0|22.0
12|2018-19|30.0|NYK|NBA|C|19.0|493.0|0|0|0|2|98|-19.9|-12.2|26.0|6.0|26.0|5.0|31.0|1.0|135.0|6.0|9.0
