|Season|Age|Tm|Lg|Pos|G|GS|MP|FG|FGA|FG%|3P|3PA|3P%|2P|2PA|2P%|eFG%|FT|FTA|FT%|ORB|DRB|TRB|AST|STL|BLK|TOV|PF|PTS
0|2008-09|20.0|LAC|NBA|C|53.0|13.0|14.5|1.8|2.8|0.633|0.0|0.0||1.8|2.8|0.633|0.633|0.8|2.1|0.385|1.4|3.1|4.5|0.2|0.2|1.1|0.8|1.8|4.3
1|2009-10|21.0|LAC|NBA|C|70.0|12.0|16.2|2.1|3.4|0.605|0.0|0.0|0.0|2.1|3.4|0.61|0.605|0.7|1.8|0.375|1.7|3.3|5.0|0.3|0.2|0.9|1.1|2.2|4.8
2|2010-11|22.0|LAC|NBA|C|80.0|66.0|25.6|2.9|4.3|0.6859999999999999|0.0|0.0|0.0|2.9|4.3|0.688|0.6859999999999999|1.2|2.7|0.452|2.6|4.6|7.2|0.5|0.5|1.8|1.3|3.2|7.1
3|2011-12|23.0|LAC|NBA|C|66.0|66.0|27.2|3.1|4.9|0.632|0.0|0.0|0.0|3.1|4.9|0.634|0.632|1.1|2.1|0.525|3.1|5.2|8.3|0.3|0.5|2.0|1.1|2.9|7.4
4|2012-13|24.0|LAC|NBA|C|82.0|82.0|24.5|3.8|6.0|0.643|0.0|0.0||3.8|6.0|0.643|0.643|1.2|3.0|0.386|2.6|4.7|7.2|0.3|0.6|1.4|1.2|2.3|8.8
5|2013-14|25.0|LAC|NBA|C|82.0|82.0|35.0|4.2|6.3|0.6759999999999999|0.0|0.0||4.2|6.3|0.6759999999999999|0.6759999999999999|2.0|4.6|0.428|4.0|9.5|13.6|0.9|1.0|2.5|1.5|3.2|10.4
6|2014-15|26.0|LAC|NBA|C|82.0|82.0|34.4|4.6|6.5|0.71|0.0|0.0|0.25|4.6|6.5|0.713|0.711|2.3|5.7|0.397|4.8|10.1|15.0|0.7|1.0|2.2|1.3|3.0|11.5
7|2015-16|27.0|LAC|NBA|C|77.0|77.0|33.7|4.6|6.6|0.703|0.0|0.0|0.0|4.6|6.6|0.7040000000000001|0.703|3.5|8.0|0.43|3.5|10.3|13.8|1.2|0.7|2.3|1.4|2.7|12.7
8|2016-17|28.0|LAC|NBA|C|81.0|81.0|31.7|5.1|7.1|0.7140000000000001|0.0|0.0|0.0|5.1|7.1|0.7170000000000001|0.7140000000000001|2.5|5.2|0.48200000000000004|3.7|10.1|13.8|1.2|0.6|1.7|1.4|2.6|12.7
9|2017-18|29.0|LAC|NBA|C|77.0|77.0|31.5|4.8|7.5|0.645|0.0|0.0||4.8|7.5|0.645|0.645|2.4|4.1|0.58|4.3|10.9|15.2|1.5|0.5|0.9|1.8|2.6|12.0
11|2018-19|30.0|DAL|NBA|C|50.0|50.0|31.1|4.2|6.5|0.644|0.0|0.0||4.2|6.5|0.644|0.644|2.7|4.0|0.682|3.2|10.5|13.7|2.0|0.7|1.1|2.2|2.5|11.0
12|2018-19|30.0|NYK|NBA|C|19.0|19.0|25.9|4.1|6.5|0.634|0.0|0.0||4.1|6.5|0.634|0.634|2.7|3.5|0.773|3.4|8.0|11.4|3.0|0.5|1.1|2.2|2.2|10.9
