|Season|Age|Tm|Lg|Pos|G|MP|FG%|Dist.|% of 2PA|% of 0-3|% of 3-10|% of 10-16|% of 16-3pt|% of 3P|2P %FG|0-3 %FG|3-10 %FG|10-16 %FG|16-3pt%FG|3P %FG|2P % Assisted|% of Dunks|Dunks Made|3P % Assisted|% of 3PA from Corner|Corner 3 %FG |Heaves Attempted|Heaves Made
0|2008-09|20.0|LAC|NBA|C|53.0|771.0|0.633|1.1|1.0|0.85|0.129|0.013999999999999999|0.006999999999999999|0.0|0.633|0.696|0.316|0.0|0.0||0.677|0.503|60.0||||0.0|0.0
1|2009-10|21.0|LAC|NBA|C|70.0|1137.0|0.605|1.4|0.992|0.861|0.08800000000000001|0.034|0.008|0.008|0.61|0.639|0.524|0.25|0.0|0.0|0.66|0.43700000000000006|93.0||0.0||0.0|0.0
2|2010-11|22.0|LAC|NBA|C|80.0|2047.0|0.6859999999999999|2.1|0.997|0.8059999999999999|0.185|0.003|0.003|0.003|0.688|0.745|0.46|0.0|0.0|0.0|0.667|0.513|158.0||0.0||0.0|0.0
3|2011-12|23.0|LAC|NBA|C|66.0|1798.0|0.632|2.6|0.997|0.7879999999999999|0.18100000000000002|0.018000000000000002|0.009000000000000001|0.003|0.634|0.6729999999999999|0.475|0.5|0.667|0.0|0.66|0.521|141.0||1.0|0.0|0.0|0.0
4|2012-13|24.0|LAC|NBA|C|82.0|2010.0|0.643|2.8|1.0|0.701|0.27699999999999997|0.013999999999999999|0.008|0.0|0.643|0.716|0.489|0.429|0.0||0.672|0.41200000000000003|179.0||||0.0|0.0
5|2013-14|25.0|LAC|NBA|C|82.0|2870.0|0.6759999999999999|2.1|1.0|0.8170000000000001|0.179|0.004|0.0|0.0|0.6759999999999999|0.7170000000000001|0.489|0.5|||0.7440000000000001|0.536|245.0||||0.0|0.0
6|2014-15|26.0|LAC|NBA|C|82.0|2820.0|0.71|1.2|0.993|0.9179999999999999|0.071|0.002|0.0|0.006999999999999999|0.713|0.7390000000000001|0.368|1.0||0.25|0.69|0.532|252.0|0.0|0.0||0.0|0.0
7|2015-16|27.0|LAC|NBA|C|77.0|2598.0|0.703|1.2|0.998|0.835|0.154|0.006|0.0|0.002|0.7040000000000001|0.769|0.385|0.33299999999999996||0.0|0.782|0.486|227.0||0.0||0.0|0.0
8|2016-17|28.0|LAC|NBA|C|81.0|2570.0|0.7140000000000001|1.3|0.997|0.877|0.12|0.0|0.0|0.003|0.7170000000000001|0.753|0.449|||0.0|0.723|0.47700000000000004|253.0||0.0||0.0|0.0
9|2017-18|29.0|LAC|NBA|C|77.0|2424.0|0.645|1.3|1.0|0.843|0.145|0.005|0.002|0.0|0.645|0.7020000000000001|0.35700000000000004|0.33299999999999996|0.0||0.665|0.401|212.0||||0.0|0.0
11|2018-19|30.0|DAL|NBA|C|50.0|1554.0|0.644|2.0|1.0|0.836|0.142|0.012|0.009000000000000001|0.0|0.644|0.7070000000000001|0.37|0.0|0.0||0.74|0.467|128.0||||0.0|0.0
12|2018-19|30.0|NYK|NBA|C|19.0|493.0|0.634|2.3|1.0|0.7559999999999999|0.21100000000000002|0.024|0.008|0.0|0.634|0.6990000000000001|0.462|0.33299999999999996|0.0||0.6409999999999999|0.358|39.0||||0.0|0.0
