|Season|Age|Tm|Lg|Pos|G|GS|MP|FG|FGA|FG%|3P|3PA|3P%|2P|2PA|2P%|FT|FTA|FT%|ORB|DRB|TRB|AST|STL|BLK|TOV|PF|PTS|ORtg|DRtg
0|1990-91|21.0|PHO|NBA|SF|63.0|0.0|730.0|13.3|27.3|0.48700000000000004|0.1|0.4|0.16699999999999998|13.2|26.9|0.49200000000000005|7.2|10.8|0.6629999999999999|5.0|4.8|9.8|2.3|1.4|0.3|4.5|4.6|33.8|104.0|109.0
1|1991-92|22.0|PHO|NBA|SF|64.0|4.0|725.0|11.7|24.3|0.48200000000000004|0.1|0.4|0.16699999999999998|11.7|23.9|0.48700000000000004|7.3|9.9|0.736|4.0|6.1|10.1|3.3|1.1|0.7|4.7|3.5|30.8|104.0|108.0
2|1992-93|23.0|PHO|NBA|SF|74.0|46.0|1607.0|11.4|19.8|0.5760000000000001|0.0|0.1|0.0|11.4|19.8|0.5770000000000001|5.6|7.7|0.725|5.1|7.1|12.2|2.3|1.6|0.8|3.2|3.1|28.4|120.0|107.0
3|1993-94|24.0|PHO|NBA|SF|53.0|43.0|1602.0|13.2|24.6|0.535|0.0|0.3|0.0|13.2|24.3|0.541|5.0|6.8|0.7240000000000001|4.7|5.9|10.7|2.8|1.8|0.7|2.9|3.8|31.3|115.0|108.0
4|1994-95|25.0|LAL|NBA|SF|58.0|54.0|2029.0|12.4|24.3|0.509|1.4|3.6|0.397|10.9|20.7|0.528|5.2|7.3|0.716|4.2|7.3|11.5|2.6|1.5|0.5|3.6|3.3|31.3|111.0|110.0
5|1995-96|26.0|LAL|NBA|SF|78.0|71.0|2628.0|12.6|23.8|0.53|1.0|3.6|0.27699999999999997|11.6|20.1|0.5760000000000001|6.5|8.1|0.804|4.3|6.3|10.6|2.4|1.9|0.4|3.3|2.8|32.7|117.0|107.0
7|1996-97|27.0|LAL|NBA|SF|8.0|8.0|279.0|6.4|15.7|0.41|0.9|4.0|0.23800000000000002|5.5|11.7|0.46799999999999997|2.5|2.8|0.867|2.1|7.9|10.0|2.8|0.9|1.1|3.2|3.6|16.2|95.0|105.0
8|1996-97|27.0|PHO|NBA|SF|42.0|32.0|1147.0|11.1|24.0|0.46399999999999997|0.9|3.6|0.259|10.2|20.3|0.501|5.7|7.7|0.737|4.1|8.4|12.4|2.2|1.3|0.8|3.1|4.2|28.9|105.0|108.0
10|1997-98|28.0|PHO|NBA|SF|35.0|16.0|626.0|10.8|21.6|0.5|1.3|4.2|0.3|9.6|17.4|0.5479999999999999|5.0|7.0|0.7140000000000001|4.3|8.2|12.5|2.9|1.8|0.7|3.3|4.9|27.9|110.0|101.0
11|1997-98|28.0|DAL|NBA|SF|12.0|9.0|364.0|11.0|23.0|0.478|0.9|2.9|0.3|10.1|20.1|0.504|6.9|8.9|0.77|3.5|7.0|10.6|3.7|1.6|1.2|4.8|4.3|29.8|104.0|107.0
12|1998-99|29.0|DAL|NBA|SF|13.0|5.0|352.0|9.0|21.4|0.42100000000000004|1.7|4.3|0.39299999999999996|7.4|17.2|0.429|5.2|7.5|0.6940000000000001|3.5|9.5|13.0|1.8|1.1|0.8|4.3|3.5|25.0|97.0|104.0
13|1999-00|30.0|DAL|NBA|SF|69.0|25.0|2064.0|11.0|24.5|0.446|1.1|3.3|0.32799999999999996|9.9|21.3|0.46399999999999997|5.1|6.1|0.843|4.2|7.1|11.3|2.2|1.4|0.6|3.1|4.0|28.1|104.0|107.0
15|2000-01|31.0|DET|NBA|SF|13.0|0.0|166.0|8.5|21.7|0.39399999999999996|3.4|12.2|0.275|5.2|9.5|0.5479999999999999|2.4|3.1|0.8|2.1|5.8|7.9|2.1|1.8|0.9|2.7|5.8|22.9|99.0|102.0
16|2000-01|31.0|MIA|NBA|SF|27.0|0.0|393.0|10.2|22.2|0.462|1.5|4.6|0.33299999999999996|8.7|17.5|0.496|4.1|4.6|0.879|3.8|7.4|11.2|1.8|1.4|0.6|3.2|5.9|26.1|103.0|99.0
