player_id|Rk|Unnamed: 1|Age|G|GS|MP|FG|FGA|FG%|FT|FTA|FT%|TRB|AST|PF|PTS/G|player_id
hayesel01|1|Elvin Hayes|24|82||44.7|11.1|24.6|0.452|5.2|7.6|0.688|16.9|2.0|3.3|27.5|hayesel01
lantzst01|2|Stu Lantz|23|82||30.1|5.5|12.5|0.44299999999999995|3.4|4.4|0.77|3.1|3.5|2.9|14.5|lantzst01
kojisdo01|3|Don Kojis|31|56||28.2|6.0|13.5|0.447|3.2|4.3|0.7509999999999999|6.9|1.4|2.4|15.3|kojisdo01
barneji02|4|Jim Barnett|25|80||26.3|5.6|12.5|0.451|3.6|4.6|0.79|3.8|3.6|2.8|14.9|barneji02
blockjo01|5|John Block|25|82||26.2|5.5|12.5|0.442|3.5|4.5|0.782|7.4|1.7|3.4|14.5|blockjo01
kimbato01|6|Toby Kimball|27|77||21.1|2.8|6.6|0.429|1.4|2.4|0.578|8.1|1.2|2.4|7.1|kimbato01
adelmri01|7|Rick Adelman|23|35||20.5|2.7|7.1|0.389|1.9|2.6|0.747|2.3|3.2|2.6|7.4|adelmri01
williar01|8|Art Williams|30|80||19.3|2.4|5.8|0.40700000000000003|1.1|1.5|0.746|3.7|6.3|2.1|5.8|williar01
willibe01|9|Bernie Williams|24|72||17.1|3.5|8.9|0.392|1.3|1.7|0.787|2.2|2.3|1.7|8.3|willibe01
smithbi02|10|Bingo Smith|23|75||16.0|3.2|7.6|0.42700000000000005|0.9|1.3|0.688|4.4|1.0|1.6|7.3|smithbi02
trappjo01|11|John Trapp|24|70||14.6|2.6|6.2|0.426|1.0|1.5|0.6920000000000001|4.4|0.7|2.9|6.3|trappjo01
rileypa01|12|Pat Riley|24|36||13.2|2.1|5.0|0.41700000000000004|1.1|1.5|0.727|1.6|2.4|1.9|5.3|rileypa01
