|Season|Age|Tm|Lg|Pos|G|MP|PG%|SG%|SF%|PF%|C%|OnCourt|On-Off|BadPass|LostBall|Shoot|Off.|Shoot.1|Off..1|PGA|And1|Blkd
0|2007-08|22.0|BOS|NBA|C|69.0|940.0|0|0|0|8|92|8.1|-4.4|7.0|24.0|70.0|22.0|71.0|17.0|66.0|12.0|29.0
1|2008-09|23.0|BOS|NBA|C|76.0|1637.0|0|0|0|35|65|4.4|-6.7|20.0|13.0|117.0|30.0|89.0|33.0|160.0|17.0|37.0
2|2009-10|24.0|BOS|NBA|PF|54.0|933.0|0|0|0|82|18|-3.4|-9.8|14.0|12.0|68.0|19.0|68.0|20.0|91.0|16.0|50.0
3|2010-11|25.0|BOS|NBA|C|78.0|2298.0|0|0|0|39|61|3.7|-5.5|20.0|26.0|116.0|25.0|111.0|14.0|214.0|21.0|64.0
4|2011-12|26.0|ORL|NBA|PF|61.0|1427.0|0|0|0|45|55|-1.0|-3.5|28.0|15.0|40.0|27.0|84.0|10.0|113.0|20.0|43.0
5|2012-13|27.0|ORL|NBA|PF|34.0|1064.0|0|0|0|84|16|-1.8|8.1|20.0|16.0|32.0|17.0|61.0|13.0|161.0|15.0|45.0
7|2013-14|28.0|ORL|NBA|PF|45.0|1354.0|0|0|0|46|54|-5.3|0.8|19.0|19.0|43.0|16.0|55.0|5.0|157.0|13.0|41.0
8|2013-14|28.0|LAC|NBA|PF|23.0|308.0|0|0|0|9|91|-6.5|-14.7|3.0|2.0|17.0|12.0|12.0|0.0|16.0|1.0|9.0
9|2014-15|29.0|LAC|NBA|PF|74.0|904.0|0|0|0|70|30|-4.0|-14.7|7.0|11.0|41.0|18.0|41.0|5.0|95.0|6.0|28.0
