player_id|Rk|Unnamed: 1|Age|G|GS|MP|FG|FGA|FG%|FT|FTA|FT%|ORB|DRB|TRB|AST|STL|BLK|PF|PTS|player_id
hayesel01|1|Elvin Hayes|31|82||3364|8.1|16.2|0.501|4.5|6.6|0.687|3.1|7.9|11.0|1.7|0.9|2.4|3.3|20.8|hayesel01
unselwe01|2|Wes Unseld|30|82||2860|3.4|6.9|0.49|1.3|2.1|0.602|3.1|8.0|11.0|4.6|1.1|0.6|3.2|8.1|unselwe01
cheniph01|3|Phil Chenier|26|78||2842|8.3|18.6|0.444|3.4|4.1|0.841|0.7|3.1|3.8|3.7|1.5|0.5|2.1|20.0|cheniph01
bingda01|4|Dave Bing|33|64||1516|6.4|14.2|0.45399999999999996|3.2|4.2|0.773|1.3|2.1|3.4|6.5|1.4|0.1|3.6|16.1|bingda01
kupchmi01|5|Mitch Kupchak|22|82||1513|8.1|14.2|0.5720000000000001|4.0|5.9|0.691|4.4|7.4|11.8|1.5|0.5|0.8|4.9|20.3|kupchmi01
wrighla01|6|Larry Wright|22|78||1421|6.6|15.1|0.44|2.2|2.9|0.765|0.8|1.7|2.5|5.9|1.4|0.1|4.3|15.5|wrighla01
robintr01|7|Truck Robinson|25|41||1328|7.2|15.0|0.478|3.5|5.1|0.677|3.2|6.7|9.9|1.2|0.8|0.5|3.3|17.8|robintr01
greveke01|8|Kevin Grevey|23|76||1306|6.2|14.6|0.423|2.2|3.3|0.664|2.0|2.9|4.9|1.9|0.8|0.2|4.1|14.5|greveke01
hendeto01|9|Tom Henderson|25|41||1223|5.2|11.0|0.469|3.1|4.3|0.738|0.7|2.6|3.4|6.2|1.7|0.3|2.2|13.5|hendeto01
grayle01|10|Leonard Gray|25|58||996|5.2|11.9|0.436|2.1|2.9|0.738|2.2|4.5|6.7|2.5|1.1|0.7|6.8|12.5|grayle01
weissbo01|11|Bob Weiss|34|62||768|2.9|6.2|0.466|1.4|1.7|0.784|0.7|2.5|3.2|6.1|2.5|0.3|3.1|7.2|weissbo01
riordmi01|12|Mike Riordan|31|49||289|4.2|11.7|0.36200000000000004|1.4|1.9|0.733|0.9|2.5|3.4|2.5|0.4|0.2|4.1|9.8|riordmi01
weathni01|13|Nick Weatherspoon|26|11||152|6.4|18.0|0.355|1.2|1.9|0.625|2.6|3.1|5.7|0.5|0.7|1.2|4.5|14.0|weathni01
pacejo01|14|Joe Pace|23|30||119|7.3|16.6|0.436|4.8|8.8|0.552|4.8|5.4|10.3|1.2|0.6|5.1|8.8|19.4|pacejo01
jonesji01|15|Jimmy Jones|32|3||33|2.2|9.8|0.222|2.2|4.4|0.5|1.1|3.3|4.4|1.1|2.2|0.0|4.4|6.5|jonesji01
