player_id|Rk|Unnamed: 1|Age|G|GS|MP|FG|FGA|FG%|FT|FTA|FT%|TRB|AST|PF|PTS/G|player_id
russebi01|1|Bill Russell|30|78||44.4|5.5|12.6|0.43799999999999994|3.1|5.5|0.573|24.1|5.3|2.6|14.1|russebi01
jonessa01|2|Sam Jones|31|80||36.1|10.3|22.7|0.452|5.4|6.5|0.82|5.1|2.8|2.2|25.9|jonessa01
joneskc01|3|K.C. Jones|32|78||31.2|3.2|8.2|0.396|1.8|2.9|0.63|4.1|5.6|3.4|8.3|joneskc01
sandeto01|4|Tom Sanders|26|80||30.7|4.7|10.9|0.429|2.4|3.2|0.745|8.3|1.2|4.0|11.8|sandeto01
havlijo01|5|John Havlicek|24|75||28.9|7.6|18.9|0.401|3.1|4.2|0.7440000000000001|4.9|2.7|2.7|18.3|havlijo01
heinsto01|6|Tom Heinsohn|30|67||25.5|5.4|14.2|0.38299999999999995|2.7|3.4|0.795|6.0|2.3|3.8|13.6|heinsto01
naullwi01|7|Willie Naulls|30|71||20.6|4.3|11.1|0.384|2.0|2.5|0.813|4.7|1.0|3.2|10.5|naullwi01
siegfla01|8|Larry Siegfried|25|72||13.8|2.4|5.8|0.415|1.5|1.9|0.779|1.9|1.7|1.5|6.3|siegfla01
thompjo01|9|John Thompson|23|64||10.9|1.3|3.3|0.402|1.0|1.6|0.59|3.6|0.3|2.2|3.6|thompjo01
countme01|10|Mel Counts|23|54||10.6|1.9|5.0|0.368|1.1|1.4|0.784|4.9|0.4|2.5|4.8|countme01
bonharo01|11|Ron Bonham|22|37||10.0|2.5|5.9|0.414|2.5|3.0|0.821|2.1|0.5|0.9|7.4|bonharo01
wardge01|12|Gerry Ward|23|3||10.0|0.7|6.0|0.111|0.3|0.3|1.0|1.7|2.0|2.0|1.7|wardge01
nordmbe01|13|Bevo Nordmann|25|3||8.3|1.0|1.7|0.6|0.0|0.0||2.7|1.0|1.7|2.0|nordmbe01
