|Season|Age|Tm|Lg|Pos|G|GS|MP|FG|FGA|FG%|3P|3PA|3P%|2P|2PA|2P%|FT|FTA|FT%|ORB|DRB|TRB|AST|STL|BLK|TOV|PF|PTS
0|1971-72|21.0|VIR|ABA|SF|84.0||3513.0|9.3|18.7|0.498|0.0|0.2|0.188|9.3|18.5|0.501|4.8|6.4|0.745|4.9|8.6|13.5|3.4|||3.5|2.7|23.5
1|1972-73|22.0|VIR|ABA|SF|71.0||2993.0|10.8|21.7|0.496|0.1|0.3|0.20800000000000002|10.7|21.4|0.499|5.7|7.4|0.7759999999999999|3.2|7.3|10.4|3.6|2.2|1.5|3.9|2.4|27.3
2|1973-74|23.0|NYA|ABA|SF|84.0||3398.0|9.7|18.9|0.512|0.2|0.5|0.395|9.5|18.5|0.515|4.8|6.3|0.7659999999999999|2.8|6.7|9.5|4.6|2.0|2.2|3.6|2.9|24.4
3|1974-75|24.0|NYA|ABA|SF|84.0||3402.0|9.7|19.1|0.506|0.3|0.9|0.33299999999999996|9.4|18.2|0.515|5.1|6.4|0.799|3.0|6.7|9.7|4.9|2.0|1.7|3.2|2.7|24.8
4|1975-76|25.0|NYA|ABA|SF|84.0||3244.0|10.5|20.8|0.507|0.4|1.1|0.33|10.2|19.6|0.517|5.9|7.3|0.8009999999999999|3.7|6.5|10.3|4.7|2.3|1.8|3.4|2.5|27.3
5|1976-77|26.0|PHI|NBA|SF|82.0||2940.0|8.4|16.8|0.499||||8.4|16.8|0.499|4.9|6.3|0.777|2.4|6.2|8.5|3.7|1.9|1.4||3.1|21.7
6|1977-78|27.0|PHI|NBA|SF|74.0||2429.0|9.1|18.0|0.502||||9.1|18.0|0.502|4.5|5.4|0.845|2.7|4.5|7.1|4.1|2.0|1.4|3.5|3.1|22.6
7|1978-79|28.0|PHI|NBA|SF|78.0||2802.0|9.2|18.7|0.491||||9.2|18.7|0.491|4.8|6.4|0.745|2.5|4.7|7.2|4.6|1.7|1.3|4.0|2.7|23.2
8|1979-80|29.0|PHI|NBA|SF|78.0||2812.0|10.7|20.7|0.519|0.1|0.3|0.2|10.7|20.4|0.523|5.4|6.8|0.787|2.8|4.6|7.4|4.5|2.2|1.8|3.6|2.7|26.9
9|1980-81|30.0|PHI|NBA|SF|82.0||2874.0|9.9|19.1|0.521|0.1|0.2|0.222|9.9|18.9|0.525|5.3|6.7|0.787|3.1|5.2|8.2|4.6|2.2|1.8|3.3|2.9|25.2
10|1981-82|31.0|PHI|NBA|SF|81.0|81.0|2789.0|10.1|18.4|0.546|0.0|0.1|0.273|10.0|18.3|0.5479999999999999|5.3|7.0|0.763|2.8|4.3|7.2|4.1|2.1|1.8|2.8|3.0|25.5
11|1982-83|32.0|PHI|NBA|SF|72.0|72.0|2421.0|9.0|17.4|0.517|0.0|0.1|0.28600000000000003|9.0|17.3|0.518|4.9|6.5|0.759|2.6|4.7|7.3|3.9|1.7|1.9|2.9|3.0|22.9
12|1983-84|33.0|PHI|NBA|SF|77.0|77.0|2683.0|9.1|17.8|0.512|0.1|0.3|0.33299999999999996|9.0|17.5|0.515|4.9|6.5|0.754|2.5|4.6|7.1|4.1|1.9|1.9|3.1|2.9|23.2
13|1984-85|34.0|PHI|NBA|SF|78.0|78.0|2535.0|8.7|17.6|0.494|0.0|0.2|0.214|8.6|17.4|0.49700000000000005|4.8|6.3|0.765|2.4|3.4|5.9|3.3|1.9|1.5|3.0|2.8|22.2
14|1985-86|35.0|PHI|NBA|SF|74.0|74.0|2474.0|7.6|15.8|0.48|0.1|0.5|0.281|7.5|15.3|0.486|4.2|5.4|0.785|2.5|2.9|5.4|3.6|1.6|1.2|3.1|2.9|19.5
15|1986-87|36.0|PHI|NBA|SF|60.0|60.0|1918.0|7.5|16.0|0.47100000000000003|0.3|1.0|0.264|7.2|15.0|0.484|3.6|4.4|0.813|2.2|2.8|5.0|3.6|1.4|1.8|3.0|2.6|18.9
