|Season|Age|Tm|Lg|Pos|G|MP|PER|TS%|3PAr|FTr|ORB%|DRB%|TRB%|AST%|STL%|BLK%|TOV%|USG%|OWS|DWS|WS|WS/48|OBPM|DBPM|BPM|VORP
0|1971-72|21.0|VIR|ABA|SF|11.0|504.0|30.4|0.569|0.013999999999999999|0.299|||20.4|20.7|||14.6|27.9|1.5|1.3|2.8|0.267||||
1|1972-73|22.0|VIR|ABA|SF|5.0|219.0|24.9|0.5710000000000001|0.027000000000000003|0.35700000000000004|||11.6|14.1|||11.6|27.4|0.7|-0.2|0.6|0.12300000000000001||||
2|1973-74|23.0|NYA|ABA|SF|14.0|579.0|24.0|0.57|0.036000000000000004|0.27899999999999997|7.4|15.2|11.4|17.4|1.8|1.8|13.0|27.4|1.7|1.3|3.0|0.247|4.7|2.3|7.0|1.3
3|1974-75|24.0|NYA|ABA|SF|5.0|211.0|20.1|0.507|0.066|0.264|5.6|18.5|11.8|21.2|1.1|2.4|12.3|29.9|0.1|0.3|0.4|0.094|1.6|0.6|2.2|0.2
4|1975-76|25.0|NYA|ABA|SF|13.0|551.0|32.0|0.61|0.047|0.527|10.7|18.7|14.4|18.9|2.1|2.6|9.5|28.2|2.8|0.8|3.7|0.321|10.0|2.5|12.5|2.0
5|1976-77|26.0|PHI|NBA|SF|19.0|758.0|22.9|0.5770000000000001||0.344|5.6|10.7|8.2|18.4|2.4|1.6|||2.6|0.8|3.4|0.215|6.2|1.1|7.3|1.8
6|1977-78|27.0|PHI|NBA|SF|10.0|358.0|21.2|0.5329999999999999||0.311|11.8|14.0|13.0|17.0|1.8|2.4|14.6|25.3|0.6|0.6|1.3|0.171|3.3|2.3|5.5|0.7
7|1978-79|28.0|PHI|NBA|SF|9.0|372.0|22.1|0.568||0.39|8.5|11.0|9.8|20.7|2.2|2.3|15.9|24.9|1.0|0.4|1.3|0.174|4.3|1.9|6.2|0.8
8|1979-80|29.0|PHI|NBA|SF|18.0|694.0|22.5|0.5529999999999999|0.027000000000000003|0.402|5.1|15.9|10.7|19.3|2.5|3.1|12.3|27.6|1.3|1.2|2.6|0.17800000000000002|2.8|3.2|6.0|1.4
9|1980-81|30.0|PHI|NBA|SF|16.0|592.0|20.6|0.527|0.003|0.355|10.5|11.3|10.9|15.5|1.8|3.8|13.6|28.6|0.9|0.6|1.4|0.11699999999999999|2.3|2.4|4.7|1.0
10|1981-82|31.0|PHI|NBA|SF|21.0|780.0|22.5|0.581|0.019|0.509|8.5|13.8|11.2|19.4|2.3|2.7|14.5|24.9|1.9|1.1|3.0|0.185|4.0|3.5|7.6|1.9
11|1982-83|32.0|PHI|NBA|SF|13.0|493.0|16.0|0.496|0.005|0.322|7.4|14.8|11.2|13.3|1.5|3.2|13.9|23.6|0.3|0.8|1.2|0.113|-0.6|3.6|3.1|0.6
12|1983-84|33.0|PHI|NBA|SF|5.0|194.0|15.2|0.531|0.013000000000000001|0.289|5.6|13.9|9.8|20.4|2.0|1.9|19.7|22.8|0.0|0.3|0.3|0.071|-0.6|2.7|2.1|0.2
13|1984-85|34.0|PHI|NBA|SF|13.0|434.0|16.9|0.517|0.005|0.337|7.6|11.2|9.4|16.6|2.8|1.5|14.7|23.8|0.3|0.7|1.1|0.11699999999999999|0.3|3.5|3.8|0.6
14|1985-86|35.0|PHI|NBA|SF|12.0|433.0|14.1|0.508|0.061|0.361|7.1|11.4|9.3|17.4|1.2|2.2|15.8|23.5|0.1|0.5|0.6|0.068|-0.1|0.5|0.5|0.3
15|1986-87|36.0|PHI|NBA|SF|5.0|180.0|14.9|0.489|0.073|0.305|9.4|6.6|7.9|13.7|1.9|1.9|8.8|23.4|0.2|0.1|0.3|0.083|1.3|1.2|2.5|0.2
