player_id|Rk|Unnamed: 1|Age|G|GS|MP|FG|FGA|FG%|FT|FTA|FT%|ORB|DRB|TRB|AST|STL|BLK|TOV|PF|PTS|player_id
lucasjo01|1|John Lucas|25|82||3095|6.2|13.3|0.462|3.1|3.7|0.8220000000000001|0.8|2.1|2.9|8.9|1.8|0.1|3.0|2.7|15.4|lucasjo01
parkeso01|2|Sonny Parker|23|79||2893|6.4|12.7|0.502|2.2|2.8|0.7879999999999999|2.0|3.5|5.5|3.6|1.8|0.4|2.4|2.3|14.9|parkeso01
parisro01|3|Robert Parish|25|76||2411|8.3|16.6|0.499|2.9|4.2|0.698|4.0|9.7|13.7|1.7|1.5|3.2|3.5|4.5|19.5|parisro01
smithph01|4|Phil Smith|26|59||2288|7.7|15.4|0.501|3.1|4.0|0.7609999999999999|0.8|2.6|3.3|4.1|1.6|0.4|2.7|2.5|18.4|smithph01
raycl01|5|Clifford Ray|30|82||1917|4.3|8.2|0.526|2.0|3.6|0.5579999999999999|4.0|7.4|11.4|2.6|0.9|0.9|2.9|5.0|10.7|raycl01
shortpu01|6|Purvis Short|21|75||1703|7.8|16.3|0.479|1.2|1.8|0.6709999999999999|2.7|4.7|7.3|2.1|1.1|0.3|2.3|4.9|16.8|shortpu01
willina01|7|Nate Williams|28|81||1299|7.9|15.7|0.501|2.8|3.2|0.872|1.9|3.9|5.7|1.7|1.5|0.1|2.6|4.7|18.6|willina01
abernto01|8|Tom Abernethy|24|70||1219|5.2|10.1|0.515|2.1|2.8|0.745|2.2|4.2|6.4|2.3|1.2|0.4|0.9|3.9|12.5|abernto01
whitejo01|9|Jo Jo White|32|29||883|6.1|12.8|0.475|2.4|2.8|0.87|0.8|2.1|2.9|5.4|1.1|0.1|2.9|3.0|14.6|whitejo01
coopewa01|10|Wayne Cooper|22|65||795|5.8|13.3|0.43700000000000006|1.9|2.8|0.672|4.1|8.6|12.7|1.0|0.3|2.0|2.4|5.3|13.4|coopewa01
townsra01|11|Raymond Townsend|23|65||771|5.9|13.5|0.439|2.3|3.2|0.735|0.5|2.1|2.6|4.2|1.3|0.3|2.4|3.3|14.2|townsra01
coxwe01|12|Wesley Cox|24|31||360|5.3|12.3|0.431|4.0|9.2|0.435|1.8|4.5|6.3|1.1|1.3|0.5|4.4|6.8|14.6|coxwe01
roberto01|13|Tony Robertson|23|12||74|7.3|19.5|0.375|2.9|4.4|0.667|2.9|1.9|4.9|1.9|3.9|0.0|3.9|4.9|17.5|roberto01
eppsra01|14|Ray Epps|22|13||72|5.0|11.5|0.435|3.0|4.0|0.75|0.0|2.5|2.5|1.0|0.5|0.0|1.0|3.5|13.0|eppsra01
