player_id|Rk|Unnamed: 1|Age|G|GS|MP|FG|FGA|FG%|3P|3PA|3P%|2P|2PA|2P%|eFG%|FT|FTA|FT%|ORB|DRB|TRB|AST|STL|BLK|TOV|PF|PTS|player_id
johnsjo02|1|Joe Johnson|26|82|82|3343|647|1497|0.43200000000000005|169|444|0.381|478|1053|0.45399999999999996|0.489|316|379|0.8340000000000001|83|284|367|474|84|18|223|168|1779|johnsjo02
smithjo03|2|Josh Smith|22|81|81|2873|518|1133|0.457|25|99|0.253|493|1034|0.47700000000000004|0.46799999999999997|333|469|0.71|161|506|667|272|123|227|245|269|1394|smithjo03
willima02|3|Marvin Williams|21|80|80|2765|424|918|0.462|1|10|0.1|423|908|0.466|0.462|336|409|0.8220000000000001|119|338|457|137|81|33|127|225|1185|willima02
horfoal01|4|Al Horford|21|81|77|2540|333|668|0.499|0|5|0.0|333|663|0.502|0.499|155|212|0.731|248|537|785|124|60|76|137|267|821|horfoal01
childjo01|5|Josh Childress|24|76|0|2274|327|573|0.5710000000000001|22|60|0.36700000000000005|305|513|0.595|0.59|222|275|0.807|174|199|373|117|71|43|98|129|898|childjo01
johnsan02|6|Anthony Johnson|33|42|41|1121|115|267|0.431|27|63|0.429|88|204|0.431|0.48100000000000004|26|32|0.813|17|81|98|202|42|8|50|86|283|johnsan02
bibbymi01|7|Mike Bibby|29|33|32|1100|170|411|0.414|69|187|0.369|101|224|0.451|0.498|55|69|0.797|5|99|104|215|35|2|81|63|464|bibbymi01
pachuza01|8|Zaza Pachulia|23|62|5|944|107|245|0.43700000000000006|0|3|0.0|107|242|0.442|0.43700000000000006|108|153|0.706|89|159|248|36|24|13|69|140|322|pachuza01
lawac01|9|Acie Law|23|56|6|865|95|237|0.401|7|34|0.20600000000000002|88|203|0.433|0.41600000000000004|38|48|0.792|12|45|57|113|29|0|56|73|235|lawac01
luety01|10|Tyronn Lue|30|33|3|564|86|196|0.439|30|69|0.435|56|127|0.441|0.515|24|28|0.857|9|32|41|59|11|0|22|38|226|luety01
willish02|11|Shelden Williams|24|36|0|414|37|100|0.37|0|1|0.0|37|99|0.374|0.37|35|51|0.6859999999999999|34|73|107|11|13|11|14|60|109|willish02
stoudsa01|12|Salim Stoudamire|25|35|0|402|65|180|0.361|29|85|0.341|36|95|0.379|0.442|41|50|0.82|4|20|24|28|7|5|21|34|200|stoudsa01
westma02|13|Mario West|23|64|2|269|21|49|0.429|0|4|0.0|21|45|0.467|0.429|17|26|0.654|26|22|48|13|12|4|9|61|59|westma02
wrighlo02|14|Lorenzen Wright|32|13|1|148|5|17|0.294|0|0||5|17|0.294|0.294|3|6|0.5|7|30|37|3|3|3|2|26|13|wrighlo02
jonesso01|15|Solomon Jones|23|35|0|145|12|30|0.4|0|2|0.0|12|28|0.429|0.4|11|20|0.55|19|23|42|0|3|5|11|28|35|jonesso01
richaje01|16|Jeremy Richardson|23|19|0|88|13|31|0.419|5|12|0.41700000000000004|8|19|0.42100000000000004|0.5|0|0||1|6|7|0|2|0|5|6|31|richaje01
