|Season|Age|Tm|Lg|Pos|G|MP|FG%|Dist.|% of 2PA|% of 0-3|% of 3-10|% of 10-16|% of 16-3pt|% of 3P|2P %FG|0-3 %FG|3-10 %FG|10-16 %FG|16-3pt%FG|3P %FG|2P % Assisted|% of Dunks|Dunks Made|3P % Assisted|% of 3PA from Corner|Corner 3 %FG |Heaves Attempted|Heaves Made
0|2003-04|21.0|GSW|NBA|PG|53.0|748.0|0.41600000000000004|14.0|0.545|0.32899999999999996|0.08199999999999999|0.065|0.069|0.455|0.484|0.605|0.42100000000000004|0.2|0.25|0.33299999999999996|0.525|0.07400000000000001|16.0|0.943|0.5429999999999999|0.386|1.0|0.0
1|2004-05|22.0|GSW|NBA|SF|67.0|1340.0|0.42700000000000005|15.0|0.611|0.253|0.106|0.066|0.18600000000000003|0.389|0.48|0.7170000000000001|0.302|0.303|0.32299999999999995|0.344|0.565|0.08199999999999999|39.0|0.836|0.369|0.33299999999999996|1.0|0.0
2|2005-06|23.0|GSW|NBA|SF|52.0|1179.0|0.40399999999999997|14.5|0.579|0.325|0.067|0.026000000000000002|0.16|0.42100000000000004|0.467|0.618|0.35700000000000004|0.182|0.254|0.318|0.637|0.081|31.0|0.893|0.625|0.355|1.0|0.0
3|2006-07|24.0|GSW|NBA|SF|72.0|1937.0|0.488|13.8|0.59|0.33799999999999997|0.063|0.024|0.166|0.41|0.5579999999999999|0.7020000000000001|0.243|0.28600000000000003|0.423|0.38799999999999996|0.674|0.10099999999999999|56.0|0.968|0.821|0.401|0.0|0.0
4|2007-08|25.0|GSW|NBA|SF|66.0|1316.0|0.439|15.3|0.527|0.318|0.026000000000000002|0.018000000000000002|0.165|0.473|0.51|0.618|0.2|0.429|0.359|0.361|0.606|0.127|40.0|0.894|0.77|0.397|0.0|0.0
5|2008-09|26.0|ORL|NBA|SG|54.0|1329.0|0.413|16.6|0.47700000000000004|0.256|0.035|0.031|0.155|0.523|0.473|0.569|0.267|0.5379999999999999|0.348|0.359|0.635|0.075|29.0|0.9129999999999999|0.623|0.374|1.0|0.0
6|2009-10|27.0|ORL|NBA|SF|75.0|1687.0|0.43200000000000005|18.6|0.43200000000000005|0.18899999999999997|0.02|0.033|0.18899999999999997|0.568|0.502|0.637|0.545|0.389|0.382|0.379|0.564|0.046|22.0|0.862|0.44799999999999995|0.387|3.0|0.0
8|2010-11|28.0|ORL|NBA|SF|19.0|418.0|0.391|22.0|0.243|0.061|0.035|0.009000000000000001|0.139|0.757|0.39299999999999996|0.5710000000000001|0.5|0.0|0.313|0.391|0.727|0.009000000000000001|1.0|0.794|0.345|0.267|0.0|0.0
9|2010-11|28.0|PHO|NBA|SG|38.0|689.0|0.392|20.1|0.40399999999999997|0.096|0.04|0.055999999999999994|0.212|0.596|0.465|0.833|0.3|0.429|0.34|0.342|0.723|0.027999999999999997|5.0|0.961|0.43|0.359|1.0|0.0
10|2011-12|29.0|BOS|NBA|SG|42.0|921.0|0.385|20.2|0.326|0.152|0.011000000000000001|0.019|0.14400000000000002|0.674|0.489|0.537|0.33299999999999996|0.8|0.41|0.335|0.535|0.033|8.0|0.951|0.44|0.413|1.0|0.0
11|2012-13|30.0|TOR|NBA|SF|19.0|386.0|0.34700000000000003|19.0|0.34700000000000003|0.163|0.071|0.040999999999999995|0.071|0.653|0.41200000000000003|0.5|0.7140000000000001|0.25|0.0|0.313|0.857|0.031|2.0|0.85|0.32799999999999996|0.381|0.0|0.0
