|Season|Age|Tm|Lg|Pos|G|MP|PG%|SG%|SF%|PF%|C%|OnCourt|On-Off|BadPass|LostBall|Shoot|Off.|Shoot.1|Off..1|PGA|And1|Blkd
0|2007-08|21.0|DET|NBA|PG|57.0|1081.0|67|33|0|0|0|4.0|-6.4|38.0|18.0|55.0|14.0|71.0|9.0|360.0|9.0|38.0
1|2008-09|22.0|DET|NBA|PG|79.0|2517.0|49|51|0|0|0|-1.7|-3.2|82.0|40.0|99.0|30.0|146.0|12.0|848.0|47.0|78.0
2|2009-10|23.0|DET|NBA|PG|73.0|2499.0|61|39|0|0|0|-2.7|8.5|65.0|44.0|86.0|34.0|176.0|15.0|767.0|43.0|101.0
3|2010-11|24.0|DET|NBA|PG|70.0|2183.0|92|8|0|0|0|-1.9|4.3|72.0|43.0|80.0|33.0|181.0|10.0|807.0|49.0|74.0
4|2011-12|25.0|DET|NBA|SG|55.0|1644.0|2|93|5|0|0|-1.4|8.7|49.0|27.0|60.0|23.0|145.0|4.0|467.0|36.0|48.0
5|2012-13|26.0|DET|NBA|SG|76.0|2171.0|12|77|11|0|0|-7.1|-6.2|64.0|39.0|61.0|17.0|125.0|12.0|623.0|34.0|55.0
6|2013-14|27.0|DET|NBA|SG|73.0|1950.0|0|76|24|0|0|-4.6|-1.2|53.0|43.0|67.0|21.0|126.0|10.0|338.0|37.0|49.0
7|2014-15|28.0|IND|NBA|PG|71.0|1874.0|11|87|2|0|0|-0.6|-1.2|59.0|27.0|55.0|22.0|84.0|17.0|506.0|26.0|48.0
8|2015-16|29.0|IND|NBA|PG|58.0|1275.0|40|59|1|0|0|0.2|-2.5|31.0|31.0|39.0|9.0|62.0|12.0|335.0|13.0|31.0
9|2016-17|30.0|IND|NBA|PG|39.0|696.0|51|48|1|0|0|-2.2|-2.4|23.0|19.0|17.0|9.0|45.0|4.0|197.0|6.0|16.0
