player_id|Rk|Unnamed: 1|Age|G|MP|PER|TS%|FTr|ORB%|DRB%|TRB%|AST%|Unnamed: 12|OWS|DWS|WS|WS/48|player_id
cunnibi01|1|Billy Cunningham|28|75|2900|21.3|0.515|0.42100000000000004|||14.3|22.6||4.8|3.5|8.3|0.13699999999999998|cunnibi01
greerha01|2|Hal Greer|35|81|2410|12.0|0.495|0.27|||5.1|17.7||1.7|1.8|3.5|0.07|greerha01
bridgbi01|3|Bill Bridges|32|64|2210|16.4|0.5539999999999999|0.42200000000000004|||17.6|9.5||3.7|2.6|6.3|0.13699999999999998|bridgbi01
cartefr01|4|Fred Carter|26|77|2147|12.7|0.474|0.287|||6.5|13.3||0.6|1.5|2.1|0.048|cartefr01
rulebo01|5|Bob Rule|27|60|1987|14.9|0.48700000000000004|0.313|||10.9|8.0||1.2|1.6|2.9|0.069|rulebo01
loughke01|6|Kevin Loughery|31|74|1729|14.2|0.501|0.39399999999999996|||4.7|15.3||1.9|1.2|3.1|0.085|loughke01
fostefr01|7|Fred Foster|25|74|1699|12.2|0.466|0.29|||7.3|7.6||0.0|1.1|1.1|0.031|fostefr01
wohlda01|8|Dave Wohl|22|79|1628|11.1|0.488|0.363|||4.2|18.6||1.0|1.2|2.1|0.063|wohlda01
jackslu01|9|Luke Jackson|30|63|1083|11.1|0.452|0.384|||12.9|10.4||-0.2|1.0|0.8|0.036000000000000004|jackslu01
awtrede01|10|Dennis Awtrey|23|58|794|10.3|0.48|0.342|||14.1|8.2||0.2|0.8|1.0|0.06|awtrede01
washiji01|11|Jim Washington|28|17|545|11.5|0.515|0.429|||11.2|5.9||0.5|0.4|0.9|0.084|washiji01
henryal01|12|Al Henry|22|43|421|13.8|0.49700000000000005|0.46799999999999997|||14.7|2.6||0.3|0.4|0.7|0.079|henryal01
yatesba01|13|Barry Yates|26|24|144|10.7|0.39299999999999996|0.133|||12.6|7.1||-0.4|0.1|-0.2|-0.075|yatesba01
clarkar01|14|Archie Clark|30|1|42|24.9|0.696|0.688|||3.2|25.9||0.3|0.0|0.3|0.33899999999999997|clarkar01
jonesja01|15|Jake Jones|22|6|41|9.9|0.424|0.556|||6.6|6.4||-0.1|0.0|0.0|-0.028999999999999998|jonesja01
