player_id|Rk|Unnamed: 1|Age|G|GS|MP|FG|FGA|FG%|FT|FTA|FT%|TRB|AST|PF|PTS|player_id
cunnibi01|1|Billy Cunningham|28|75||2900|658|1428|0.461|428|601|0.7120000000000001|918|443|295|1744|cunnibi01
greerha01|2|Hal Greer|35|81||2410|389|866|0.449|181|234|0.774|271|316|268|959|greerha01
bridgbi01|3|Bill Bridges|32|64||2210|328|645|0.509|191|272|0.7020000000000001|861|158|219|847|bridgbi01
cartefr01|4|Fred Carter|26|77||2147|440|991|0.444|179|284|0.63|307|199|235|1059|cartefr01
rulebo01|5|Bob Rule|27|60||1987|416|934|0.445|203|292|0.695|479|110|162|1035|rulebo01
loughke01|6|Kevin Loughery|31|74||1729|337|792|0.426|258|312|0.8270000000000001|178|188|208|932|loughke01
fostefr01|7|Fred Foster|25|74||1699|347|837|0.415|185|243|0.7609999999999999|276|90|184|879|fostefr01
wohlda01|8|Dave Wohl|22|79||1628|243|567|0.429|156|206|0.757|150|228|229|642|wohlda01
jackslu01|9|Luke Jackson|30|63||1083|137|346|0.396|92|133|0.6920000000000001|309|88|141|366|jackslu01
awtrede01|10|Dennis Awtrey|23|58||794|98|222|0.441|49|76|0.645|248|51|141|245|awtrede01
washiji01|11|Jim Washington|28|17||545|68|156|0.436|55|67|0.821|135|25|59|191|washiji01
henryal01|12|Al Henry|22|43||421|68|156|0.436|51|73|0.6990000000000001|137|8|42|187|henryal01
yatesba01|13|Barry Yates|26|24||144|31|83|0.373|7|11|0.636|40|7|14|69|yatesba01
clarkar01|14|Archie Clark|30|1||42|11|16|0.688|7|11|0.636|3|7|3|29|clarkar01
jonesja01|15|Jake Jones|22|6||41|6|18|0.33299999999999996|7|10|0.7|6|2|3|19|jonesja01
