|Season|Age|Tm|Lg|Pos|G|MP|PER|TS%|3PAr|FTr|ORB%|DRB%|TRB%|AST%|STL%|BLK%|TOV%|USG%|OWS|DWS|WS|WS/48|OBPM|DBPM|BPM|VORP
0|2007-08|24.0|HOU|NBA|PF|42.0|711.0|21.4|0.6409999999999999|0.005|0.498|15.5|17.3|16.4|5.2|1.3|0.7|8.9|18.8|2.5|1.2|3.7|0.251|2.1|-0.3|1.8|0.7
1|2008-09|25.0|HOU|NBA|PF|69.0|1467.0|17.7|0.634|0.006999999999999999|0.462|10.3|16.7|13.6|4.6|0.9|1.5|11.9|18.1|3.7|2.2|5.9|0.193|0.2|0.2|0.4|0.9
3|2009-10|26.0|HOU|NBA|PF|52.0|1415.0|21.1|0.621|0.0|0.507|9.5|13.8|11.6|5.0|1.0|2.4|11.3|23.8|4.1|1.3|5.4|0.184|1.0|-1.0|0.0|0.7
4|2009-10|26.0|SAC|NBA|PF|28.0|1054.0|16.0|0.568|0.008|0.38799999999999996|7.1|12.8|9.9|4.1|1.3|1.2|10.1|20.7|1.6|0.6|2.3|0.105|-0.4|-1.1|-1.5|0.1
6|2010-11|27.0|SAC|NBA|PF|53.0|1406.0|14.7|0.545|0.006|0.444|10.0|10.5|10.2|5.7|1.1|1.0|12.4|20.3|1.8|0.7|2.5|0.086|-0.7|-1.3|-2.0|0.0
7|2010-11|27.0|NOH|NBA|PF|23.0|602.0|15.2|0.578|0.005|0.36|7.6|11.4|9.5|3.8|0.9|1.7|10.3|20.8|1.0|0.6|1.6|0.125|-0.8|-0.9|-1.7|0.0
8|2011-12|28.0|NOH|NBA|PF|41.0|999.0|18.2|0.5770000000000001|0.008|0.508|9.5|15.9|12.8|7.1|0.7|1.0|12.6|24.0|2.2|0.7|2.9|0.139|0.2|-2.0|-1.8|0.1
9|2012-13|29.0|GSW|NBA|PF|81.0|1876.0|17.5|0.605|0.005|0.45299999999999996|10.9|17.3|14.2|5.6|0.9|1.3|13.7|20.0|4.3|1.9|6.2|0.159|0.0|-0.7|-0.7|0.6
10|2013-14|30.0|SAC|NBA|PF|18.0|233.0|11.2|0.563|0.0|0.28300000000000003|7.2|20.6|13.8|3.4|0.7|0.3|11.8|14.5|0.3|0.1|0.4|0.08800000000000001|-3.0|-1.9|-4.9|-0.2
11|2014-15|31.0|SAC|NBA|PF|70.0|1192.0|14.9|0.578|0.0|0.40700000000000003|9.8|15.5|12.8|3.6|0.6|1.1|11.0|18.1|2.3|0.5|2.8|0.11199999999999999|-1.0|-2.6|-3.6|-0.5
12|2015-16|32.0|PHI|NBA|PF|36.0|569.0|22.4|0.605|0.052000000000000005|0.364|9.1|19.2|14.0|11.1|1.0|1.2|7.1|24.0|1.8|0.3|2.1|0.17600000000000002|1.5|-2.3|-0.7|0.2
