|Season|Age|Tm|Lg|Pos|G|MP|PER|TS%|3PAr|FTr|ORB%|DRB%|TRB%|AST%|STL%|BLK%|TOV%|USG%|OWS|DWS|WS|WS/48|OBPM|DBPM|BPM|VORP
0|1989-90|23.0|POR|NBA|PF|21.0|391.0|9.1|0.39399999999999996|0.026000000000000002|0.344|8.7|16.2|12.3|8.8|2.3|3.7|12.6|20.8|-0.6|0.6|0.0|0.0|-5.0|2.7|-2.2|0.0
1|1990-91|24.0|POR|NBA|PF|16.0|354.0|14.0|0.56|0.026000000000000002|0.59|7.7|13.5|10.5|8.1|1.0|3.0|14.5|20.9|0.2|0.4|0.6|0.083|-1.2|1.4|0.1|0.2
2|1991-92|25.0|POR|NBA|SF|21.0|522.0|12.9|0.49200000000000005|0.03|0.391|5.9|14.6|10.3|12.7|2.1|2.7|10.8|21.4|0.1|0.7|0.8|0.07400000000000001|-2.2|2.1|-0.1|0.2
3|1992-93|26.0|POR|NBA|PF|4.0|131.0|3.5|0.29|0.016|0.361|7.5|6.3|7.0|7.4|2.4|3.5|10.2|25.5|-0.6|0.2|-0.4|-0.13699999999999998|-7.9|2.5|-5.4|-0.1
4|1993-94|27.0|POR|NBA|C|4.0|149.0|12.6|0.45399999999999996|0.132|0.11800000000000001|7.7|11.4|9.4|10.1|1.0|3.0|13.3|23.3|0.0|-0.1|-0.1|-0.031|-0.1|-2.3|-2.5|0.0
5|1994-95|28.0|POR|NBA|SF|3.0|119.0|8.5|0.435|0.36200000000000004|0.34|6.6|13.8|9.8|10.3|0.9|0.7|12.9|23.8|-0.2|-0.1|-0.3|-0.13|-3.9|-3.1|-7.0|-0.2
6|1995-96|29.0|POR|NBA|SF|5.0|181.0|10.6|0.49200000000000005|0.377|0.607|2.5|9.7|5.9|8.8|2.1|2.1|17.2|23.9|-0.1|0.1|-0.1|-0.018000000000000002|-2.3|0.3|-2.0|0.0
7|1996-97|30.0|POR|NBA|SF|4.0|161.0|9.8|0.444|0.34|0.34|9.0|12.3|10.6|12.9|0.7|2.1|15.6|19.0|-0.1|0.0|0.0|-0.013000000000000001|-0.9|0.4|-0.5|0.1
8|1997-98|31.0|PHO|NBA|SF|4.0|92.0|2.9|0.33799999999999997|0.03|0.273|6.8|8.1|7.4|4.8|1.7|1.8|11.9|20.7|-0.3|0.0|-0.2|-0.11199999999999999|-5.5|-0.8|-6.3|-0.1
9|1998-99|32.0|PHO|NBA|SF|3.0|117.0|15.4|0.524|0.225|0.275|6.7|12.2|9.0|12.2|2.7|0.7|13.5|20.5|0.1|0.0|0.1|0.03|2.3|-1.1|1.2|0.1
10|1999-00|33.0|PHO|NBA|SF|9.0|333.0|14.3|0.479|0.276|0.31|5.7|11.5|8.6|10.8|1.8|1.6|9.8|24.5|0.2|0.4|0.6|0.08800000000000001|1.4|0.7|2.1|0.3
11|2000-01|34.0|PHO|NBA|PF|4.0|114.0|13.3|0.503|0.32|0.44|5.2|9.0|7.1|6.7|2.6|1.2|13.1|25.5|0.0|0.1|0.1|0.046|0.4|0.9|1.3|0.1
12|2001-02|35.0|DET|NBA|PF|10.0|409.0|12.0|0.48100000000000004|0.42700000000000005|0.242|1.4|7.5|4.3|14.1|2.4|3.6|13.3|18.9|-0.1|0.8|0.7|0.08|-1.0|2.8|1.8|0.4
13|2002-03|36.0|DET|NBA|PF|17.0|525.0|9.1|0.451|0.371|0.233|3.1|7.4|5.2|18.2|1.7|1.9|13.8|18.7|-0.3|0.6|0.3|0.027999999999999997|-1.7|1.0|-0.7|0.2
14|2004-05|38.0|NJN|NBA|PF|4.0|71.0|11.9|0.502|0.519|0.07400000000000001|2.9|14.8|8.1|13.9|2.2|1.2|0.0|17.8|0.1|0.0|0.1|0.1|1.3|-0.5|0.9|0.0
15|2005-06|39.0|NJN|NBA|PF|8.0|198.0|3.7|0.43700000000000006|0.48700000000000004|0.128|1.2|15.8|8.2|3.9|2.5|1.4|19.5|12.4|-0.3|0.3|0.0|-0.01|-5.1|2.2|-2.9|0.0
16|2006-07|40.0|NJN|NBA|C|4.0|20.0|-4.2|0.25|0.33299999999999996|0.0|0.0|0.0|0.0|0.0|2.7|0.0|14.3|16.9|-0.1|0.0|-0.1|-0.172|-10.5|-0.6|-11.1|0.0
