|Season|Age|Tm|Lg|Pos|G|GS|MP|FG|FGA|FG%|3P|3PA|3P%|2P|2PA|2P%|eFG%|FT|FTA|FT%|ORB|DRB|TRB|AST|STL|BLK|TOV|PF|PTS
0|2003-04|22.0|BOS|NBA|PG|81.0|2.0|1385.0|177.0|442.0|0.4|27.0|86.0|0.314|150.0|356.0|0.42100000000000004|0.431|99.0|131.0|0.7559999999999999|30.0|103.0|133.0|175.0|88.0|13.0|125.0|171.0|480.0
1|2004-05|23.0|BOS|NBA|PG|81.0|2.0|1145.0|115.0|286.0|0.402|21.0|59.0|0.35600000000000004|94.0|227.0|0.414|0.439|121.0|163.0|0.742|29.0|97.0|126.0|155.0|63.0|13.0|79.0|146.0|372.0
3|2005-06|24.0|BOS|NBA|PG|18.0|1.0|269.0|33.0|80.0|0.413|6.0|19.0|0.316|27.0|61.0|0.44299999999999995|0.45|27.0|30.0|0.9|4.0|15.0|19.0|32.0|7.0|0.0|23.0|38.0|99.0
4|2005-06|24.0|MIN|NBA|PG|40.0|28.0|1228.0|186.0|388.0|0.479|16.0|44.0|0.364|170.0|344.0|0.494|0.5|91.0|117.0|0.778|19.0|97.0|116.0|188.0|47.0|11.0|96.0|124.0|479.0
5|2006-07|25.0|PHO|NBA|PG|45.0|1.0|503.0|84.0|196.0|0.429|5.0|29.0|0.172|79.0|167.0|0.473|0.441|48.0|60.0|0.8|10.0|28.0|38.0|60.0|23.0|3.0|40.0|70.0|221.0
7|2007-08|26.0|PHO|NBA|PG|24.0|1.0|310.0|44.0|109.0|0.40399999999999997|25.0|65.0|0.385|19.0|44.0|0.43200000000000005|0.518|12.0|16.0|0.75|3.0|17.0|20.0|25.0|8.0|8.0|16.0|38.0|125.0
8|2007-08|26.0|MIA|NBA|PG|12.0|2.0|259.0|42.0|82.0|0.512|15.0|37.0|0.405|27.0|45.0|0.6|0.604|15.0|19.0|0.789|1.0|24.0|25.0|36.0|6.0|5.0|21.0|27.0|114.0
10|2008-09|27.0|MIA|NBA|PG|16.0|0.0|166.0|15.0|39.0|0.385|2.0|14.0|0.14300000000000002|13.0|25.0|0.52|0.41|10.0|15.0|0.667|0.0|15.0|15.0|22.0|10.0|2.0|11.0|21.0|42.0
11|2008-09|27.0|TOR|NBA|PG|6.0|0.0|40.0|6.0|18.0|0.33299999999999996|1.0|5.0|0.2|5.0|13.0|0.385|0.361|1.0|3.0|0.33299999999999996|1.0|2.0|3.0|6.0|1.0|0.0|3.0|5.0|14.0
12|2009-10|28.0|TOR|NBA|PG|22.0|0.0|244.0|39.0|73.0|0.534|7.0|24.0|0.292|32.0|49.0|0.653|0.5820000000000001|24.0|29.0|0.828|3.0|20.0|23.0|26.0|12.0|2.0|20.0|30.0|109.0
13|2010-11|29.0|TOR|NBA|PG|3.0|0.0|22.0|0.0|2.0|0.0|0.0|0.0||0.0|2.0|0.0|0.0|6.0|8.0|0.75|0.0|1.0|1.0|3.0|1.0|0.0|2.0|4.0|6.0
