|Season|Age|Tm|Lg|Pos|G|GS|MP|FG|FGA|FG%|3P|3PA|3P%|2P|2PA|2P%|eFG%|FT|FTA|FT%|ORB|DRB|TRB|AST|BLK|TOV|PF|PTS
0|1961-62|25.0|CIN|NBA|SG|80.0||1462.0|202.0|499.0|0.405||||202.0|499.0|0.405|0.405|172.0|222.0|0.775|||151.0|167.0|||101.0|576.0
1|1962-63|26.0|CIN|NBA|SG|79.0||1522.0|241.0|544.0|0.44299999999999995||||241.0|544.0|0.44299999999999995|0.44299999999999995|223.0|275.0|0.8109999999999999|||174.0|141.0|||157.0|705.0
2|1963-64|27.0|CIN|NBA|SG|66.0||1524.0|234.0|576.0|0.406||||234.0|576.0|0.406|0.406|154.0|197.0|0.782|||147.0|145.0|||164.0|622.0
3|1964-65|28.0|CIN|NBA|SG|80.0||2745.0|463.0|1016.0|0.456||||463.0|1016.0|0.456|0.456|284.0|342.0|0.83|||220.0|240.0|||199.0|1210.0
4|1965-66|29.0|CIN|NBA|SG|80.0||2982.0|531.0|1310.0|0.405||||531.0|1310.0|0.405|0.405|408.0|480.0|0.85|||287.0|256.0|||276.0|1470.0
5|1966-67|30.0|CIN|NBA|SG|81.0||2636.0|502.0|1147.0|0.43799999999999994||||502.0|1147.0|0.43799999999999994|0.43799999999999994|343.0|380.0|0.903|||205.0|187.0|||272.0|1347.0
6|1967-68|31.0|CIN|NBA|SG|82.0||2783.0|480.0|1035.0|0.46399999999999997||||480.0|1035.0|0.46399999999999997|0.46399999999999997|320.0|386.0|0.8290000000000001|||185.0|272.0|||259.0|1280.0
7|1968-69|32.0|CIN|NBA|SG|73.0||1336.0|243.0|562.0|0.43200000000000005||||243.0|562.0|0.43200000000000005|0.43200000000000005|217.0|269.0|0.807|||105.0|127.0|||166.0|703.0
9|1969-70|33.0|CIN|NBA|SG|32.0||453.0|60.0|148.0|0.405||||60.0|148.0|0.405|0.405|52.0|60.0|0.867|||33.0|45.0|||56.0|172.0
10|1969-70|33.0|SFW|NBA|SG|45.0||634.0|93.0|268.0|0.34700000000000003||||93.0|268.0|0.34700000000000003|0.34700000000000003|100.0|110.0|0.909|||49.0|87.0|||66.0|286.0
11|1970-71|34.0|SFW|NBA|SG|21.0||247.0|38.0|89.0|0.42700000000000005||||38.0|89.0|0.42700000000000005|0.42700000000000005|35.0|41.0|0.8540000000000001|||24.0|30.0|||24.0|111.0
12|1971-72|35.0|VIR|ABA|SG|53.0||686.0|87.0|195.0|0.446|2.0|11.0|0.182|85.0|184.0|0.462|0.451|92.0|103.0|0.893|14.0|32.0|46.0|42.0||34.0|89.0|268.0
