|Season|Age|Tm|Lg|Pos|G|GS|MP|FG|FGA|FG%|3P|3PA|3P%|2P|2PA|2P%|eFG%|FT|FTA|FT%|ORB|DRB|TRB|AST|STL|BLK|TOV|PF|PTS
0|1972-73|22.0|BAL|NBA|PG|71.0||1217.0|205.0|451.0|0.455||||205.0|451.0|0.455|0.455|62.0|101.0|0.614|||72.0|237.0||||206.0|472.0
1|1973-74|23.0|CAP|NBA|PG|81.0||2339.0|477.0|997.0|0.478||||477.0|997.0|0.478|0.478|180.0|249.0|0.723|79.0|100.0|179.0|469.0|95.0|9.0||319.0|1134.0
2|1974-75|24.0|WSB|NBA|PG|81.0||2589.0|406.0|827.0|0.491||||406.0|827.0|0.491|0.491|131.0|186.0|0.7040000000000001|55.0|97.0|152.0|650.0|152.0|11.0||320.0|943.0
3|1975-76|25.0|DET|NBA|PG|19.0||687.0|99.0|235.0|0.42100000000000004||||99.0|235.0|0.42100000000000004|0.42100000000000004|42.0|56.0|0.75|14.0|30.0|44.0|193.0|35.0|3.0||83.0|240.0
4|1976-77|26.0|DET|NBA|PG|81.0||2117.0|310.0|605.0|0.512||||310.0|605.0|0.512|0.512|97.0|133.0|0.7290000000000001|28.0|70.0|98.0|592.0|88.0|8.0||271.0|717.0
6|1977-78|27.0|DET|NBA|PG|8.0||127.0|14.0|31.0|0.452||||14.0|31.0|0.452|0.452|9.0|13.0|0.6920000000000001|5.0|10.0|15.0|36.0|5.0|0.0|12.0|18.0|37.0
7|1977-78|27.0|NJN|NBA|PG|74.0||2686.0|481.0|1024.0|0.47||||481.0|1024.0|0.47|0.47|235.0|307.0|0.765|48.0|151.0|199.0|801.0|118.0|15.0|348.0|265.0|1197.0
8|1978-79|28.0|DET|NBA|PG|82.0||3064.0|534.0|1110.0|0.48100000000000004||||534.0|1110.0|0.48100000000000004|0.48100000000000004|192.0|266.0|0.722|62.0|147.0|209.0|1099.0|158.0|5.0|337.0|302.0|1260.0
9|1979-80|29.0|WSB|NBA|PG|70.0||1494.0|201.0|438.0|0.45899999999999996|0.0|4.0|0.0|201.0|434.0|0.46299999999999997|0.45899999999999996|110.0|137.0|0.8029999999999999|25.0|57.0|82.0|457.0|59.0|11.0|164.0|180.0|512.0
10|1980-81|30.0|WSB|NBA|PG|81.0||2577.0|446.0|859.0|0.519|3.0|12.0|0.25|443.0|847.0|0.523|0.521|191.0|247.0|0.773|35.0|89.0|124.0|734.0|110.0|10.0|251.0|257.0|1086.0
11|1982-83|32.0|WSB|NBA|PG|11.0|0.0|210.0|21.0|40.0|0.525|0.0|0.0||21.0|40.0|0.525|0.525|5.0|6.0|0.833|2.0|3.0|5.0|46.0|10.0|0.0|21.0|30.0|47.0
