player_id|Rk|Unnamed: 1|Age|G|GS|MP|FG|FGA|FG%|FT|FTA|FT%|ORB|DRB|TRB|AST|STL|BLK|TOV|PF|PTS|player_id
carrml01|1|M.L. Carr|28|80||3207|587|1143|0.514|323|435|0.743|219|370|589|262|197|46|255|279|1497|carrml01
porteke01|2|Kevin Porter|28|82||3064|534|1110|0.48100000000000004|192|266|0.722|62|147|209|1099|158|5|337|302|1260|porteke01
tylerte01|3|Terry Tyler|22|82||2560|456|946|0.48200000000000004|144|219|0.6579999999999999|211|437|648|89|104|201|141|254|1056|tylerte01
longjo01|4|John Long|22|82||2498|581|1240|0.469|157|190|0.826|127|139|266|121|102|19|137|224|1319|longjo01
douglle01|5|Leon Douglas|24|78||2215|342|698|0.49|208|328|0.634|248|416|664|74|39|55|190|319|892|douglle01
laniebo01|6|Bob Lanier|30|53||1835|489|950|0.515|275|367|0.7490000000000001|164|330|494|140|50|75|175|181|1253|laniebo01
poquebe01|7|Ben Poquette|23|76||1337|198|464|0.42700000000000005|111|142|0.782|99|237|336|57|38|98|65|198|507|poquebe01
tatumea01|8|Earl Tatum|25|76||1195|272|607|0.44799999999999995|48|66|0.727|40|81|121|72|78|33|85|158|592|tatumea01
wakefan01|9|Andre Wakefield|24|71||578|62|176|0.35200000000000004|48|69|0.696|25|51|76|69|19|2|71|68|172|wakefan01
greenri01|10|Rickey Green|24|27||431|67|177|0.379|45|67|0.672|15|25|40|63|25|1|44|37|179|greenri01
breweji01|11|Jim Brewer|27|25||310|27|60|0.45|3|15|0.2|34|71|105|13|13|10|19|38|57|breweji01
hollies01|12|Essie Hollis|23|25||154|30|75|0.4|9|12|0.75|21|24|45|6|11|1|14|28|69|hollies01
fordch01|13|Chris Ford|30|3||108|13|35|0.371|7|8|0.875|9|9|18|5|1|1|10|9|33|fordch01
howarot01|14|Otis Howard|22|11||91|19|45|0.42200000000000004|11|23|0.478|13|21|34|4|2|2|5|16|49|howarot01
sheppst01|15|Steve Sheppard|24|20||76|12|25|0.48|8|15|0.5329999999999999|9|10|19|4|3|1|4|10|32|sheppst01
mcneila01|16|Larry McNeill|28|11||46|9|20|0.45|11|12|0.917|3|7|10|3|0|0|4|7|29|mcneila01
boydde01|17|Dennis Boyd|24|5||40|3|12|0.25|0|0||0|2|2|7|0|0|6|5|6|boydde01
hawkiro01|18|Bubbles Hawkins|24|4||28|6|16|0.375|6|6|1.0|3|3|6|4|5|0|2|7|18|hawkiro01
gerargu01|19|Gus Gerard|25|2||6|1|3|0.33299999999999996|1|2|0.5|1|0|1|0|2|0|0|0|3|gerargu01
behagro01|20|Ron Behagen|28|1||1|0|0||0|0||0|0|0|0|0|0|1|1|0|behagro01
