|Season|Age|Tm|Lg|MP|FG|FGA|3P|3PA|2P|2PA|FT|FTA|ORB|DRB|TRB|AST|STL|BLK|TOV|PF|PTS|GmSc
0|2009-10|21.0|ATL|NBA|48:00|11|19|1|4|10|15|6|6|1|5|5|15|4|2|5|5|24|21.9
1|2010-11|22.0|ATL|NBA|44:18|11|17|4|4|10|15|7|9|1|7|8|6|5|3|4|4|24|23.5
2|2011-12|23.0|ATL|NBA|52:32|9|16|4|5|9|14|10|11|3|6|7|11|5|3|7|5|24|25.1
3|2012-13|24.0|ATL|NBA|45:41|12|22|4|7|10|19|8|8|2|5|6|15|6|3|6|6|28|26.6
4|2013-14|25.0|ATL|NBA|48:44|14|24|4|7|14|20|13|15|3|7|8|15|4|2|7|5|34|30.4
5|2014-15|26.0|ATL|NBA|43:52|10|23|3|7|9|19|12|14|2|7|8|15|4|3|6|5|28|28.8
6|2015-16|27.0|ATL|NBA|38:16|12|23|5|9|10|17|12|14|4|6|6|12|4|3|6|6|32|31.6
7|2016-17|28.0|IND|NBA|43:32|10|19|4|9|9|17|12|13|1|9|9|17|6|3|7|6|31|32.4
8|2017-18|29.0|MIN|NBA|42:47|10|19|4|8|8|15|16|17|2|7|7|15|6|3|6|5|30|26.3
9|2018-19|30.0|MIN|NBA|37:50|11|18|3|6|10|15|9|9|4|6|6|18|4|3|5|6|27|29.1
