|Season|Age|Tm|Lg|Pos|G|GS|MP|FG|FGA|FG%|3P|3PA|3P%|2P|2PA|2P%|FT|FTA|FT%|ORB|DRB|TRB|AST|STL|BLK|TOV|PF|PTS|ORtg|DRtg
0|2009-10|21.0|ATL|NBA|PG|9.0|0.0|59.0|6.6|19.9|0.33299999999999996|1.9|4.7|0.4|4.7|15.2|0.313|0.0|0.0||0.0|1.9|1.9|3.8|2.8|0.9|3.8|2.8|15.2|75.0|113.0
1|2010-11|22.0|ATL|NBA|PG|8.0|6.0|238.0|8.7|16.9|0.514|0.2|1.6|0.14300000000000002|8.4|15.3|0.5539999999999999|4.5|5.4|0.826|0.0|4.0|4.0|6.6|1.4|0.7|1.9|2.3|22.1|116.0|109.0
2|2011-12|23.0|ATL|NBA|PG|6.0|6.0|225.0|7.3|17.7|0.41100000000000003|1.7|4.1|0.41200000000000003|5.6|13.6|0.41100000000000003|4.1|4.6|0.895|1.0|4.4|5.3|6.1|1.2|1.2|2.4|4.4|20.4|105.0|98.0
3|2012-13|24.0|ATL|NBA|PG|6.0|6.0|213.0|6.7|20.0|0.33299999999999996|0.7|2.5|0.3|5.9|17.5|0.33799999999999997|5.7|6.9|0.821|0.7|3.5|4.2|7.4|2.2|0.5|3.5|4.2|19.8|89.0|105.0
4|2013-14|25.0|ATL|NBA|PG|7.0|7.0|242.0|9.6|24.5|0.39299999999999996|2.0|5.9|0.33299999999999996|7.7|18.6|0.41200000000000003|8.3|8.7|0.95|1.1|4.6|5.7|7.7|1.5|0.9|4.6|3.3|29.5|103.0|105.0
5|2014-15|26.0|ATL|NBA|PG|16.0|16.0|529.0|9.5|23.2|0.41|2.0|6.3|0.32299999999999995|7.5|16.9|0.44299999999999995|5.0|5.8|0.867|1.0|4.0|4.9|10.4|2.3|0.7|4.2|3.3|26.1|102.0|105.0
6|2015-16|27.0|ATL|NBA|PG|10.0|10.0|279.0|8.3|21.7|0.38|1.6|6.5|0.25|6.7|15.3|0.435|7.9|9.3|0.846|0.5|2.9|3.4|11.1|1.1|0.4|4.5|5.4|26.1|103.0|111.0
7|2016-17|28.0|IND|NBA|PG|4.0|4.0|142.0|7.8|16.0|0.489|3.2|6.1|0.529|4.6|10.0|0.46399999999999997|5.3|6.4|0.833|0.0|4.6|4.6|8.9|1.4|1.1|2.9|4.3|24.2|129.0|120.0
8|2017-18|29.0|MIN|NBA|PG|5.0|5.0|153.0|7.6|16.8|0.451|2.3|5.9|0.389|5.3|10.9|0.485|4.0|5.6|0.706|1.0|5.0|5.9|9.6|1.0|0.7|4.6|6.3|21.5|105.0|118.0
