|Season|Age|Tm|Lg|Pos|G|MP|PER|TS%|3PAr|FTr|ORB%|DRB%|TRB%|AST%|STL%|BLK%|TOV%|USG%|OWS|DWS|WS|WS/48|OBPM|DBPM|BPM|VORP
0|1985-86|23.0|NYK|NBA|C|50.0|1771.0|17.4|0.526|0.006|0.376|7.6|21.9|14.4|9.6|1.5|3.6|15.3|26.5|0.0|3.1|3.1|0.084|-1.3|2.2|0.9|1.3
1|1986-87|24.0|NYK|NBA|PF|63.0|2206.0|18.9|0.5489999999999999|0.006999999999999999|0.39399999999999996|7.9|20.4|14.1|7.8|2.0|3.9|15.6|27.7|0.6|2.8|3.5|0.075|-0.7|1.3|0.6|1.5
2|1987-88|25.0|NYK|NBA|C|82.0|2546.0|21.9|0.594|0.003|0.402|10.7|20.0|15.2|8.3|2.0|6.0|17.1|26.8|3.4|4.7|8.1|0.154|1.2|3.2|4.4|4.1
3|1988-89|26.0|NYK|NBA|C|80.0|2896.0|22.1|0.607|0.005|0.37799999999999995|8.0|20.7|14.2|9.5|1.9|5.6|15.1|23.6|6.2|4.7|10.9|0.18100000000000002|1.5|3.2|4.7|4.9
4|1989-90|27.0|NYK|NBA|C|82.0|3165.0|25.8|0.599|0.002|0.387|8.5|22.4|15.7|10.0|1.2|5.9|12.4|29.4|8.3|5.3|13.5|0.205|2.6|1.9|4.6|5.2
5|1990-91|28.0|NYK|NBA|C|81.0|3104.0|23.7|0.561|0.004|0.379|7.4|25.7|16.8|14.1|1.3|5.0|13.2|31.1|4.4|5.6|10.0|0.155|1.3|2.6|3.9|4.6
6|1991-92|29.0|NYK|NBA|C|82.0|3150.0|22.8|0.563|0.004|0.335|8.4|24.9|16.8|8.5|1.4|5.0|10.7|27.2|6.1|6.9|13.0|0.198|1.1|3.0|4.0|4.8
7|1992-93|30.0|NYK|NBA|C|81.0|3003.0|20.8|0.546|0.005|0.359|7.3|28.4|18.2|9.2|1.3|3.6|12.9|29.7|2.6|8.1|10.6|0.17|-0.8|3.0|2.2|3.2
8|1993-94|31.0|NYK|NBA|C|79.0|2972.0|22.9|0.551|0.009000000000000001|0.387|8.5|24.9|16.9|11.3|1.6|5.1|12.9|29.8|5.1|8.0|13.1|0.21100000000000002|0.5|3.9|4.5|4.9
9|1994-95|32.0|NYK|NBA|C|79.0|2920.0|21.9|0.555|0.013999999999999999|0.386|6.6|27.5|17.4|14.4|1.2|4.1|13.1|30.7|3.1|6.5|9.6|0.157|-0.7|2.9|2.2|3.1
10|1995-96|33.0|NYK|NBA|C|76.0|2783.0|20.9|0.516|0.019|0.317|6.9|26.9|17.1|11.2|1.3|5.1|11.8|31.5|0.6|6.1|6.8|0.11599999999999999|-2.9|2.4|-0.4|1.1
11|1996-97|34.0|NYK|NBA|C|78.0|2887.0|21.3|0.5479999999999999|0.006999999999999999|0.434|7.5|26.4|17.3|10.8|1.3|5.3|14.4|29.8|2.9|6.9|9.8|0.163|-1.7|3.3|1.7|2.7
12|1997-98|35.0|NYK|NBA|C|26.0|848.0|23.3|0.557|0.005|0.462|8.3|29.3|18.8|6.8|1.0|5.3|13.7|31.1|1.0|2.0|3.0|0.168|-1.8|1.6|-0.2|0.4
13|1998-99|36.0|NYK|NBA|C|38.0|1300.0|19.4|0.491|0.004|0.40700000000000003|7.0|26.5|17.1|7.0|1.3|6.0|12.9|28.4|0.2|3.1|3.3|0.12300000000000001|-3.3|2.8|-0.5|0.5
14|1999-00|37.0|NYK|NBA|C|62.0|2035.0|16.9|0.516|0.003|0.365|8.4|26.2|17.6|5.2|1.0|3.1|13.6|24.3|0.9|3.9|4.8|0.113|-2.8|1.2|-1.6|0.2
15|2000-01|38.0|SEA|NBA|C|79.0|2107.0|12.9|0.478|0.003|0.36700000000000005|6.8|25.0|15.9|7.0|1.3|3.1|16.0|20.3|-0.5|2.5|2.0|0.046|-4.1|0.6|-3.4|-0.8
16|2001-02|39.0|ORL|NBA|C|65.0|901.0|14.4|0.49700000000000005|0.003|0.402|7.4|25.3|16.3|6.3|1.3|3.5|14.2|22.7|0.0|1.3|1.4|0.073|-4.9|-0.3|-5.1|-0.7
