|Season|Age|Tm|Lg|Pos|G|GS|MP|FG|FGA|FG%|3P|3PA|3P%|2P|2PA|2P%|FT|FTA|FT%|ORB|DRB|TRB|AST|STL|BLK|TOV|PF|PTS|ORtg|DRtg
0|1987-88|25.0|NYK|NBA|C|4.0|4.0|153.0|9.3|19.0|0.491|0.0|0.3|0.0|9.3|18.6|0.5|6.3|7.3|0.8640000000000001|5.3|11.6|17.0|3.3|2.0|4.3|3.7|5.7|24.9|112.0|110.0
1|1988-89|26.0|NYK|NBA|C|9.0|9.0|340.0|10.5|21.5|0.486|0.0|0.0||10.5|21.5|0.486|5.8|7.8|0.75|3.4|10.0|13.4|3.0|1.3|2.7|2.2|5.2|26.7|114.0|108.0
2|1989-90|27.0|NYK|NBA|C|10.0|10.0|395.0|14.6|28.0|0.521|0.1|0.3|0.5|14.4|27.7|0.521|8.3|10.1|0.823|2.7|10.7|13.4|4.0|1.7|2.6|3.4|5.2|37.5|115.0|112.0
3|1990-91|28.0|NYK|NBA|C|3.0|3.0|110.0|8.6|21.4|0.4|0.0|0.0||8.6|21.4|0.4|6.7|8.6|0.778|1.0|13.3|14.3|2.9|0.5|2.4|5.2|5.7|23.8|88.0|111.0
4|1991-92|29.0|NYK|NBA|C|12.0|12.0|482.0|12.8|28.1|0.456|0.0|0.1|0.0|12.8|28.0|0.45799999999999996|6.4|8.6|0.74|3.9|11.8|15.7|3.2|0.8|3.6|2.7|5.8|32.0|110.0|100.0
5|1992-93|30.0|NYK|NBA|C|15.0|15.0|604.0|14.5|28.3|0.512|0.1|0.1|1.0|14.4|28.2|0.511|4.5|7.0|0.638|3.8|10.6|14.4|3.2|1.5|2.7|3.4|5.3|33.6|109.0|103.0
6|1993-94|31.0|NYK|NBA|C|25.0|25.0|1032.0|11.2|25.6|0.43700000000000006|0.2|0.6|0.364|11.0|25.0|0.43799999999999994|6.5|8.7|0.755|4.7|10.9|15.6|3.5|1.7|4.0|4.4|5.0|29.1|101.0|94.0
7|1994-95|32.0|NYK|NBA|C|11.0|11.0|399.0|11.2|21.8|0.513|0.1|0.4|0.33299999999999996|11.0|21.4|0.516|6.7|9.8|0.6859999999999999|2.4|12.4|14.8|3.8|0.8|3.5|4.2|7.1|29.2|106.0|98.0
8|1995-96|33.0|NYK|NBA|C|8.0|8.0|328.0|11.1|23.5|0.474|0.2|0.3|0.5|11.0|23.1|0.474|7.0|10.8|0.6509999999999999|1.9|12.7|14.6|2.6|0.2|4.3|5.1|3.8|29.5|95.0|97.0
9|1996-97|34.0|NYK|NBA|C|9.0|9.0|357.0|13.5|25.5|0.527|0.0|0.2|0.0|13.5|25.4|0.53|4.1|6.4|0.643|4.0|10.6|14.5|2.6|0.5|3.4|4.1|4.6|31.0|103.0|100.0
10|1997-98|35.0|NYK|NBA|C|4.0|4.0|132.0|8.4|23.5|0.35700000000000004|0.0|0.0||8.4|23.5|0.35700000000000004|6.7|11.3|0.593|3.8|9.6|13.4|2.1|1.3|2.1|4.2|6.7|23.5|84.0|102.0
11|1998-99|36.0|NYK|NBA|C|11.0|11.0|347.0|9.5|22.0|0.43|0.0|0.0||9.5|22.0|0.43|4.6|5.9|0.778|2.3|13.4|15.6|1.0|1.1|1.3|1.6|5.7|23.5|100.0|94.0
12|1999-00|37.0|NYK|NBA|C|14.0|14.0|461.0|8.8|21.1|0.418|0.0|0.0||8.8|21.1|0.418|7.7|11.0|0.6970000000000001|3.6|12.9|16.5|0.7|2.0|2.5|3.3|5.9|25.3|96.0|95.0
13|2001-02|39.0|ORL|NBA|C|4.0|0.0|67.0|6.5|20.3|0.32|0.0|0.8|0.0|6.5|19.5|0.33299999999999996|8.1|13.8|0.588|4.1|13.8|17.9|3.3|0.8|3.3|1.6|9.8|21.1|91.0|99.0
