|Season|Age|Tm|Lg|Pos|G|MP|PER|TS%|3PAr|FTr|ORB%|DRB%|TRB%|AST%|STL%|BLK%|TOV%|USG%|OWS|DWS|WS|WS/48|OBPM|DBPM|BPM|VORP
0|1985-86|23.0|SAS|NBA|SF|16.0|174.0|9.7|0.456|0.016|0.21899999999999997|7.4|8.9|8.2|8.4|2.9|0.6|14.6|19.0|-0.1|0.2|0.1|0.017|-3.4|-0.3|-3.7|-0.1
2|1986-87|24.0|SAS|NBA|SF|31.0|732.0|11.6|0.469|0.0|0.254|7.5|10.5|9.0|14.8|2.5|0.2|13.6|18.6|0.1|0.5|0.6|0.04|-1.9|0.0|-1.9|0.0
3|1986-87|24.0|CLE|NBA|SF|32.0|438.0|9.2|0.45399999999999996|0.034|0.48700000000000004|8.9|14.7|11.8|5.2|1.8|0.3|12.3|14.8|0.0|0.5|0.6|0.062|-3.8|-0.3|-4.0|-0.2
5|1987-88|25.0|CLE|NBA|SF|54.0|1148.0|11.4|0.5379999999999999|0.009000000000000001|0.304|8.3|14.1|11.3|7.0|1.8|0.8|15.3|16.0|0.6|1.4|2.0|0.085|-1.6|0.5|-1.1|0.3
6|1987-88|25.0|PHO|NBA|SF|30.0|591.0|14.3|0.526|0.015|0.19699999999999998|9.1|15.7|12.4|13.6|2.4|0.3|14.7|17.8|0.4|0.5|0.9|0.076|-0.4|0.4|0.0|0.3
7|1988-89|26.0|PHO|NBA|SF|77.0|1655.0|14.7|0.5920000000000001|0.004|0.39399999999999996|11.8|13.7|12.8|8.9|2.3|0.4|14.7|15.0|3.1|2.3|5.4|0.156|1.9|1.8|3.6|2.3
8|1989-90|27.0|MIN|NBA|SF|82.0|3011.0|15.9|0.512|0.01|0.193|8.2|16.4|12.0|12.0|3.1|0.9|10.9|19.3|2.8|4.0|6.8|0.10800000000000001|0.5|2.0|2.6|3.5
9|1990-91|28.0|MIN|NBA|SF|82.0|3196.0|16.6|0.499|0.008|0.28300000000000003|6.3|15.7|10.7|17.1|2.6|1.1|12.4|22.7|2.6|2.9|5.4|0.081|0.6|1.0|1.6|2.9
11|1991-92|29.0|MIN|NBA|SF|11.0|344.0|13.8|0.478|0.006999999999999999|0.373|7.5|14.9|11.1|14.0|1.8|1.0|13.6|23.6|0.0|0.2|0.2|0.027999999999999997|-1.6|-0.8|-2.4|0.0
12|1991-92|29.0|UTA|NBA|SF|69.0|1863.0|13.6|0.562|0.006|0.303|8.9|15.3|12.2|8.0|1.9|0.5|11.4|14.4|2.9|2.5|5.4|0.139|0.6|1.6|2.2|1.9
13|1992-93|30.0|UTA|NBA|SF|82.0|2555.0|14.4|0.551|0.006999999999999999|0.285|8.9|14.0|11.6|9.8|2.1|0.8|11.1|16.3|3.8|3.0|6.7|0.126|0.9|1.7|2.6|3.0
14|1993-94|31.0|UTA|NBA|SF|82.0|2149.0|11.8|0.506|0.049|0.245|8.2|12.7|10.4|8.3|2.4|0.8|12.4|15.3|1.6|2.8|4.4|0.099|-0.6|2.0|1.4|1.8
15|1994-95|32.0|ATL|NBA|SF|81.0|1389.0|12.0|0.488|0.121|0.24600000000000002|8.0|14.1|11.0|8.0|2.1|0.9|12.6|19.2|0.2|2.0|2.1|0.073|-3.0|0.2|-2.8|-0.3
17|1995-96|33.0|SAC|NBA|SF|49.0|930.0|13.3|0.521|0.046|0.355|6.8|15.5|11.1|10.5|2.6|1.4|14.3|16.5|0.7|1.1|1.8|0.092|-1.6|1.3|-0.3|0.4
18|1995-96|33.0|MIA|NBA|SF|22.0|354.0|10.8|0.484|0.065|0.304|8.8|12.5|10.7|10.4|2.4|0.7|14.0|15.6|0.2|0.6|0.7|0.09699999999999999|-2.2|1.7|-0.5|0.1
19|1996-97|34.0|ATL|NBA|SF|70.0|2305.0|11.0|0.514|0.34700000000000003|0.18|4.0|11.0|7.6|9.0|2.2|0.2|11.6|15.0|1.8|3.1|5.0|0.10400000000000001|-0.6|1.0|0.5|1.4
20|1997-98|35.0|ATL|NBA|SF|79.0|2699.0|12.0|0.502|0.18899999999999997|0.171|3.5|12.0|7.9|10.6|2.1|0.2|9.7|15.3|2.9|2.7|5.5|0.098|0.2|0.5|0.7|1.8
21|1998-99|36.0|ATL|NBA|SF|47.0|1066.0|11.4|0.475|0.355|0.239|4.1|11.8|8.0|7.8|1.6|0.5|10.4|18.2|0.7|1.5|2.2|0.098|-0.7|0.2|-0.5|0.4
22|1999-00|37.0|SAC|NBA|SF|54.0|941.0|7.9|0.415|0.17800000000000002|0.158|4.4|13.9|9.1|8.7|1.8|0.3|9.9|13.0|-0.1|1.1|0.9|0.048|-3.4|0.8|-2.6|-0.1
23|2000-01|38.0|TOR|NBA|SF|15.0|117.0|-2.2|0.252|0.132|0.105|2.8|9.9|6.3|5.0|0.9|0.0|7.0|16.3|-0.4|0.1|-0.3|-0.126|-8.4|-2.6|-11.0|-0.3
