|Season|Age|Tm|Lg|Pos|G|GS|MP|FG|FGA|FG%|3P|3PA|3P%|2P|2PA|2P%|eFG%|FT|FTA|FT%|ORB|DRB|TRB|AST|STL|BLK|TOV|PF|PTS
0|2005-06|19.0|WAS|NBA|PF|29.0|0.0|6.0|0.9|2.3|0.38799999999999996|0.1|0.4|0.231|0.8|1.9|0.426|0.41|0.3|0.4|0.833|0.4|0.9|1.3|0.3|0.2|0.2|0.4|1.2|2.2
1|2006-07|20.0|WAS|NBA|PF|56.0|13.0|12.2|1.5|3.5|0.43700000000000006|0.1|0.5|0.14800000000000002|1.5|3.0|0.48200000000000004|0.447|0.5|0.9|0.612|1.4|2.0|3.4|0.7|0.3|0.6|0.9|1.7|3.7
2|2007-08|21.0|WAS|NBA|PF|82.0|15.0|20.4|3.1|6.5|0.474|0.0|0.2|0.231|3.1|6.4|0.48|0.47700000000000004|1.3|1.9|0.695|2.0|3.2|5.2|1.1|0.6|1.4|1.4|3.1|7.5
3|2008-09|22.0|WAS|NBA|C|71.0|36.0|24.0|4.2|8.9|0.47100000000000003|0.1|0.3|0.23800000000000002|4.1|8.6|0.479|0.475|1.6|2.3|0.7040000000000001|1.8|3.5|5.3|1.7|0.7|1.0|1.6|3.0|10.0
4|2009-10|23.0|WAS|NBA|PF|81.0|36.0|27.9|5.9|12.3|0.478|0.2|0.5|0.295|5.7|11.8|0.48700000000000004|0.485|2.1|2.9|0.7440000000000001|2.0|4.3|6.3|2.1|1.0|0.9|2.2|2.7|14.1
5|2010-11|24.0|WAS|NBA|PF|64.0|63.0|33.9|6.7|15.0|0.445|0.1|0.3|0.222|6.6|14.7|0.449|0.447|3.4|4.4|0.777|2.9|5.4|8.2|2.3|1.5|0.8|2.7|2.8|16.8
6|2011-12|25.0|WAS|NBA|PF|26.0|13.0|24.1|3.6|9.4|0.38|0.1|0.3|0.28600000000000003|3.5|9.2|0.382|0.384|1.3|1.9|0.6729999999999999|1.6|4.2|5.8|1.1|0.8|0.7|1.4|2.1|8.5
7|2012-13|26.0|BRK|NBA|C|82.0|8.0|19.0|4.2|8.2|0.512|0.0|0.3|0.136|4.2|8.0|0.524|0.514|1.8|2.6|0.685|2.0|3.1|5.1|1.0|1.0|0.7|1.5|2.0|10.3
8|2013-14|27.0|BRK|NBA|PF|73.0|7.0|22.2|4.4|9.2|0.47600000000000003|0.2|0.7|0.278|4.2|8.5|0.494|0.48700000000000004|2.2|3.0|0.742|1.6|3.7|5.3|1.5|1.0|0.5|1.5|2.3|11.2
