|Season|Age|Tm|Lg|Pos|G|GS|MP|FG|FGA|FG%|3P|3PA|3P%|2P|2PA|2P%|FT|FTA|FT%|ORB|DRB|TRB|AST|STL|BLK|TOV|PF|PTS
0|1977-78|22.0|SEA|NBA|C|22.0||701.0|5.9|12.7|0.466||||5.9|12.7|0.466|3.6|4.7|0.78|2.6|6.6|9.1|1.4|0.9|0.6|1.8|5.2|15.5
1|1978-79|23.0|SEA|NBA|C|17.0||655.0|5.6|12.3|0.455||||5.6|12.3|0.455|2.6|3.4|0.787|2.1|8.8|10.9|2.4|0.9|1.3|2.2|3.8|13.9
2|1979-80|24.0|SEA|NBA|C|15.0||534.0|4.4|11.0|0.39899999999999997|0.0|0.1|0.0|4.4|10.9|0.40399999999999997|3.1|3.6|0.852|2.0|6.5|8.5|3.7|1.1|0.3|2.4|3.7|11.9
3|1981-82|26.0|SEA|NBA|C|8.0||315.0|6.5|14.6|0.445|0.0|0.0||6.5|14.6|0.445|5.7|6.6|0.862|2.4|8.7|11.1|2.7|1.0|0.9|1.8|3.9|18.7
4|1982-83|27.0|SEA|NBA|C|2.0||75.0|5.3|14.9|0.355|0.0|0.5|0.0|5.3|14.4|0.36700000000000005|3.8|5.8|0.667|2.9|9.6|12.5|5.3|1.0|1.0|2.4|3.4|14.4
5|1983-84|28.0|SEA|NBA|C|5.0||193.0|9.1|18.3|0.5|0.0|0.2|0.0|9.1|18.1|0.505|2.2|2.6|0.857|2.1|7.5|9.5|0.9|0.6|1.3|1.7|4.1|20.5
6|1986-87|31.0|MIL|NBA|C|12.0|12.0|426.0|6.2|12.7|0.48700000000000004|0.0|0.1|0.0|6.2|12.6|0.49|4.1|4.1|0.98|2.8|8.2|11.0|1.9|1.3|0.8|1.5|4.7|16.4
7|1987-88|32.0|MIL|NBA|C|5.0|5.0|190.0|6.6|14.4|0.461|0.0|0.6|0.0|6.6|13.8|0.479|4.7|5.7|0.833|4.5|7.2|11.7|2.5|0.4|0.8|2.8|4.4|18.0
8|1988-89|33.0|MIL|NBA|C|9.0|9.0|301.0|4.4|11.2|0.39399999999999996|1.0|3.3|0.28600000000000003|3.5|7.9|0.439|2.8|3.3|0.821|1.1|4.9|6.0|3.6|1.0|0.5|2.5|4.9|12.6
9|1989-90|34.0|MIL|NBA|C|4.0|4.0|117.0|1.8|7.1|0.261|0.6|2.2|0.28600000000000003|1.2|4.9|0.25|1.8|2.5|0.75|0.0|4.3|4.3|2.2|0.6|1.2|3.7|5.8|6.2
10|1990-91|35.0|MIL|NBA|C|3.0|0.0|51.0|4.2|10.6|0.4|0.7|1.4|0.5|3.5|9.2|0.385|0.7|1.4|0.5|2.1|6.4|8.5|4.2|3.5|0.7|2.1|2.8|9.9
