|Season|Age|Tm|Lg|MP|FG|FGA|3P|3PA|2P|2PA|FT|FTA|ORB|DRB|TRB|AST|STL|BLK|TOV|PF|PTS|GmSc
0|1977-78|22.0|SEA|NBA||11|17|||||9|11|||12|5|4.0|2.0|4.0|6|28|
1|1978-79|23.0|SEA|NBA||10|18|||||13|15|5.0|15.0|17|8||||6|33|
2|1979-80|24.0|SEA|NBA||9|17|0.0|1.0|9.0|17.0|8|11|5.0|11.0|13|8|||6.0|6|20|
3|1981-82|26.0|SEA|NBA||10|19|0.0|0.0|10.0|19.0|14|14|4.0|13.0|17|5|||4.0|6|30|
4|1982-83|27.0|SEA|NBA||8|17|0.0|1.0|8.0|16.0|7|11|5.0|14.0|15|7|2.0|1.0|4.0|4|23|23.0
5|1983-84|28.0|SEA|NBA||12|24|0.0|1.0|12.0|24.0|5|6|5.0|13.0|17|2|2.0|2.0|3.0|6|27|20.7
6|1986-87|31.0|MIL|NBA||8|18|0.0|1.0|8.0|18.0|7|7|5.0|18.0|21|4|3.0|3.0|4.0|6|21|21.4
7|1987-88|32.0|MIL|NBA||9|17|0.0|1.0|9.0|17.0|9|10|8.0|9.0|17|4|1.0|2.0|7.0|5|25|26.1
8|1988-89|33.0|MIL|NBA||10|16|2.0|6.0|10.0|14.0|4|6|3.0|6.0|9|7|2.0|2.0|4.0|6|24|15.7
9|1989-90|34.0|MIL|NBA||3|8|2.0|3.0|3.0|6.0|3|4|0.0|5.0|5|2|1.0|2.0|6.0|5|8|4.6
10|1990-91|35.0|MIL|NBA||3|7|1.0|1.0|2.0|6.0|1|2|2.0|5.0|6|4|4.0|1.0|2.0|3|7|6.9
