|Season|Age|Tm|Lg|Pos|G|MP|FG%|Dist.|% of 2PA|% of 0-3|% of 3-10|% of 10-16|% of 16-3pt|% of 3P|2P %FG|0-3 %FG|3-10 %FG|10-16 %FG|16-3pt%FG|3P %FG|2P % Assisted|% of Dunks|Dunks Made|3P % Assisted|% of 3PA from Corner|Corner 3 %FG |Heaves Attempted|Heaves Made
0|2005-06|21.0|CHA|NBA|PG|80.0|2406.0|0.391|13.7|0.693|0.36|0.061|0.051|0.221|0.307|0.405|0.44|0.37|0.267|0.39|0.358|0.23399999999999999|0.015|10.0|0.753|0.129|0.371|8.0|1.0
1|2006-07|22.0|CHA|NBA|PG|78.0|2832.0|0.384|13.9|0.695|0.32899999999999996|0.069|0.045|0.252|0.305|0.40700000000000003|0.457|0.282|0.28300000000000003|0.39899999999999997|0.33|0.266|0.002|2.0|0.903|0.11900000000000001|0.297|6.0|0.0
2|2007-08|23.0|CHA|NBA|PG|79.0|2972.0|0.413|13.1|0.799|0.33899999999999997|0.064|0.063|0.33299999999999996|0.201|0.447|0.49700000000000005|0.5|0.429|0.389|0.28|0.185|0.002|1.0|0.696|0.175|0.28600000000000003|4.0|0.0
3|2008-09|24.0|CHA|NBA|PG|82.0|3086.0|0.408|13.3|0.809|0.3|0.10400000000000001|0.073|0.331|0.191|0.43700000000000006|0.47100000000000003|0.425|0.43|0.41200000000000003|0.285|0.295|0.003|3.0|0.9490000000000001|0.217|0.311|9.0|1.0
4|2009-10|25.0|CHA|NBA|PG|80.0|2643.0|0.45899999999999996|11.9|0.816|0.364|0.1|0.076|0.275|0.184|0.475|0.584|0.45899999999999996|0.42200000000000004|0.35200000000000004|0.385|0.29|0.008|6.0|0.867|0.25|0.33299999999999996|4.0|1.0
6|2010-11|26.0|NYK|NBA|PG|54.0|2074.0|0.423|15.1|0.665|0.213|0.16699999999999998|0.061|0.223|0.335|0.47100000000000003|0.585|0.381|0.38799999999999996|0.45299999999999996|0.32799999999999996|0.183|0.002|1.0|0.557|0.08199999999999999|0.591|2.0|0.0
7|2010-11|26.0|DEN|NBA|SG|21.0|663.0|0.431|14.8|0.701|0.235|0.162|0.044000000000000004|0.26|0.299|0.42|0.563|0.364|0.33299999999999996|0.34|0.45899999999999996|0.16699999999999998|0.0|0.0|0.929|0.098|0.5|1.0|0.0
8|2011-12|27.0|POR|NBA|PG|60.0|1906.0|0.40700000000000003|14.8|0.684|0.26899999999999996|0.106|0.055999999999999994|0.252|0.316|0.45299999999999996|0.5429999999999999|0.441|0.306|0.395|0.305|0.196|0.0|0.0|0.726|0.069|0.5|4.0|0.0
9|2012-13|28.0|NYK|NBA|PG|68.0|2313.0|0.42700000000000005|14.0|0.7070000000000001|0.298|0.125|0.06|0.22399999999999998|0.293|0.455|0.5820000000000001|0.382|0.226|0.389|0.36|0.201|0.001|1.0|0.742|0.14300000000000002|0.297|7.0|1.0
10|2013-14|29.0|NYK|NBA|PG|65.0|2017.0|0.395|14.6|0.679|0.245|0.132|0.081|0.222|0.321|0.431|0.55|0.3|0.429|0.37799999999999995|0.318|0.303|0.0|0.0|0.774|0.185|0.444|2.0|0.0
11|2014-15|30.0|DAL|NBA|PG|29.0|281.0|0.406|15.1|0.679|0.23600000000000002|0.113|0.085|0.245|0.321|0.45799999999999996|0.6|0.33299999999999996|0.444|0.385|0.294|0.242|0.0|0.0|0.6|0.11800000000000001|0.0|1.0|0.0
12|2015-16|31.0|DAL|NBA|PG|80.0|2192.0|0.406|13.8|0.688|0.217|0.198|0.073|0.19899999999999998|0.312|0.46299999999999997|0.635|0.4|0.38|0.368|0.282|0.207|0.0|0.0|0.733|0.17800000000000002|0.263|2.0|0.0
13|2016-17|32.0|LAC|NBA|PG|80.0|1700.0|0.43|14.0|0.72|0.28600000000000003|0.14|0.066|0.228|0.28|0.473|0.612|0.40299999999999997|0.324|0.385|0.319|0.24600000000000002|0.0|0.0|0.7390000000000001|0.188|0.593|6.0|0.0
14|2017-18|33.0|OKC|NBA|PG|82.0|1365.0|0.406|16.9|0.583|0.168|0.111|0.092|0.212|0.41700000000000004|0.444|0.5379999999999999|0.44299999999999995|0.373|0.402|0.35200000000000004|0.077|0.0|0.0|0.728|0.17|0.462|10.0|0.0
15|2018-19|34.0|OKC|NBA|PG|33.0|379.0|0.40700000000000003|18.1|0.5479999999999999|0.10400000000000001|0.156|0.08900000000000001|0.2|0.452|0.473|0.5710000000000001|0.47600000000000003|0.25|0.519|0.32799999999999996|0.086|0.0|0.0|0.9|0.16399999999999998|0.4|1.0|0.0
