player_id|Rk|Unnamed: 1|Age|G|GS|MP|FG|FGA|FG%|3P|3PA|3P%|2P|2PA|2P%|eFG%|FT|FTA|FT%|ORB|DRB|TRB|AST|STL|BLK|TOV|PF|PTS|player_id
terryja01|1|Jason Terry|23|82|77|3089|596|1367|0.436|124|314|0.395|472|1053|0.44799999999999995|0.48100000000000004|303|358|0.846|42|227|269|403|104|12|239|204|1619|terryja01
wrighlo02|2|Lorenzen Wright|25|71|46|1988|363|811|0.44799999999999995|0|2|0.0|363|809|0.449|0.44799999999999995|155|216|0.718|180|355|535|87|42|63|125|232|881|wrighlo02
hendeal01|3|Alan Henderson|28|73|42|1810|298|671|0.444|0|1|0.0|298|670|0.445|0.444|173|271|0.638|180|226|406|50|51|29|126|164|769|hendeal01
mutomdi01|4|Dikembe Mutombo|34|49|49|1716|169|354|0.47700000000000004|0|0||169|354|0.47700000000000004|0.47700000000000004|107|154|0.695|188|505|693|54|20|137|92|139|445|mutomdi01
malonma01|5|Matt Maloney|29|55|27|1403|146|348|0.42|51|142|0.359|95|206|0.461|0.493|26|34|0.765|14|103|117|154|56|5|70|94|369|malonma01
knighbr01|6|Brevin Knight|25|47|43|1364|137|356|0.385|1|10|0.1|136|346|0.39299999999999996|0.386|49|60|0.8170000000000001|22|139|161|286|95|3|84|138|324|knighbr01
johnsde03|7|DerMarr Johnson|20|78|21|1313|146|390|0.374|41|127|0.32299999999999995|105|263|0.39899999999999997|0.42700000000000005|64|87|0.736|56|122|178|64|43|30|93|134|397|johnsde03
mottoha01|8|Hanno Möttölä|24|73|3|989|123|277|0.444|0|3|0.0|123|274|0.449|0.444|73|90|0.8109999999999999|49|125|174|25|11|9|67|163|319|mottoha01
glovedi01|9|Dion Glover|22|57|7|929|141|336|0.42|9|46|0.196|132|290|0.455|0.433|47|69|0.6809999999999999|39|92|131|69|49|10|54|92|338|glovedi01
mcleoro01|10|Roshown McLeod|25|34|25|907|144|330|0.436|2|21|0.095|142|309|0.46|0.439|45|51|0.882|37|81|118|58|23|8|57|88|335|mcleoro01
crawfch01|11|Chris Crawford|25|47|22|901|122|270|0.452|6|22|0.273|116|248|0.46799999999999997|0.46299999999999997|68|83|0.8190000000000001|28|82|110|37|21|16|62|117|318|crawfch01
mohamna01|12|Nazr Mohammed|23|28|19|716|135|281|0.48|0|1|0.0|135|280|0.48200000000000004|0.48|75|98|0.765|97|155|252|17|23|28|55|73|345|mohamna01
robinla01|13|Larry Robinson|33|33|1|631|67|184|0.364|44|116|0.379|23|68|0.33799999999999997|0.484|21|24|0.875|23|64|87|36|28|2|24|46|199|robinla01
kukocto01|14|Toni Kukoč|32|17|14|618|124|252|0.49200000000000005|38|79|0.48100000000000004|86|173|0.49700000000000005|0.5670000000000001|49|72|0.6809999999999999|19|78|97|106|13|5|51|36|335|kukocto01
jacksji01|15|Jim Jackson|30|17|14|550|77|217|0.355|16|38|0.42100000000000004|61|179|0.341|0.392|73|85|0.8590000000000001|17|62|79|50|19|4|48|42|243|jacksji01
bowdlca01|16|Cal Bowdler|23|44|0|375|53|114|0.465|1|5|0.2|52|109|0.47700000000000004|0.469|33|40|0.825|30|47|77|4|10|21|11|45|140|bowdlca01
johnsan02|17|Anthony Johnson|26|25|0|279|26|71|0.366|0|3|0.0|26|68|0.382|0.366|12|17|0.706|3|20|23|34|17|5|20|41|64|johnsan02
smithto02|18|Tony Smith|32|6|0|78|8|23|0.348|0|2|0.0|8|21|0.381|0.348|1|2|0.5|2|1|3|10|7|0|9|12|17|smithto02
sanchpe01|19|Pepe Sánchez|23|5|0|34|0|7|0.0|0|0||0|7|0.0|0.0|0|0||1|0|1|5|2|0|3|3|0|sanchpe01
bowmair01|20|Ira Bowman|27|3|0|19|0|2|0.0|0|0||0|2|0.0|0.0|0|0||1|1|2|7|0|0|1|0|0|bowmair01
colsose01|21|Sean Colson|25|3|0|14|0|5|0.0|0|1|0.0|0|4|0.0|0.0|0|0||0|3|3|3|0|0|2|0|0|colsose01
millean01|22|Anthony Miller|29|2|0|6|1|2|0.5|0|0||1|2|0.5|0.5|0|0||0|2|2|0|0|0|1|0|2|millean01
pankoan01|23|Andy Panko|23|1|0|1|0|0||0|0||0|0|||0|0||0|0|0|0|0|0|0|0|0|pankoan01
