|Season|Age|Tm|Lg|Pos|G|GS|MP|FG|FGA|FG%|3P|3PA|3P%|2P|2PA|2P%|FT|FTA|FT%|ORB|DRB|TRB|AST|STL|BLK|TOV|PF|PTS|ORtg|DRtg
0|2010-11|20.0|BOS|NBA|PG|31.0|0.0|162.0|7.5|22.0|0.34299999999999997|0.0|1.6|0.0|7.5|20.3|0.371|2.0|3.9|0.5|1.3|4.3|5.6|3.9|3.0|0.0|5.2|6.6|17.0|68.0|101.0
1|2011-12|21.0|BOS|NBA|PG|64.0|28.0|1368.0|7.8|15.6|0.498|0.9|2.1|0.40700000000000003|6.9|13.5|0.511|2.4|3.0|0.795|1.3|3.1|4.5|3.4|1.7|0.5|2.9|4.2|18.8|100.0|102.0
2|2012-13|22.0|BOS|NBA|PG|50.0|50.0|1435.0|7.0|17.4|0.402|1.5|4.6|0.317|5.5|12.8|0.43200000000000005|1.3|1.8|0.755|1.1|3.0|4.0|3.8|2.3|0.7|2.6|4.7|16.8|90.0|105.0
3|2013-14|23.0|BOS|NBA|SG|60.0|58.0|1855.0|10.0|22.9|0.43799999999999994|2.2|5.5|0.395|7.8|17.3|0.451|2.5|3.1|0.804|1.3|4.9|6.3|2.4|1.7|0.3|2.7|4.0|24.7|100.0|109.0
4|2014-15|24.0|BOS|NBA|SG|77.0|77.0|2428.0|9.0|20.9|0.429|2.6|7.3|0.35200000000000004|6.4|13.6|0.47|1.6|2.1|0.79|0.9|4.0|5.0|2.8|1.7|0.3|2.2|3.7|22.1|99.0|107.0
5|2015-16|25.0|BOS|NBA|SG|76.0|72.0|2536.0|8.8|19.6|0.447|2.8|7.8|0.361|5.9|11.8|0.505|1.8|2.4|0.78|0.9|3.3|4.2|3.0|2.2|0.4|2.1|3.2|22.2|105.0|106.0
6|2016-17|26.0|BOS|NBA|SG|55.0|55.0|1835.0|9.7|20.9|0.46299999999999997|2.9|7.5|0.39|6.8|13.5|0.504|1.8|2.5|0.731|1.8|7.3|9.0|3.3|1.8|0.3|2.4|3.8|24.2|105.0|108.0
8|2017-18|27.0|DET|NBA|SG|40.0|40.0|1268.0|9.2|22.4|0.409|2.9|7.6|0.381|6.3|14.8|0.423|2.4|3.1|0.763|0.7|3.0|3.7|3.3|1.8|0.3|3.7|3.1|23.6|92.0|110.0
9|2017-18|27.0|LAC|NBA|SG|6.0|6.0|165.0|7.7|16.2|0.473|0.3|2.7|0.111|7.4|13.6|0.5429999999999999|0.6|0.6|1.0|0.9|5.6|6.5|3.2|1.5|0.3|2.4|3.5|16.2|96.0|112.0
11|2018-19|28.0|LAC|NBA|SG|49.0|49.0|1463.0|5.2|13.5|0.38299999999999995|1.9|5.5|0.337|3.3|8.0|0.415|0.6|0.8|0.8|1.1|3.1|4.2|3.1|0.9|0.5|2.0|4.3|12.9|93.0|116.0
12|2018-19|28.0|MEM|NBA|SG|14.0|14.0|442.0|9.8|21.1|0.46299999999999997|3.1|8.2|0.384|6.6|12.9|0.513|2.6|2.8|0.92|0.9|4.0|4.9|6.3|1.6|0.0|3.1|3.8|25.3|107.0|112.0
