|Season|Age|Tm|Lg|Pos|G|MP|PG%|SG%|SF%|PF%|C%|OnCourt|On-Off|BadPass|LostBall|Shoot|Off.|Shoot.1|Off..1|PGA|And1|Blkd
0|2002-03|25.0|SAS|NBA|SG|69|1431|0|96|4|0|0|6.3|0.3|50|24|48|12|69|0|307|15|32
1|2003-04|26.0|SAS|NBA|SG|77|2260|3|89|7|0|0|8.8|1.7|98|39|67|14|106|0|640|29|46
2|2004-05|27.0|SAS|NBA|SG|74|2193|0|59|39|2|0|16.6|17.2|97|37|59|24|165|0|637|37|50
3|2005-06|28.0|SAS|NBA|SG|65|1813|0|83|17|0|0|12.1|7.3|60|34|59|15|120|48|536|23|33
4|2006-07|29.0|SAS|NBA|SG|75|2060|0|75|25|0|0|13.4|8.7|84|42|58|17|149|33|588|37|40
5|2007-08|30.0|SAS|NBA|SG|74|2299|5|94|2|0|0|9.2|9.3|117|51|68|20|152|27|742|23|44
6|2008-09|31.0|SAS|NBA|SG|44|1181|0|58|42|0|0|3.5|-0.8|49|26|30|8|69|19|357|17|22
7|2009-10|32.0|SAS|NBA|SG|75|2150|2|65|33|1|0|8.7|6.7|101|31|61|12|124|38|817|31|47
8|2010-11|33.0|SAS|NBA|SG|80|2426|0|58|41|1|0|11.4|13.2|105|46|60|10|142|28|899|33|49
9|2011-12|34.0|SAS|NBA|SG|34|792|6|87|7|0|0|15.1|9.7|44|18|23|1|33|8|333|7|14
10|2012-13|35.0|SAS|NBA|SG|60|1393|3|76|21|0|0|7.9|1.7|82|34|49|5|83|14|626|22|26
11|2013-14|36.0|SAS|NBA|SG|68|1550|2|93|5|0|0|12.8|7.7|109|17|60|4|65|27|667|13|32
12|2014-15|37.0|SAS|NBA|SG|70|1587|1|66|32|0|0|9.2|4.5|107|35|42|6|65|19|675|13|37
13|2015-16|38.0|SAS|NBA|SG|58|1134|1|86|13|0|0|14.5|4.3|58|32|26|6|31|19|396|5|22
14|2016-17|39.0|SAS|NBA|SG|69|1291|1|65|34|0|0|10.1|3.2|70|20|33|3|34|19|429|11|19
15|2017-18|40.0|SAS|NBA|SG|65|1299|0|43|55|2|0|1.1|-2.7|76|21|37|3|43|15|373|13|25
