|Season|Age|Tm|Lg|Pos|G|MP|FG%|Dist.|% of 2PA|% of 0-3|% of 3-10|% of 10-16|% of 16-3pt|% of 3P|2P %FG|0-3 %FG|3-10 %FG|10-16 %FG|16-3pt%FG|3P %FG|2P % Assisted|% of Dunks|Dunks Made|3P % Assisted|% of 3PA from Corner|Corner 3 %FG |Heaves Attempted|Heaves Made
0|2002-03|25.0|SAS|NBA|SG|69|1431|0.43799999999999994|12.6|0.627|0.34299999999999997|0.154|0.068|0.063|0.373|0.494|0.647|0.295|0.37|0.28|0.345|0.431|0.045|17|0.902|0.318|0.27699999999999997|2|0
1|2003-04|26.0|SAS|NBA|SG|77|2260|0.418|12.3|0.6890000000000001|0.332|0.17|0.085|0.10300000000000001|0.311|0.445|0.573|0.32799999999999996|0.299|0.34600000000000003|0.359|0.401|0.03|20|0.852|0.273|0.373|6|0
2|2004-05|27.0|SAS|NBA|SG|74|2193|0.47100000000000003|11.5|0.669|0.369|0.165|0.069|0.065|0.331|0.517|0.615|0.457|0.37|0.275|0.376|0.433|0.027999999999999997|22|0.907|0.349|0.37799999999999995|1|0
3|2005-06|28.0|SAS|NBA|SG|65|1813|0.462|12.0|0.6759999999999999|0.348|0.17600000000000002|0.066|0.085|0.324|0.5|0.584|0.424|0.43200000000000005|0.368|0.382|0.363|0.019|11|0.8190000000000001|0.221|0.41700000000000004|1|0
4|2006-07|29.0|SAS|NBA|SG|75|2060|0.46399999999999997|13.5|0.622|0.307|0.128|0.083|0.10400000000000001|0.37799999999999995|0.505|0.607|0.46799999999999997|0.39399999999999996|0.337|0.396|0.44799999999999995|0.013000000000000001|10|0.875|0.226|0.479|1|0
5|2007-08|30.0|SAS|NBA|SG|74|2299|0.46|15.1|0.605|0.25|0.096|0.091|0.168|0.395|0.499|0.626|0.39399999999999996|0.389|0.43|0.401|0.26899999999999996|0.018000000000000002|14|0.795|0.159|0.435|3|0
6|2008-09|31.0|SAS|NBA|SG|44|1181|0.45399999999999996|15.2|0.574|0.281|0.071|0.08800000000000001|0.134|0.426|0.546|0.688|0.429|0.37200000000000005|0.424|0.33|0.33799999999999997|0.006|3|0.725|0.20600000000000002|0.27899999999999997|3|0
7|2009-10|32.0|SAS|NBA|SG|75|2150|0.441|13.9|0.612|0.301|0.122|0.068|0.122|0.38799999999999996|0.48100000000000004|0.61|0.391|0.377|0.309|0.377|0.331|0.019|16|0.727|0.177|0.29|1|0
8|2010-11|33.0|SAS|NBA|SG|80|2426|0.433|15.4|0.5670000000000001|0.215|0.158|0.071|0.12300000000000001|0.433|0.49700000000000005|0.639|0.41600000000000004|0.5|0.35200000000000004|0.349|0.376|0.013999999999999999|13|0.675|0.172|0.368|3|0
9|2011-12|34.0|SAS|NBA|SG|34|792|0.526|14.8|0.5579999999999999|0.284|0.11199999999999999|0.06|0.102|0.442|0.616|0.778|0.469|0.588|0.345|0.413|0.316|0.021|5|0.8270000000000001|0.16699999999999998|0.381|1|0
10|2012-13|35.0|SAS|NBA|SG|60|1393|0.425|15.0|0.564|0.276|0.11900000000000001|0.071|0.098|0.436|0.48|0.6509999999999999|0.344|0.316|0.28300000000000003|0.353|0.479|0.015|6|0.807|0.187|0.47700000000000004|3|0
11|2013-14|36.0|SAS|NBA|SG|68|1550|0.469|14.1|0.589|0.298|0.134|0.07|0.086|0.41100000000000003|0.5529999999999999|0.7170000000000001|0.47600000000000003|0.386|0.24100000000000002|0.349|0.42200000000000004|0.022000000000000002|10|0.8220000000000001|0.171|0.409|1|0
12|2014-15|37.0|SAS|NBA|SG|70|1587|0.426|14.4|0.562|0.28|0.151|0.07|0.061|0.43799999999999994|0.489|0.594|0.449|0.366|0.25|0.345|0.451|0.002|1|0.7979999999999999|0.16699999999999998|0.465|1|0
13|2015-16|38.0|SAS|NBA|SG|58|1134|0.45299999999999996|13.9|0.589|0.278|0.138|0.087|0.085|0.41100000000000003|0.496|0.537|0.45|0.395|0.541|0.391|0.5429999999999999|0.005|2|0.914|0.128|0.522|1|0
14|2016-17|39.0|SAS|NBA|SG|69|1291|0.39|16.5|0.483|0.214|0.12300000000000001|0.091|0.057|0.517|0.387|0.521|0.29600000000000004|0.35|0.12|0.392|0.451|0.005|2|0.787|0.159|0.306|4|0
15|2017-18|40.0|SAS|NBA|SG|65|1299|0.434|13.8|0.585|0.28300000000000003|0.153|0.099|0.048|0.415|0.506|0.6409999999999999|0.408|0.348|0.364|0.33299999999999996|0.423|0.015|7|0.797|0.198|0.342|1|0
