player_id|Rk|Unnamed: 1|Age|G|MP|PER|TS%|3PAr|FTr|ORB%|DRB%|TRB%|AST%|STL%|BLK%|TOV%|USG%|Unnamed: 17|OWS|DWS|WS|WS/48|Unnamed: 22|OBPM|DBPM|BPM|VORP|player_id
blackro01|1|Rolando Blackman|26|82|2787|19.0|0.5760000000000001|0.022000000000000002|0.366|3.5|7.9|5.7|14.4|1.3|0.5|11.0|25.2||6.2|0.8|7.0|0.121||2.4|-2.1|0.3|1.6|blackro01
perkisa01|2|Sam Perkins|24|80|2626|17.6|0.573|0.036000000000000004|0.414|8.3|20.1|14.3|7.8|1.3|1.9|11.9|19.0||5.0|2.3|7.3|0.133||1.1|0.4|1.6|2.4|perkisa01
aguirma01|3|Mark Aguirre|26|74|2501|19.2|0.547|0.042|0.34|7.9|11.6|9.8|20.9|1.2|0.3|14.2|29.0||3.7|0.9|4.7|0.09||3.0|-1.5|1.5|2.2|aguirma01
donalja01|4|James Donaldson|28|69|2241|13.0|0.628|0.0|0.491|7.2|25.1|16.3|4.6|0.5|2.6|15.7|9.9||3.2|2.0|5.2|0.11||-0.7|1.5|0.8|1.6|donalja01
harpede01|5|Derek Harper|24|79|2150|18.8|0.58|0.07|0.314|3.9|7.6|5.8|26.3|3.3|0.6|14.8|18.5||4.5|1.7|6.2|0.138||3.0|0.1|3.1|2.8|harpede01
vinceja01|6|Jay Vincent|26|80|1994|16.4|0.532|0.003|0.298|6.0|14.1|10.2|13.0|1.6|0.6|12.2|24.2||2.2|1.2|3.4|0.081||0.2|-1.2|-1.0|0.5|vinceja01
davisbr01|7|Brad Davis|30|82|1971|16.9|0.634|0.177|0.45399999999999996|1.5|6.6|4.1|30.3|1.4|0.4|15.4|14.7||5.7|0.5|6.2|0.152||2.6|-2.9|-0.3|0.8|davisbr01
ellisda01|8|Dale Ellis|25|72|1086|13.5|0.502|0.368|0.174|8.9|8.1|8.5|4.6|1.7|0.4|7.0|20.4||1.2|0.4|1.6|0.071||1.2|-3.1|-1.9|0.0|ellisda01
schrede01|9|Detlef Schrempf|23|64|969|10.9|0.52|0.022000000000000002|0.483|8.1|14.2|11.2|11.8|1.1|0.6|18.0|19.6||0.3|0.5|0.8|0.04||-1.7|-1.2|-2.9|-0.2|schrede01
wennibi01|10|Bill Wennington|22|56|562|11.4|0.524|0.026000000000000002|0.405|6.4|19.2|12.9|4.7|0.9|2.1|10.4|14.6||0.5|0.4|0.9|0.08||-2.6|-0.8|-3.4|-0.2|wennibi01
blabuw01|11|Uwe Blab|23|48|409|7.6|0.502|0.0|0.713|6.9|17.4|12.2|5.1|0.3|1.6|18.5|15.1||-0.1|0.2|0.1|0.01||-4.3|-1.4|-5.7|-0.4|blabuw01
nimphku01|12|Kurt Nimphius|27|13|280|11.3|0.537|0.013999999999999999|0.40299999999999997|9.2|14.3|11.8|6.4|0.5|2.3|13.3|14.2||0.3|0.1|0.4|0.07||-1.1|-0.3|-1.4|0.0|nimphku01
bryanwa01|13|Wallace Bryant|26|9|154|5.3|0.402|0.0|0.36700000000000005|6.6|16.8|11.8|8.5|0.9|0.7|16.7|11.1||-0.1|0.1|0.0|0.0||-4.0|0.1|-3.9|-0.1|bryanwa01
keeliha01|14|Harold Keeling|22|20|75|16.1|0.48700000000000004|0.0|0.359|4.5|4.3|4.4|19.3|4.4|0.0|13.4|28.4||0.0|0.1|0.1|0.040999999999999995||-1.2|-2.0|-3.2|0.0|keeliha01
