|Season|Age|Tm|Lg|Pos|G|GS|MP|FG|FGA|FG%|3P|3PA|3P%|2P|2PA|2P%|eFG%|FT|FTA|FT%|ORB|DRB|TRB|AST|STL|BLK|TOV|PF|PTS
1|1968-69|23.0|KEN|ABA|C|31.0||21.7|2.8|7.7|0.37|0.0|0.0||2.8|7.7|0.37|0.37|1.5|2.2|0.687|2.8|4.7|7.5|1.0|||1.0|3.3|7.2
2|1968-69|23.0|NYA|ABA|C|20.0||35.7|4.8|14.5|0.332|0.0|0.1|0.0|4.8|14.4|0.33299999999999996|0.332|2.9|4.1|0.716|6.7|7.5|14.2|2.0|||1.7|3.1|12.5
3|1968-69|23.0|DLC|ABA|C|27.0||26.0|4.3|8.5|0.502|0.0|0.0||4.3|8.5|0.502|0.502|2.1|3.0|0.691|3.8|5.3|9.1|0.7|||1.2|3.3|10.6
4|1969-70|24.0|DLC|ABA|C|84.0||36.7|7.6|15.3|0.494|0.0|0.0|0.0|7.6|15.3|0.495|0.494|3.6|5.1|0.713|5.1|7.4|12.5|1.2|||2.2|3.4|18.8
6|1970-71|25.0|TEX|ABA|C|40.0||29.7|5.9|13.2|0.44799999999999995|0.0|0.0||5.9|13.2|0.44799999999999995|0.44799999999999995|3.7|5.1|0.738|4.5|7.2|11.8|1.4|||1.8|2.6|15.5
7|1970-71|25.0|NYA|ABA|C|40.0||35.7|6.9|13.8|0.495|0.0|0.0|0.0|6.9|13.8|0.496|0.495|3.3|4.5|0.726|3.4|6.2|9.6|1.2|||2.5|2.7|17.0
9|1971-72|26.0|NYA|ABA|C|9.0||15.8|2.7|7.9|0.33799999999999997|0.0|0.0||2.7|7.9|0.33799999999999997|0.33799999999999997|0.7|1.0|0.667|1.2|3.6|4.8|0.4|||0.6|1.1|6.0
10|1971-72|26.0|UTS|ABA|C|42.0||13.7|2.2|6.0|0.36700000000000005|0.0|0.0||2.2|6.0|0.36700000000000005|0.36700000000000005|0.9|1.5|0.6|2.0|2.6|4.6|0.6|||0.7|1.7|5.3
11|1971-72|26.0|FLO|ABA|C|18.0||40.3|6.9|14.3|0.48100000000000004|0.0|0.1|0.0|6.9|14.3|0.48200000000000004|0.48100000000000004|1.6|2.6|0.617|2.8|6.9|9.8|1.4|||2.2|3.1|15.4
12|1972-73|27.0|PHI|NBA|C|82.0||30.9|4.6|11.4|0.40399999999999997||||4.6|11.4|0.40399999999999997|0.40399999999999997|1.8|2.4|0.72|||8.3|1.2||||2.3|11.0
13|1973-74|28.0|CAP|NBA|C|53.0||15.9|1.5|4.4|0.341||||1.5|4.4|0.341|0.341|1.1|1.6|0.6990000000000001|1.8|2.8|4.6|0.5|0.2|0.7||1.8|4.1
