|Season|Age|Tm|Lg|Pos|G|MP|PG%|SG%|SF%|PF%|C%|OnCourt|On-Off|BadPass|LostBall|Shoot|Off.|Shoot.1|Off..1|PGA|And1|Blkd
0|2007-08|23.0|CHI|NBA|C|61.0|613.0|0|0|0|0|100|-0.8|2.7|23.0|13.0|64.0|11.0|51.0|3.0|92.0|13.0|30.0
1|2008-09|24.0|CHI|NBA|C|56.0|715.0|0|0|0|0|100|-3.8|-4.4|14.0|8.0|69.0|7.0|27.0|2.0|100.0|6.0|23.0
3|2009-10|25.0|CHI|NBA|C|8.0|50.0|0|0|0|0|100|-25.8|-24.6|0.0|0.0|5.0|1.0|3.0|0.0|5.0|1.0|3.0
4|2009-10|25.0|NOH|NBA|C|24.0|261.0|0|0|0|0|100|1.1|4.4|10.0|5.0|27.0|2.0|11.0|2.0|41.0|1.0|5.0
5|2010-11|26.0|NOH|NBA|C|41.0|531.0|0|0|0|0|100|1.4|0.8|7.0|5.0|43.0|12.0|11.0|0.0|34.0|4.0|12.0
6|2011-12|27.0|TOR|NBA|C|49.0|813.0|0|0|0|0|100|-9.5|-7.7|16.0|6.0|69.0|16.0|23.0|1.0|56.0|5.0|15.0
7|2012-13|28.0|TOR|NBA|C|42.0|513.0|0|0|0|0|100|-8.5|-8.0|15.0|4.0|34.0|14.0|19.0|1.0|75.0|1.0|12.0
9|2013-14|29.0|TOR|NBA|C|4.0|20.0|0|0|0|0|100|-10.7|-14.4|0.0|0.0|1.0|3.0|1.0|0.0|7.0|0.0|0.0
10|2013-14|29.0|SAC|NBA|C|33.0|335.0|0|0|0|0|100|-11.4|-9.0|9.0|2.0|23.0|12.0|6.0|1.0|41.0|0.0|10.0
