player_id|Rk|Unnamed: 1|Age|G|GS|MP|FG|FGA|FG%|FT|FTA|FT%|ORB|DRB|TRB|AST|STL|BLK|PF|PTS/G|player_id
vanarto01|1|Tom Van Arsdale|31|73||35.2|7.5|17.4|0.429|4.0|5.2|0.768|1.0|2.5|3.4|2.8|1.1|0.0|3.2|18.9|vanarto01
hudsolo01|2|Lou Hudson|30|11||34.5|8.8|20.5|0.431|4.4|5.2|0.8420000000000001|1.3|3.0|4.3|3.6|1.2|0.2|3.0|22.0|hudsolo01
drewjo01|3|John Drew|20|78||29.3|6.8|15.8|0.428|5.0|7.0|0.713|4.6|6.1|10.7|1.8|1.5|0.5|3.5|18.5|drewjo01
sojoumi01|4|Mike Sojourner|21|73||29.2|5.2|10.6|0.488|1.3|2.0|0.6509999999999999|2.7|6.1|8.8|1.3|0.5|0.8|3.0|11.7|sojoumi01
jonesdw01|5|Dwight Jones|22|75||27.8|4.3|10.0|0.43|1.8|2.4|0.721|3.1|6.1|9.3|2.0|0.7|0.7|3.0|10.4|jonesdw01
meminde01|6|Dean Meminger|26|80||27.2|2.9|6.3|0.466|2.1|3.3|0.639|1.1|1.6|2.7|5.0|1.5|0.1|2.0|7.9|meminde01
brownjo01|7|John Brown|23|73||27.2|4.3|9.4|0.461|2.5|3.4|0.74|2.5|3.5|5.9|1.8|0.7|0.2|3.1|11.2|brownjo01
hendeto01|8|Tom Henderson|23|79||27.0|4.6|11.3|0.41100000000000003|2.1|3.1|0.6970000000000001|0.6|2.0|2.7|4.0|1.3|0.1|1.9|11.4|hendeto01
washiji01|9|Jim Washington|31|38||23.8|3.0|6.8|0.44|1.1|1.4|0.745|1.4|3.7|5.1|1.8|0.6|0.3|2.3|7.1|washiji01
gillihe01|10|Herm Gilliam|28|60||23.2|5.2|12.3|0.42700000000000005|1.6|1.9|0.8320000000000001|1.3|2.1|3.4|2.8|1.3|0.2|2.1|12.0|gillihe01
leecl01|11|Clyde Lee|30|9||19.7|1.3|4.0|0.33299999999999996|3.6|4.3|0.821|2.7|5.1|7.8|0.9|0.1|0.4|2.8|6.2|leecl01
wetzejo01|12|John Wetzel|30|63||12.5|1.4|3.2|0.426|1.1|1.2|0.883|0.5|1.3|1.8|1.2|0.8|0.1|1.7|3.8|wetzejo01
kauffbo01|13|Bob Kauffman|28|73||10.9|1.5|3.6|0.433|0.8|1.2|0.7020000000000001|0.9|1.6|2.5|1.1|0.3|0.1|1.4|3.9|kauffbo01
