player_id|Rk|Unnamed: 1|Age|G|MP|PER|TS%|3PAr|FTr|ORB%|DRB%|TRB%|AST%|STL%|BLK%|TOV%|USG%|Unnamed: 17|OWS|DWS|WS|WS/48|Unnamed: 22|OBPM|DBPM|BPM|VORP|player_id
cheanca01|1|Calbert Cheaney|23|78|2651|14.2|0.529|0.251|0.18899999999999997|4.4|9.7|7.0|11.0|1.5|0.6|11.0|22.6||2.1|1.1|3.2|0.057999999999999996||0.5|-1.6|-1.2|0.5|cheanca01
howarju01|2|Juwan Howard|21|65|2348|15.0|0.521|0.008|0.314|8.7|18.4|13.4|11.6|1.1|0.5|13.5|22.8||1.3|1.5|2.8|0.057||-0.9|-0.6|-1.5|0.3|howarju01
skilesc01|3|Scott Skiles|30|62|2077|15.7|0.599|0.391|0.34600000000000003|1.4|7.6|4.4|32.4|1.7|0.2|20.4|17.8||3.7|0.7|4.5|0.10300000000000001||1.7|-2.7|-0.9|0.6|skilesc01
webbech01|4|Chris Webber|21|54|2067|20.1|0.521|0.155|0.248|10.8|18.4|14.4|21.5|2.0|2.9|13.8|25.5||1.9|2.2|4.0|0.09300000000000001||2.7|2.1|4.8|3.6|webbech01
muresgh01|5|Gheorghe Mureșan|23|73|1720|17.4|0.591|0.0|0.32299999999999995|11.6|21.4|16.3|3.5|1.4|5.2|15.7|18.6||2.1|2.1|4.1|0.11599999999999999||-1.7|1.0|-0.7|0.5|muresgh01
overtdo01|6|Doug Overton|25|82|1704|11.6|0.521|0.251|0.251|1.7|8.2|4.8|21.3|1.6|0.1|15.8|16.9||1.1|0.6|1.7|0.048||-1.5|-2.2|-3.7|-0.7|overtdo01
butlemi02|7|Mitchell Butler|24|76|1554|10.0|0.506|0.278|0.364|3.1|9.8|6.3|8.8|2.0|0.5|15.2|19.6||-0.5|0.8|0.3|0.01||-2.6|-1.5|-4.0|-0.8|butlemi02
chapmre01|8|Rex Chapman|27|45|1468|15.3|0.516|0.429|0.249|1.7|7.3|4.4|13.9|2.3|0.7|8.0|23.0||1.7|0.8|2.5|0.081||1.7|-1.9|-0.3|0.6|chapmre01
macledo01|9|Don MacLean|25|39|1052|11.7|0.511|0.111|0.377|4.9|13.5|9.0|7.5|0.7|0.2|9.5|19.3||0.8|0.3|1.1|0.051||-2.1|-2.3|-4.3|-0.6|macledo01
tuckean01|10|Anthony Tucker|25|62|982|9.2|0.493|0.005|0.395|5.0|15.3|10.0|9.9|2.4|0.8|18.5|13.5||-0.2|0.9|0.6|0.03||-3.8|0.9|-2.9|-0.2|tuckean01
duckwke01|11|Kevin Duckworth|30|40|818|9.9|0.475|0.037000000000000005|0.262|8.9|19.0|13.7|3.7|1.3|2.1|16.5|19.1||-0.7|0.7|0.0|-0.002||-5.2|-1.0|-6.2|-0.9|duckwke01
mcilvji01|12|Jim McIlvaine|22|55|534|10.0|0.539|0.0|0.5770000000000001|8.3|14.5|11.3|2.5|1.0|7.9|17.6|8.8||0.3|0.6|0.8|0.07400000000000001||-4.3|3.3|-1.1|0.1|mcilvji01
stewala01|13|Larry Stewart|26|40|346|11.5|0.499|0.022000000000000002|0.337|9.0|13.5|11.2|7.6|2.3|1.8|13.5|14.9||0.2|0.3|0.5|0.063||-2.8|0.4|-2.4|0.0|stewala01
walkeke01|14|Kenny Walker|30|24|266|6.6|0.525|0.0|0.667|8.0|12.6|10.2|3.6|1.0|1.3|21.6|11.4||0.0|0.1|0.1|0.023||-4.5|-0.7|-5.2|-0.2|walkeke01
guglito01|15|Tom Gugliotta|25|6|226|18.6|0.49200000000000005|0.096|0.39799999999999996|7.9|19.5|13.5|12.2|4.7|3.4|13.3|21.8||0.1|0.4|0.5|0.10400000000000001||-0.9|3.9|2.9|0.3|guglito01
olivebr01|16|Brian Oliver|26|6|42|6.9|0.5589999999999999|0.0|0.889|0.0|11.4|5.5|13.5|0.0|0.0|19.3|16.2||0.0|0.0|0.0|0.022000000000000002||-5.2|-3.6|-8.8|-0.1|olivebr01
