|Season|Age|Tm|Lg|Pos|G|MP|FG%|Dist.|% of 2PA|% of 0-3|% of 3-10|% of 10-16|% of 16-3pt|% of 3P|2P %FG|0-3 %FG|3-10 %FG|10-16 %FG|16-3pt%FG|3P %FG|2P % Assisted|% of Dunks|Dunks Made|3P % Assisted|% of 3PA from Corner|Corner 3 %FG |Heaves Attempted|Heaves Made
0|2005-06|20.0|NOK|NBA|PG|78.0|2808.0|0.43|11.3|0.813|0.34|0.153|0.08900000000000001|0.231|0.187|0.46399999999999997|0.531|0.428|0.33299999999999996|0.43799999999999994|0.282|0.132|0.013000000000000001|11.0|0.78|0.096|0.235|2.0|0.0
1|2006-07|21.0|NOK|NBA|PG|64.0|2353.0|0.43700000000000006|11.1|0.836|0.297|0.19399999999999998|0.141|0.203|0.16399999999999998|0.455|0.552|0.43200000000000005|0.423|0.35600000000000004|0.35|0.09699999999999999|0.008|7.0|0.68|0.077|0.273|0.0|0.0
2|2007-08|22.0|NOH|NBA|PG|80.0|3006.0|0.488|12.7|0.807|0.23|0.192|0.161|0.22399999999999998|0.193|0.516|0.616|0.524|0.447|0.457|0.369|0.102|0.006|8.0|0.685|0.048|0.5|2.0|0.0
3|2008-09|23.0|NOH|NBA|PG|78.0|3002.0|0.503|11.8|0.86|0.264|0.18600000000000003|0.16|0.249|0.14|0.525|0.634|0.526|0.488|0.435|0.364|0.09699999999999999|0.003|3.0|0.547|0.051|0.222|0.0|0.0
4|2009-10|24.0|NOH|NBA|PG|45.0|1712.0|0.493|14.0|0.8009999999999999|0.192|0.141|0.17300000000000001|0.295|0.19899999999999998|0.514|0.607|0.489|0.5|0.473|0.409|0.069|0.0|0.0|0.40399999999999997|0.047|0.833|1.0|0.0
5|2010-11|25.0|NOH|NBA|PG|80.0|2880.0|0.46299999999999997|14.2|0.8029999999999999|0.145|0.205|0.183|0.26899999999999996|0.19699999999999998|0.48200000000000004|0.615|0.447|0.435|0.46799999999999997|0.38799999999999996|0.12|0.0|0.0|0.479|0.126|0.435|1.0|0.0
6|2011-12|26.0|LAC|NBA|PG|60.0|2181.0|0.478|14.2|0.7609999999999999|0.158|0.225|0.139|0.23800000000000002|0.239|0.511|0.645|0.48|0.46799999999999997|0.47600000000000003|0.371|0.107|0.002|2.0|0.494|0.131|0.5|2.0|0.0
7|2012-13|27.0|LAC|NBA|PG|70.0|2335.0|0.48100000000000004|15.3|0.7290000000000001|0.14300000000000002|0.157|0.17300000000000001|0.257|0.271|0.5379999999999999|0.6890000000000001|0.545|0.5|0.47700000000000004|0.32799999999999996|0.17300000000000001|0.008|7.0|0.447|0.11599999999999999|0.222|2.0|0.0
8|2013-14|28.0|LAC|NBA|PG|62.0|2171.0|0.467|15.0|0.7559999999999999|0.125|0.153|0.255|0.222|0.244|0.498|0.706|0.48100000000000004|0.45899999999999996|0.44|0.368|0.152|0.001|1.0|0.48700000000000004|0.099|0.429|1.0|0.0
9|2014-15|29.0|LAC|NBA|PG|82.0|2857.0|0.485|16.3|0.7020000000000001|0.09300000000000001|0.107|0.22899999999999998|0.265|0.298|0.523|0.642|0.488|0.519|0.48700000000000004|0.39799999999999996|0.11699999999999999|0.001|1.0|0.424|0.132|0.348|0.0|0.0
10|2015-16|30.0|LAC|NBA|PG|74.0|2420.0|0.462|15.8|0.705|0.121|0.121|0.184|0.278|0.295|0.501|0.615|0.504|0.527|0.43200000000000005|0.371|0.115|0.002|2.0|0.336|0.11599999999999999|0.342|1.0|0.0
11|2016-17|31.0|LAC|NBA|PG|61.0|1921.0|0.47600000000000003|18.1|0.615|0.07400000000000001|0.07|0.21|0.261|0.385|0.518|0.603|0.564|0.49700000000000005|0.498|0.41100000000000003|0.124|0.0|0.0|0.395|0.10300000000000001|0.484|1.0|0.0
12|2017-18|32.0|HOU|NBA|PG|58.0|1847.0|0.46|17.6|0.525|0.09300000000000001|0.10400000000000001|0.218|0.11|0.475|0.532|0.662|0.446|0.506|0.557|0.38|0.081|0.0|0.0|0.243|0.142|0.5|4.0|0.0
13|2018-19|33.0|HOU|NBA|PG|58.0|1857.0|0.419|17.9|0.507|0.081|0.133|0.225|0.068|0.493|0.479|0.586|0.396|0.469|0.551|0.358|0.057|0.0|0.0|0.252|0.163|0.345|3.0|1.0
