player_id|Rk|Unnamed: 1|Age|G|GS|MP|FG|FGA|FG%|3P|3PA|3P%|2P|2PA|2P%|eFG%|FT|FTA|FT%|ORB|DRB|TRB|AST|BLK|TOV|PF|PTS|player_id
jonesst01|1|Steve Jones|29|84||3091|572|1343|0.426|26|78|0.33299999999999996|546|1265|0.43200000000000005|0.436|367|422|0.87|74|243|317|237||205|268|1537|jonesst01
jonesri01|2|Rich Jones|25|82||2932|475|1053|0.451|14|47|0.298|461|1006|0.45799999999999996|0.45799999999999996|212|279|0.76|199|497|696|222||152|298|1176|jonesri01
freemdo01|3|Donnie Freeman|27|72||2377|628|1336|0.47|2|5|0.4|626|1331|0.47|0.47100000000000003|475|576|0.825|100|106|206|245||176|177|1733|freemdo01
hamiljo01|4|Joe Hamilton|23|82||1959|317|791|0.401|46|132|0.348|271|659|0.41100000000000003|0.43|201|256|0.785|41|153|194|240||110|202|881|hamiljo01
hillsi01|5|Simmie Hill|25|70||1845|281|629|0.447|4|13|0.308|277|616|0.45|0.45|129|164|0.787|127|279|406|94||125|234|695|hillsi01
johnsge01|6|George Johnson|24|67||1477|128|282|0.45399999999999996|0|0||128|282|0.45399999999999996|0.45399999999999996|61|103|0.5920000000000001|126|338|464|59||84|209|317|johnsge01
kennego01|7|Goo Kennedy|22|65||1453|234|406|0.5760000000000001|0|0||234|406|0.5760000000000001|0.5760000000000001|88|133|0.662|167|318|485|65||75|262|556|kennego01
jonesco01|8|Collis Jones|22|78||1428|163|372|0.43799999999999994|1|4|0.25|162|368|0.44|0.44|98|154|0.636|154|180|334|78||83|200|425|jonesco01
chapple01|9|Len Chappell|31|79||1403|231|511|0.452|0|0||231|511|0.452|0.452|144|193|0.746|146|172|318|69||63|158|606|chapple01
halimsh01|10|Shaler Halimon|26|55||770|123|294|0.418|0|2|0.0|123|292|0.42100000000000004|0.418|62|86|0.721|58|98|156|72||46|89|308|halimsh01
niemari01|11|Rich Niemann|25|33||524|48|98|0.49|0|0||48|98|0.49|0.49|25|34|0.735|46|109|155|24||27|87|121|niemari01
beasljo01|12|John Beasley|27|12||268|42|85|0.494|0|2|0.0|42|83|0.506|0.494|24|29|0.828|30|60|90|13||12|26|108|beasljo01
moorege01|13|Gene Moore|26|9||263|41|100|0.41|0|0||41|100|0.41|0.41|12|14|0.857|30|44|74|13||24|43|94|moorege01
congdje01|14|Jeffrey Congdon|28|20||261|30|86|0.349|3|7|0.429|27|79|0.342|0.366|17|20|0.85|8|18|26|36||13|19|80|congdje01
phillge01|15|Gene Phillips|23|28||174|30|76|0.395|7|17|0.41200000000000003|23|59|0.39|0.441|11|14|0.7859999999999999|4|17|21|13||8|23|78|phillge01
peeplge01|16|George Peeples|28|6||125|11|25|0.44|0|0||11|25|0.44|0.44|7|11|0.636|15|20|35|5||9|10|29|peeplge01
quickbo01|17|Bob Quick|25|6||57|8|15|0.5329999999999999|0|0||8|15|0.5329999999999999|0.5329999999999999|10|10|1.0|6|8|14|1||4|9|26|quickbo01
sanforo01|18|Ron Sanford|25|1||2|0|0||0|0||0|0|||0|0||0|0|0|0||0|1|0|sanforo01
