|Season|Age|Tm|Lg|Pos|G|GS|MP|FG|FGA|FG%|3P|3PA|3P%|2P|2PA|2P%|eFG%|FT|FTA|FT%|ORB|DRB|TRB|AST|STL|BLK|TOV|PF|PTS
0|1996-97|25.0|MIA|NBA|SF|1.0|0.0|1.0|0.0|0.0||0.0|0.0||0.0|0.0|||0.0|0.0||0.0|0.0|0.0|0.0|0.0|1.0|0.0|0.0|0.0
1|1997-98|26.0|BOS|NBA|SF|61.0|9.0|21.4|2.0|4.9|0.409|0.3|1.0|0.33899999999999997|1.7|3.9|0.42700000000000005|0.44299999999999995|1.2|2.0|0.623|1.3|1.6|2.9|1.3|1.4|0.5|0.9|2.9|5.6
2|1998-99|27.0|BOS|NBA|SF|30.0|1.0|16.5|0.9|3.1|0.28|0.2|0.9|0.26899999999999996|0.6|2.2|0.284|0.317|0.4|0.8|0.45799999999999996|0.5|1.2|1.7|0.9|0.7|0.3|0.4|1.7|2.3
4|1999-00|28.0|PHI|NBA|SF|42.0|0.0|7.4|0.6|1.7|0.35600000000000004|0.0|0.0|0.5|0.6|1.7|0.35200000000000004|0.363|0.1|0.3|0.5|0.3|0.5|0.9|0.4|0.2|0.1|0.1|0.9|1.4
5|1999-00|28.0|MIA|NBA|SF|27.0|2.0|21.0|1.7|4.5|0.38|1.0|2.1|0.46399999999999997|0.7|2.4|0.308|0.488|0.7|1.1|0.613|0.5|1.7|2.2|0.7|0.5|0.4|0.5|3.0|5.1
6|2000-01|29.0|MIA|NBA|SF|82.0|72.0|32.7|2.6|7.1|0.363|1.3|3.7|0.336|1.3|3.3|0.39399999999999996|0.452|1.2|2.0|0.609|0.5|2.4|3.0|1.6|1.0|0.6|0.9|3.3|7.6
7|2001-02|30.0|SAS|NBA|SF|59.0|59.0|28.8|2.6|6.7|0.389|0.9|2.5|0.37799999999999995|1.7|4.2|0.396|0.46|0.8|1.6|0.479|0.7|2.0|2.7|1.5|1.1|0.4|1.1|2.0|7.0
8|2002-03|31.0|SAS|NBA|SF|82.0|82.0|31.3|2.7|5.8|0.466|1.2|2.8|0.441|1.5|3.0|0.488|0.5710000000000001|0.4|1.1|0.40399999999999997|0.7|2.2|2.9|1.4|0.8|0.5|0.9|2.4|7.1
9|2003-04|32.0|SAS|NBA|SF|82.0|82.0|32.0|2.6|6.1|0.42|0.9|2.6|0.363|1.6|3.5|0.462|0.49700000000000005|0.8|1.4|0.579|0.5|2.5|3.1|1.4|1.0|0.4|1.1|2.0|6.9
10|2004-05|33.0|SAS|NBA|SF|82.0|82.0|32.0|3.1|7.3|0.42|1.2|3.1|0.40299999999999997|1.8|4.2|0.43200000000000005|0.505|0.9|1.4|0.634|0.6|2.9|3.5|1.5|0.7|0.5|0.7|2.1|8.2
11|2005-06|34.0|SAS|NBA|SF|82.0|82.0|33.6|2.8|6.5|0.433|1.3|3.0|0.424|1.6|3.5|0.44|0.53|0.6|1.0|0.607|0.4|3.5|3.9|1.5|1.0|0.4|0.8|2.3|7.5
12|2006-07|35.0|SAS|NBA|SF|82.0|82.0|30.0|2.3|5.7|0.405|1.1|2.8|0.384|1.2|2.9|0.426|0.5|0.5|0.9|0.589|0.3|2.4|2.7|1.4|0.8|0.3|0.8|2.1|6.2
13|2007-08|36.0|SAS|NBA|SF|81.0|81.0|30.2|2.1|5.3|0.40700000000000003|1.1|2.7|0.419|1.0|2.6|0.39399999999999996|0.512|0.6|0.9|0.652|0.4|2.5|2.9|1.1|0.7|0.3|0.6|2.2|6.0
14|2008-09|37.0|SAS|NBA|SF|80.0|10.0|18.8|1.0|2.3|0.42200000000000004|0.5|1.2|0.429|0.5|1.1|0.41600000000000004|0.535|0.2|0.3|0.5379999999999999|0.2|1.6|1.8|0.5|0.5|0.2|0.3|1.5|2.7
