player_id|Rk|Unnamed: 1|Age|G|GS|MP|FG|FGA|FG%|FT|FTA|FT%|ORB|DRB|TRB|AST|STL|BLK|PF|PTS|Unnamed: 20|ORtg|DRtg|player_id
mixst01|1|Steve Mix|28|81||3039|6.2|12.4|0.499|4.2|5.2|0.818|3.2|6.6|9.7|3.2|2.3|0.4|4.2|16.6|||97|mixst01
collido01|2|Doug Collins|24|77||2995|9.2|17.8|0.513|5.5|6.6|0.836|1.9|2.7|4.6|2.8|1.6|0.4|3.7|23.8|||101|collido01
cartefr01|3|Fred Carter|30|82||2992|9.9|23.8|0.41700000000000004|3.3|4.7|0.7020000000000001|1.7|2.8|4.5|5.6|2.0|0.2|4.3|23.1|||101|cartefr01
mcginge01|4|George McGinnis|25|77||2946|9.8|23.5|0.41700000000000004|7.2|9.7|0.74|3.9|10.7|14.7|5.4|3.0|0.6|5.1|26.8|||92|mcginge01
catchha01|5|Harvey Catchings|24|75||1731|2.7|6.2|0.426|1.5|2.5|0.604|4.9|8.5|13.4|1.6|0.5|4.2|6.8|6.8|||96|catchha01
leecl01|6|Clyde Lee|31|79||1421|3.9|8.9|0.436|2.0|3.0|0.6629999999999999|5.2|9.1|14.2|1.9|0.7|0.8|5.9|9.7|||98|leecl01
bryanjo01|7|Joe Bryant|21|75||1203|8.6|20.5|0.42200000000000004|3.4|5.5|0.626|3.6|6.7|10.3|2.3|1.6|0.9|6.1|20.7|||98|bryanjo01
freewo01|8|World B. Free|22|71||1121|9.5|21.2|0.44799999999999995|4.5|7.4|0.602|2.5|2.4|5.0|4.1|1.5|0.2|4.3|23.5|||102|freewo01
normaco01|9|Connie Norman|22|65||818|10.0|23.0|0.434|1.1|1.3|0.833|2.8|2.7|5.5|3.6|1.5|0.4|4.7|21.1|||102|normaco01
cunnibi01|10|Billy Cunningham|32|20||640|7.2|17.5|0.41|4.7|6.1|0.773|2.0|8.2|10.3|7.5|1.7|0.7|4.0|19.1|||97|cunnibi01
ellisle01|11|Leroy Ellis|35|29||489|5.6|12.0|0.462|1.6|2.6|0.607|4.3|6.8|11.1|1.9|1.5|0.8|5.7|12.7|||98|ellisle01
dawkida01|12|Darryl Dawkins|19|37||165|11.1|22.2|0.5|2.2|6.5|0.33299999999999996|4.1|9.2|13.3|0.8|0.5|2.4|10.8|24.3|||97|dawkida01
joneswa02|13|Wali Jones|33|16||157|5.4|10.8|0.5|2.6|3.7|0.6920000000000001|0.0|2.6|2.6|8.8|1.1|0.0|7.1|13.4|||103|joneswa02
baskeje01|14|Jerry Baskerville|24|21||105|3.4|11.1|0.308|4.3|6.8|0.625|5.5|6.4|11.9|1.3|2.6|2.1|13.6|11.1|||95|baskeje01
boydfr01|15|Freddie Boyd|25|6||33|2.7|8.1|0.33299999999999996|1.4|2.7|0.5|0.0|2.7|2.7|2.7|1.4|0.0|6.8|6.8|||102|boydfr01
