player_id|Rk|Unnamed: 1|Age|G|GS|MP|FG|FGA|FG%|FT|FTA|FT%|ORB|DRB|TRB|AST|STL|BLK|PF|PTS|Unnamed: 20|ORtg|DRtg|player_id
kenonla01|1|Larry Kenon|24|78||2936|10.3|21.0|0.49200000000000005|4.3|5.2|0.823|4.1|8.7|12.9|3.3|2.4|0.9|2.8|24.9|||99|kenonla01
gervige01|2|George Gervin|24|82||2705|11.5|21.2|0.544|7.0|8.4|0.833|2.1|5.1|7.2|3.8|1.7|1.7|4.5|30.1|||102|gervige01
paultbi01|3|Billy Paultz|28|82||2694|8.3|17.6|0.473|3.8|5.1|0.7440000000000001|3.1|7.9|10.9|3.6|0.9|2.8|4.2|20.4|||101|paultbi01
galemi01|4|Mike Gale|26|82||2598|5.8|12.5|0.46799999999999997|2.3|2.8|0.82|0.9|3.6|4.5|7.8|3.2|0.8|3.7|13.9|||101|galemi01
bristal01|5|Allan Bristow|25|82||2017|7.8|15.9|0.489|4.4|5.5|0.7979999999999999|2.5|4.9|7.4|5.1|1.9|0.0|4.2|19.9|||103|bristal01
olberma01|6|Mark Olberding|20|82||1949|6.6|13.2|0.503|5.5|7.0|0.794|3.6|6.3|9.9|2.6|1.3|0.6|6.1|18.8|||103|olberma01
dietrco01|7|Coby Dietrick|28|82||1772|6.9|15.0|0.46|2.9|4.0|0.7170000000000001|2.7|6.3|9.0|3.6|2.1|1.4|6.5|16.7|||101|dietrco01
dampilo01|8|Louie Dampier|32|80||1634|6.1|13.3|0.46|1.7|2.3|0.7440000000000001|0.6|1.4|2.0|6.1|1.3|0.4|2.4|13.9|||107|dampilo01
calvima01|9|Mack Calvin|29|35||606|6.6|16.8|0.392|8.7|10.3|0.8420000000000001|0.8|1.4|2.2|7.4|1.6|0.1|4.1|21.9|||106|calvima01
silasja01|10|James Silas|27|22||356|7.4|17.1|0.43|10.5|12.9|0.813|0.8|3.0|3.9|6.0|1.6|0.4|4.3|25.2|||105|silasja01
karlge01|11|George Karl|25|29||251|4.3|12.5|0.342|5.0|7.2|0.69|0.7|2.2|2.9|7.9|1.7|0.0|6.2|13.5|||105|karlge01
wardhe01|12|Henry Ward|25|27||171|8.5|22.6|0.37799999999999995|3.8|4.3|0.882|2.5|5.8|8.3|1.5|1.5|1.3|7.5|20.8|||102|wardhe01
nelsolo01|13|Louie Nelson|25|4||57|5.3|10.5|0.5|3.0|5.3|0.5710000000000001|1.5|3.8|5.3|2.3|1.5|0.0|6.8|13.6|||105|nelsolo01
dantomi01|14|Mike D'Antoni|25|2||9|4.8|14.3|0.33299999999999996|4.8|9.5|0.5|0.0|9.5|9.5|9.5|0.0|0.0|14.3|14.3|||103|dantomi01
