|Season|Age|Tm|Lg|Pos|G|GS|MP|FG|FGA|FG%|3P|3PA|3P%|2P|2PA|2P%|FT|FTA|FT%|ORB|DRB|TRB|AST|STL|BLK|TOV|PF|PTS|ORtg|DRtg
0|1996-97|23.0|HOU|NBA|PF|57.0|1.0|860.0|6.8|12.4|0.5489999999999999|0.0|0.2|0.0|6.8|12.2|0.557|3.0|4.9|0.605|4.6|7.5|12.1|1.1|0.7|1.3|3.5|6.8|16.6|103.0|105.0
1|1997-98|24.0|HOU|NBA|PF|58.0|3.0|903.0|7.5|15.5|0.485|0.0|0.1|0.0|7.5|15.5|0.48700000000000004|5.4|7.1|0.754|4.3|7.8|12.1|1.4|0.6|1.6|2.7|6.5|20.4|109.0|109.0
2|1998-99|25.0|HOU|NBA|PF|41.0|10.0|903.0|9.3|18.2|0.513|0.0|0.0||9.3|18.2|0.513|5.3|7.3|0.721|4.3|10.4|14.7|0.9|0.4|1.5|3.7|6.2|23.9|105.0|103.0
3|1999-00|26.0|VAN|NBA|PF|82.0|82.0|2677.0|8.3|16.4|0.506|0.0|0.0|0.0|8.3|16.3|0.507|4.7|5.9|0.792|3.9|7.2|11.1|1.9|0.7|1.1|4.3|5.7|21.2|102.0|109.0
5|2000-01|27.0|VAN|NBA|C|44.0|40.0|1267.0|7.4|16.0|0.466|0.0|0.1|0.0|7.4|15.8|0.47|5.0|6.4|0.779|4.2|7.7|11.9|1.5|0.8|1.1|4.3|5.6|19.8|96.0|106.0
6|2000-01|27.0|NYK|NBA|C|30.0|5.0|548.0|6.8|12.2|0.5539999999999999|0.0|0.0||6.8|12.2|0.5539999999999999|5.2|7.1|0.7290000000000001|3.7|6.3|10.0|2.0|1.5|1.9|4.1|10.2|18.7|106.0|98.0
7|2001-02|28.0|NYK|NBA|PF|77.0|4.0|1563.0|8.1|15.4|0.527|0.0|0.1|0.0|8.1|15.3|0.529|4.2|5.9|0.7090000000000001|4.3|7.7|11.9|1.3|1.0|1.2|3.3|8.6|20.4|105.0|106.0
8|2002-03|29.0|NYK|NBA|PF|74.0|64.0|1850.0|6.4|12.7|0.508|0.0|0.0||6.4|12.7|0.508|3.5|4.3|0.82|4.7|8.9|13.6|1.8|0.3|0.7|2.6|6.6|16.4|110.0|107.0
9|2003-04|30.0|NYK|NBA|PF|56.0|3.0|872.0|6.1|12.4|0.495|0.0|0.0||6.1|12.4|0.495|3.6|4.8|0.7440000000000001|3.6|7.3|10.9|1.8|0.7|0.9|4.0|8.2|15.9|97.0|105.0
10|2004-05|31.0|CHI|NBA|PF|70.0|28.0|1271.0|8.9|17.3|0.512|0.0|0.0||8.9|17.3|0.512|5.2|7.2|0.718|4.3|7.6|11.9|2.3|1.0|0.7|3.4|7.7|22.9|107.0|101.0
11|2005-06|32.0|CHI|NBA|C|72.0|23.0|824.0|8.5|17.1|0.495|0.0|0.0||8.5|17.1|0.495|4.8|7.7|0.626|3.4|6.3|9.7|2.4|0.4|0.8|3.8|8.2|21.7|99.0|106.0
12|2006-07|33.0|CHA|NBA|PF|26.0|0.0|220.0|5.9|13.3|0.446|0.0|0.0||5.9|13.3|0.446|4.0|5.2|0.773|3.1|5.9|9.0|1.4|0.2|0.2|3.6|11.6|15.9|94.0|111.0
13|2007-08|34.0|CHA|NBA|C|22.0|0.0|166.0|5.7|13.2|0.429|0.0|0.0||5.7|13.2|0.429|3.1|5.0|0.625|3.5|9.8|13.2|1.3|0.3|1.3|3.5|10.7|14.5|89.0|109.0
