|Season|Age|Tm|Lg|Pos|G|MP|FG%|Dist.|% of 2PA|% of 0-3|% of 3-10|% of 10-16|% of 16-3pt|% of 3P|2P %FG|0-3 %FG|3-10 %FG|10-16 %FG|16-3pt%FG|3P %FG|2P % Assisted|% of Dunks|Dunks Made|3P % Assisted|% of 3PA from Corner|Corner 3 %FG |Heaves Attempted|Heaves Made
0|2000-01|24.0|LAC|NBA|PG|10.0|149.0|0.397|11.6|0.873|0.254|0.175|0.23800000000000002|0.20600000000000002|0.127|0.436|0.563|0.182|0.667|0.231|0.125|0.33299999999999996|0.0|0.0|1.0|0.375|0.33299999999999996|0.0|0.0
1|2001-02|25.0|LAC|NBA|PG|68.0|761.0|0.4|13.5|0.847|0.16399999999999998|0.153|0.255|0.276|0.153|0.41600000000000004|0.444|0.381|0.486|0.355|0.31|0.32|0.0|0.0|0.9229999999999999|0.11900000000000001|0.0|0.0|0.0
2|2002-03|26.0|GSW|NBA|PG|68.0|1321.0|0.429|13.6|0.8340000000000001|0.12300000000000001|0.203|0.24600000000000002|0.263|0.166|0.439|0.579|0.426|0.474|0.35200000000000004|0.377|0.294|0.0|0.0|0.7240000000000001|0.221|0.41200000000000003|0.0|0.0
3|2003-04|27.0|DEN|NBA|SG|82.0|1849.0|0.419|15.4|0.777|0.138|0.107|0.191|0.341|0.223|0.447|0.557|0.451|0.39|0.433|0.322|0.38299999999999995|0.0|0.0|0.6729999999999999|0.08800000000000001|0.4|0.0|0.0
4|2004-05|28.0|DEN|NBA|PG|82.0|2162.0|0.413|14.7|0.799|0.17|0.11199999999999999|0.15|0.36700000000000005|0.201|0.43200000000000005|0.5710000000000001|0.446|0.419|0.368|0.337|0.408|0.0|0.0|0.7140000000000001|0.133|0.409|0.0|0.0
5|2005-06|29.0|DEN|NBA|PG|60.0|1542.0|0.41|15.8|0.7290000000000001|0.14400000000000002|0.08199999999999999|0.16|0.34299999999999997|0.271|0.434|0.568|0.5|0.396|0.379|0.34600000000000003|0.311|0.0|0.0|0.71|0.168|0.233|0.0|0.0
7|2006-07|30.0|DEN|NBA|PG|31.0|877.0|0.413|14.9|0.7090000000000001|0.175|0.11900000000000001|0.16399999999999998|0.251|0.29100000000000004|0.429|0.621|0.311|0.419|0.358|0.373|0.252|0.0|0.0|0.78|0.209|0.304|0.0|0.0
8|2006-07|30.0|MIL|NBA|PG|35.0|1154.0|0.42700000000000005|15.1|0.67|0.182|0.128|0.166|0.19399999999999998|0.33|0.431|0.493|0.46|0.369|0.408|0.419|0.195|0.0|0.0|0.778|0.163|0.33299999999999996|0.0|0.0
9|2007-08|31.0|CHA|NBA|PG|36.0|577.0|0.355|14.2|0.7440000000000001|0.192|0.134|0.18600000000000003|0.233|0.256|0.36700000000000005|0.485|0.217|0.406|0.325|0.318|0.298|0.0|0.0|0.643|0.22699999999999998|0.3|0.0|0.0
10|2009-10|33.0|WAS|NBA|PG|67.0|1117.0|0.42700000000000005|14.1|0.851|0.124|0.146|0.256|0.32299999999999995|0.149|0.446|0.64|0.40700000000000003|0.495|0.354|0.317|0.17|0.0|0.0|0.737|0.233|0.214|0.0|0.0
11|2010-11|34.0|MIL|NBA|PG|57.0|862.0|0.44299999999999995|14.8|0.7979999999999999|0.10800000000000001|0.168|0.259|0.264|0.20199999999999999|0.45899999999999996|0.474|0.49200000000000005|0.484|0.409|0.38|0.17800000000000002|0.0|0.0|0.852|0.183|0.385|1.0|0.0
12|2011-12|35.0|HOU|NBA|PG|8.0|111.0|0.33299999999999996|18.3|0.75|0.027999999999999997|0.083|0.16699999999999998|0.47200000000000003|0.25|0.37|1.0|0.667|0.33299999999999996|0.294|0.222|0.3|0.0|0.0|1.0|0.111|0.0|0.0|0.0
