|Season|Age|Tm|Lg|Pos|G|GS|MP|FG|FGA|FG%|FT|FTA|FT%|ORB|DRB|TRB|AST|STL|BLK|PF|PTS
0|1965-66|21.0|SFW|NBA|SF|64.0||646.0|5.3|14.9|0.35600000000000004|2.4|3.6|0.662|||9.0|2.1|||5.1|13.0
1|1966-67|22.0|CHI|NBA|SF|76.0||1454.0|5.8|15.9|0.36700000000000005|2.9|3.9|0.736|||8.4|2.9|||4.9|14.5
2|1967-68|23.0|CHI|NBA|SF|78.0||2257.0|6.0|15.0|0.401|3.1|4.1|0.755|||6.7|4.3|||4.4|15.1
3|1968-69|24.0|LAL|NBA|SG|77.0||1974.0|4.8|11.5|0.42|2.2|3.2|0.6859999999999999|||5.6|3.5|||4.0|11.8
4|1969-70|25.0|LAL|NBA|SF|68.0||1755.0|5.3|11.5|0.45799999999999996|1.9|2.5|0.746|||6.2|4.3|||3.6|12.5
5|1970-71|26.0|LAL|NBA|SF|73.0||2272.0|5.8|12.4|0.47100000000000003|1.3|1.8|0.759|||6.4|3.5|||3.8|13.0
6|1971-72|27.0|LAL|NBA|SF|15.0||262.0|5.5|11.4|0.48200000000000004|0.8|1.0|0.857|||5.4|4.8|||3.6|11.8
7|1972-73|28.0|LAL|NBA|SF|76.0||1920.0|5.6|13.1|0.43|1.7|2.1|0.809|||6.3|4.5|||3.6|12.9
8|1973-74|29.0|PHO|NBA|SF|66.0||2033.0|7.0|14.6|0.47700000000000004|3.1|3.9|0.8009999999999999|1.7|5.7|7.3|3.6|1.1|0.4|3.4|17.1
9|1974-75|30.0|PHO|NBA|SF|49.0||1469.0|5.8|13.7|0.425|3.2|3.8|0.833|1.7|4.2|6.0|4.2|1.2|0.3|3.7|14.8
10|1975-76|31.0|PHO|NBA|SF|74.0||1850.0|5.9|12.6|0.47|2.6|3.1|0.8540000000000001|2.1|4.4|6.5|3.6|1.5|0.1|3.8|14.5
11|1976-77|32.0|PHO|NBA|SF|50.0||949.0|5.4|11.2|0.483|1.4|1.9|0.74|1.4|4.1|5.5|3.9|1.1|0.3|4.6|12.2
