|Season|Age|Tm|Lg|Pos|G|MP|PER|TS%|FTr|ORB%|DRB%|TRB%|AST%|STL%|BLK%|TOV%|USG%|OWS|DWS|WS|WS/48|OBPM|DBPM|BPM|VORP
0|1971-72|23.0|CHI|NBA|SF|67.0|730.0|13.8|0.45899999999999996|0.191|||11.9|5.0|||||-0.2|1.4|1.1|0.076||||
1|1972-73|24.0|CHI|NBA|PF|43.0|407.0|15.7|0.474|0.134|||14.5|6.2|||||0.2|0.8|1.0|0.11199999999999999||||
2|1973-74|25.0|CHI|NBA|SF|73.0|1229.0|15.4|0.483|0.175|7.1|17.1|12.0|4.4|0.9|1.7|||0.8|1.9|2.7|0.10400000000000001|-1.8|-3.0|-4.8|-0.9
4|1974-75|26.0|NYK|NBA|SF|17.0|133.0|8.4|0.413|0.25|10.1|19.9|14.9|2.0|1.0|0.4|||0.0|0.1|0.1|0.033|-6.0|-2.0|-8.0|-0.2
5|1974-75|26.0|DET|NBA|SF|41.0|1030.0|14.0|0.535|0.18600000000000003|7.1|15.9|11.5|2.5|0.9|1.3|||1.7|0.7|2.3|0.109|-2.7|-1.8|-4.5|-0.6
6|1975-76|27.0|DET|NBA|SF|75.0|1482.0|13.0|0.494|0.153|5.6|15.2|10.3|2.4|1.0|1.3|||1.4|0.9|2.4|0.076|-3.5|-1.8|-5.3|-1.2
7|1976-77|28.0|DET|NBA|PF|78.0|2200.0|13.6|0.509|0.125|7.3|14.3|10.8|3.2|1.0|1.7|||2.7|1.4|4.1|0.08900000000000001|-2.3|-0.9|-3.2|-0.6
9|1977-78|29.0|DET|NBA|SF|8.0|107.0|7.0|0.391|0.163|5.0|11.6|8.3|2.5|1.2|2.4|9.8|18.3|-0.1|0.1|0.0|-0.004|-5.7|-1.7|-7.4|-0.1
10|1977-78|29.0|NJN|NBA|SF|55.0|1216.0|18.3|0.537|0.25|7.2|14.0|10.4|5.1|0.9|1.4|7.1|21.5|2.9|1.0|3.9|0.155|1.0|-2.1|-1.0|0.3
