|Season|Age|Tm|Lg|Pos|G|GS|MP|FG|FGA|FG%|FT|FTA|FT%|TRB|AST|PF|PTS
0|1960-61|23.0|CIN|NBA|PF|79.0||1573.0|250.0|603.0|0.415|166.0|247.0|0.672|488.0|109.0|193.0|666.0
1|1961-62|24.0|CIN|NBA|PF|79.0||2488.0|410.0|936.0|0.43799999999999994|263.0|372.0|0.7070000000000001|804.0|130.0|275.0|1083.0
2|1962-63|25.0|CIN|NBA|PF|79.0||2488.0|440.0|992.0|0.444|252.0|353.0|0.7140000000000001|878.0|102.0|299.0|1132.0
4|1963-64|26.0|CIN|NBA|SF|32.0||727.0|139.0|334.0|0.41600000000000004|74.0|119.0|0.622|178.0|33.0|83.0|352.0
5|1963-64|26.0|NYK|NBA|SF|49.0||1652.0|329.0|762.0|0.43200000000000005|198.0|257.0|0.77|418.0|63.0|148.0|856.0
6|1964-65|27.0|NYK|NBA|SF|80.0||2139.0|424.0|963.0|0.44|288.0|375.0|0.768|604.0|108.0|183.0|1136.0
7|1965-66|28.0|LAL|NBA|PF|78.0||1847.0|365.0|754.0|0.484|225.0|289.0|0.779|548.0|87.0|196.0|955.0
8|1966-67|29.0|CHI|NBA|PF|80.0||2451.0|538.0|1104.0|0.48700000000000004|360.0|461.0|0.7809999999999999|679.0|90.0|212.0|1436.0
9|1967-68|30.0|CHI|NBA|PF|77.0||2988.0|622.0|1265.0|0.49200000000000005|411.0|535.0|0.768|756.0|121.0|229.0|1655.0
10|1968-69|31.0|CHI|NBA|PF|79.0||2872.0|661.0|1375.0|0.48100000000000004|394.0|489.0|0.8059999999999999|614.0|156.0|218.0|1716.0
11|1969-70|32.0|SEA|NBA|PF|82.0||2549.0|493.0|1005.0|0.491|263.0|320.0|0.8220000000000001|717.0|110.0|237.0|1249.0
12|1970-71|33.0|MIL|NBA|PF|80.0||1775.0|290.0|645.0|0.45|148.0|181.0|0.818|435.0|128.0|216.0|728.0
