|Season|Age|Tm|Lg|Pos|G|GS|MP|FG|FGA|FG%|3P|3PA|3P%|2P|2PA|2P%|eFG%|FT|FTA|FT%|ORB|DRB|TRB|AST|STL|BLK|TOV|PF|PTS
0|2011-12|21.0|NYK|NBA|PG|59.0|35.0|28.9|3.6|9.1|0.401|0.8|2.7|0.306|2.8|6.4|0.44|0.446|1.5|1.8|0.7979999999999999|0.7|2.4|3.2|2.8|1.7|0.1|1.9|2.9|9.5
1|2012-13|22.0|NYK|NBA|SG|45.0|45.0|22.1|2.4|6.1|0.396|1.1|2.8|0.402|1.3|3.3|0.392|0.489|0.8|1.0|0.7659999999999999|0.7|2.3|3.0|1.7|1.0|0.2|0.8|2.2|6.8
2|2013-14|23.0|NYK|NBA|SG|74.0|58.0|26.5|2.5|6.5|0.37799999999999995|1.0|3.1|0.33299999999999996|1.4|3.5|0.418|0.457|0.7|1.0|0.746|1.1|3.1|4.2|1.7|1.2|0.2|1.1|2.8|6.7
4|2014-15|24.0|NYK|NBA|SG|24.0|24.0|26.0|3.7|9.0|0.409|1.0|2.8|0.348|2.7|6.2|0.436|0.46299999999999997|1.0|1.5|0.6759999999999999|0.9|2.5|3.4|3.3|1.3|0.1|1.8|2.8|9.3
5|2014-15|24.0|CLE|NBA|SG|38.0|1.0|24.2|2.8|6.7|0.41|1.2|3.4|0.33799999999999997|1.6|3.3|0.484|0.496|0.5|0.7|0.667|0.9|2.9|3.8|1.5|1.3|0.3|1.3|1.9|7.2
6|2015-16|25.0|CLE|NBA|SG|54.0|5.0|24.4|2.1|5.6|0.374|0.8|2.7|0.295|1.3|2.9|0.447|0.444|0.7|0.9|0.784|0.6|3.2|3.8|1.7|1.0|0.4|1.1|2.2|5.8
7|2016-17|26.0|CLE|NBA|SG|76.0|31.0|25.5|2.6|6.4|0.41100000000000003|1.2|3.4|0.36|1.4|3.0|0.469|0.507|0.9|1.2|0.789|0.5|2.4|2.9|1.4|0.8|0.4|1.0|2.0|7.5
8|2017-18|27.0|CLE|NBA|SG|14.0|6.0|19.7|1.6|4.1|0.379|0.5|1.9|0.26899999999999996|1.1|2.3|0.469|0.44|0.8|1.1|0.733|0.5|2.4|2.9|1.2|0.6|0.3|1.1|1.6|4.4
10|2018-19|28.0|SAC|NBA|SG|42.0|40.0|26.2|3.2|8.3|0.382|1.8|4.8|0.366|1.4|3.5|0.40399999999999997|0.489|0.8|1.0|0.8290000000000001|0.5|2.6|3.1|2.2|1.1|0.5|0.9|2.2|8.9
11|2018-19|28.0|HOU|NBA|SG|20.0|1.0|19.1|1.7|4.9|0.34700000000000003|1.1|3.6|0.29600000000000004|0.7|1.4|0.48100000000000004|0.45399999999999996|0.1|0.2|0.5|0.4|2.3|2.7|1.1|0.6|0.2|0.6|1.8|4.6
