|Season|Age|Tm|Lg|Pos|G|MP|PER|TS%|3PAr|FTr|ORB%|DRB%|TRB%|AST%|STL%|BLK%|TOV%|USG%|OWS|DWS|WS|WS/48|OBPM|DBPM|BPM|VORP
0|2006-07|26.0|SAS|NBA|PF|9.0|25.0|2.5|0.444|0.5710000000000001|0.28600000000000003|9.7|4.6|7.1|0.0|4.3|0.0|27.6|20.6|-0.1|0.0|0.0|-0.055|-5.2|-1.1|-6.3|0.0
1|2007-08|27.0|SAS|NBA|PF|2.0|9.0|26.8|0.667|0.0|0.0|0.0|25.6|12.8|43.7|0.0|0.0|0.0|15.9|0.0|0.0|0.1|0.306|4.0|0.5|4.5|0.0
2|2008-09|28.0|SAS|NBA|PF|5.0|100.0|3.3|0.314|0.565|0.087|7.0|12.8|9.7|0.0|1.7|1.8|7.7|12.9|-0.2|0.1|-0.1|-0.063|-6.2|-1.3|-7.5|-0.1
3|2009-10|29.0|SAS|NBA|PF|10.0|173.0|8.6|0.557|0.614|0.045|4.6|16.5|10.6|3.6|0.3|1.4|13.5|14.0|0.1|0.1|0.2|0.048|-1.8|-0.5|-2.3|0.0
4|2010-11|30.0|SAS|NBA|PF|6.0|123.0|11.8|0.6459999999999999|0.72|0.4|6.5|11.6|9.0|2.7|0.4|0.6|3.3|11.6|0.3|0.1|0.4|0.159|2.8|-1.8|1.0|0.1
5|2011-12|31.0|SAS|NBA|PF|13.0|165.0|5.6|0.45299999999999996|0.7190000000000001|0.156|1.5|15.6|8.8|7.5|0.6|1.8|8.1|10.5|0.0|0.1|0.2|0.049|-1.4|1.3|-0.1|0.1
6|2012-13|32.0|SAS|NBA|PF|20.0|267.0|12.7|0.63|0.542|0.203|4.0|12.5|8.4|3.4|1.0|1.4|3.0|11.7|0.6|0.3|0.9|0.16899999999999998|1.9|0.3|2.2|0.3
7|2013-14|33.0|SAS|NBA|PF|22.0|136.0|8.8|0.593|0.5710000000000001|0.19|1.8|10.1|6.0|10.8|0.8|0.6|8.1|8.5|0.2|0.1|0.3|0.122|-0.3|1.8|1.5|0.1
8|2014-15|34.0|SAS|NBA|PF|7.0|36.0|-2.2|0.3|0.9|0.0|0.0|18.4|8.9|3.8|0.0|2.2|9.1|13.7|-0.1|0.0|-0.1|-0.08900000000000001|-6.8|0.2|-6.6|0.0
