|Season|Age|Tm|Lg|Pos|G|MP|FG%|Dist.|% of 2PA|% of 0-3|% of 3-10|% of 10-16|% of 16-3pt|% of 3P|2P %FG|0-3 %FG|3-10 %FG|10-16 %FG|16-3pt%FG|3P %FG|2P % Assisted|% of Dunks|Dunks Made|3P % Assisted|% of 3PA from Corner|Corner 3 %FG |Heaves Attempted|Heaves Made
0|2004-05|24.0|TOR|NBA|C|82.0|1553.0|0.5329999999999999|14.3|0.8009999999999999|0.201|0.132|0.11699999999999999|0.35200000000000004|0.19899999999999998|0.561|0.602|0.557|0.519|0.552|0.424|0.635|0.019|9.0|1.0|0.272|0.44|0.0|0.0
1|2005-06|25.0|TOR|NBA|PF|78.0|1710.0|0.44799999999999995|18.6|0.48|0.11800000000000001|0.079|0.086|0.19699999999999998|0.52|0.478|0.6|0.405|0.375|0.478|0.42|0.636|0.013000000000000001|5.0|1.0|0.20199999999999999|0.327|1.0|0.0
2|2006-07|26.0|SAS|NBA|PF|56.0|653.0|0.447|15.1|0.603|0.18100000000000002|0.198|0.10099999999999999|0.122|0.397|0.49|0.628|0.38299999999999995|0.45799999999999996|0.483|0.38299999999999995|0.586|0.017|4.0|0.972|0.191|0.278|0.0|0.0
3|2007-08|27.0|SAS|NBA|PF|68.0|853.0|0.41600000000000004|17.0|0.529|0.131|0.151|0.086|0.162|0.47100000000000003|0.48700000000000004|0.763|0.43200000000000005|0.36|0.38299999999999995|0.336|0.68|0.01|3.0|1.0|0.212|0.345|0.0|0.0
4|2008-09|28.0|SAS|NBA|PF|81.0|1928.0|0.496|17.4|0.5|0.131|0.11599999999999999|0.10300000000000001|0.151|0.5|0.552|0.6|0.5479999999999999|0.491|0.556|0.44|0.682|0.009000000000000001|4.0|1.0|0.231|0.452|0.0|0.0
5|2009-10|29.0|SAS|NBA|PF|65.0|1161.0|0.446|18.7|0.379|0.081|0.16399999999999998|0.062|0.073|0.621|0.539|0.667|0.525|0.478|0.48100000000000004|0.39|0.5|0.008|3.0|0.9890000000000001|0.121|0.39299999999999996|0.0|0.0
6|2010-11|30.0|SAS|NBA|PF|66.0|1432.0|0.46399999999999997|19.3|0.38|0.084|0.11599999999999999|0.07|0.111|0.62|0.475|0.71|0.27899999999999997|0.462|0.512|0.457|0.5820000000000001|0.008|3.0|1.0|0.243|0.375|0.0|0.0
7|2011-12|31.0|SAS|NBA|PF|65.0|1326.0|0.44|20.8|0.28600000000000003|0.037000000000000005|0.12|0.046|0.083|0.7140000000000001|0.49|0.769|0.452|0.313|0.517|0.42|0.653|0.006|1.0|0.99|0.204|0.49|0.0|0.0
8|2012-13|32.0|SAS|NBA|PF|68.0|909.0|0.48700000000000004|18.4|0.478|0.052000000000000005|0.196|0.078|0.152|0.522|0.536|0.583|0.489|0.556|0.5710000000000001|0.442|0.746|0.004|1.0|1.0|0.2|0.41700000000000004|0.0|0.0
9|2013-14|33.0|SAS|NBA|PF|61.0|690.0|0.445|18.9|0.402|0.043|0.213|0.061|0.085|0.598|0.47|0.7140000000000001|0.429|0.2|0.643|0.429|0.774|0.0|0.0|0.976|0.19399999999999998|0.579|0.0|0.0
10|2014-15|34.0|SAS|NBA|PF|72.0|935.0|0.409|18.0|0.452|0.048|0.27|0.07|0.07|0.5479999999999999|0.462|0.727|0.452|0.563|0.188|0.365|0.625|0.004|1.0|1.0|0.151|0.368|1.0|0.0
11|2015-16|35.0|SAS|NBA|C|30.0|206.0|0.509|19.2|0.40399999999999997|0.12300000000000001|0.105|0.07|0.105|0.596|0.609|0.429|0.833|0.75|0.5|0.441|0.7140000000000001|0.0|0.0|1.0|0.147|0.4|1.0|0.0
