|Season|Age|Tm|Lg|Pos|G|GS|MP|FG|FGA|FG%|FT|FTA|FT%|ORB|DRB|TRB|AST|STL|BLK|PF|PTS
0|1962-63|23.0|STL|NBA|PF|27.0||374.0|6.4|15.4|0.413|3.1|4.9|0.627|||13.9|2.2|||5.6|15.8
1|1963-64|24.0|STL|NBA|PF|80.0||1949.0|5.0|12.5|0.397|2.7|4.1|0.652|||12.6|3.3|||5.0|12.6
2|1964-65|25.0|STL|NBA|PF|79.0||2362.0|5.5|14.3|0.386|2.8|4.2|0.6759999999999999|||13.0|2.9|||4.2|13.9
3|1965-66|26.0|STL|NBA|PF|78.0||2677.0|5.1|12.5|0.40700000000000003|3.5|4.9|0.706|||12.8|2.8|||4.5|13.6
4|1966-67|27.0|STL|NBA|PF|79.0||3130.0|5.8|12.7|0.455|4.2|6.0|0.7020000000000001|||13.7|2.6|||3.7|15.8
5|1967-68|28.0|STL|NBA|PF|82.0||3197.0|5.2|11.4|0.462|3.9|5.5|0.7170000000000001|||12.4|2.8|||4.1|14.4
6|1968-69|29.0|ATL|NBA|PF|80.0||2930.0|4.3|9.5|0.45299999999999996|2.9|4.3|0.677|||13.9|3.7|||3.6|11.6
7|1969-70|30.0|ATL|NBA|PF|82.0||3269.0|4.9|10.3|0.475|3.6|5.0|0.7340000000000001|||13.0|3.8|||3.2|13.4
8|1970-71|31.0|ATL|NBA|PF|82.0||3140.0|4.4|9.6|0.45799999999999996|2.4|3.8|0.639|||14.1|2.8|||3.6|11.2
10|1971-72|32.0|ATL|NBA|PF|14.0||546.0|3.4|8.8|0.381|2.0|2.9|0.705|||12.5|2.6|||3.3|8.8
11|1971-72|32.0|PHI|NBA|PF|64.0||2210.0|5.3|10.5|0.509|3.1|4.4|0.7020000000000001|||14.0|2.6|||3.6|13.8
13|1972-73|33.0|PHI|NBA|PF|10.0||376.0|4.5|12.0|0.376|4.4|6.2|0.708|||11.7|2.2|||3.4|13.4
14|1972-73|33.0|LAL|NBA|PF|72.0||2491.0|4.1|8.6|0.479|1.9|2.7|0.7|||11.3|2.8|||3.8|10.2
15|1973-74|34.0|LAL|NBA|PF|65.0||1812.0|4.3|10.2|0.42100000000000004|2.3|3.3|0.7070000000000001|3.8|6.1|9.9|2.9|1.2|0.6|4.4|10.9
17|1974-75|35.0|LAL|NBA|PF|17.0||307.0|2.3|6.7|0.35100000000000003|1.9|3.5|0.5329999999999999|5.4|5.6|11.0|3.2|0.8|0.6|5.4|6.6
18|1974-75|35.0|GSW|NBA|PF|15.0||108.0|5.0|12.0|0.41700000000000004|0.3|1.3|0.25|6.0|7.3|13.3|1.3|1.3|0.0|6.3|10.3
