|Season|Age|Tm|Lg|Pos|G|GS|MP|FG|FGA|FG%|3P|3PA|3P%|2P|2PA|2P%|eFG%|FT|FTA|FT%|ORB|DRB|TRB|AST|STL|BLK|TOV|PF|PTS
1|1975-76|19.0|SDS|ABA|SF|11.0||39.5|6.3|13.1|0.479|0.0|0.0||6.3|13.1|0.479|0.479|2.7|3.9|0.698|3.2|6.4|9.5|1.6|0.9|0.6|2.5|4.7|15.3
2|1975-76|19.0|SAA|ABA|PF|70.0||23.2|3.3|6.6|0.503|0.0|0.0||3.3|6.6|0.503|0.503|2.3|2.9|0.789|2.1|3.9|6.1|1.8|0.6|0.4|1.6|2.8|9.0
3|1976-77|20.0|SAS|NBA|PF|82.0||23.8|3.7|7.3|0.503||||3.7|7.3|0.503|0.503|3.1|3.9|0.794|2.0|3.5|5.5|1.5|0.7|0.4||3.4|10.4
4|1977-78|21.0|SAS|NBA|PF|79.0||22.4|2.9|6.1|0.48100000000000004||||2.9|6.1|0.48100000000000004|0.48100000000000004|2.3|2.9|0.8109999999999999|1.3|3.4|4.7|1.7|0.6|0.3|1.5|3.0|8.2
5|1978-79|22.0|SAS|NBA|PF|80.0||23.6|3.3|6.9|0.474||||3.3|6.9|0.474|0.474|2.9|3.6|0.8029999999999999|1.2|4.2|5.4|2.6|0.7|0.2|2.0|3.5|9.4
6|1979-80|23.0|SAS|NBA|SF|75.0||28.1|3.9|8.1|0.478|0.0|0.0|0.0|3.9|8.1|0.48|0.478|2.8|3.5|0.795|1.1|4.5|5.6|4.4|0.9|0.3|2.4|3.7|10.6
7|1980-81|24.0|SAS|NBA|SF|82.0||29.4|4.2|8.4|0.508|0.0|0.1|0.14300000000000002|4.2|8.3|0.512|0.509|3.8|4.6|0.8290000000000001|1.8|4.0|5.7|3.4|0.9|0.4|2.5|3.7|12.3
8|1981-82|25.0|SAS|NBA|PF|68.0|63.0|30.9|4.9|10.4|0.47200000000000003|0.0|0.2|0.16699999999999998|4.9|10.2|0.478|0.474|4.0|5.0|0.8079999999999999|1.7|4.7|6.5|3.0|0.8|0.4|2.0|3.7|13.8
9|1982-83|26.0|CHI|NBA|PF|80.0|31.0|22.7|3.1|6.5|0.48100000000000004|0.0|0.2|0.16699999999999998|3.1|6.4|0.488|0.483|2.4|3.1|0.782|1.4|3.1|4.5|1.6|0.6|0.1|1.9|3.1|8.7
10|1983-84|27.0|KCK|NBA|PF|81.0|81.0|26.7|3.1|6.2|0.494|0.0|0.0|0.0|3.1|6.2|0.495|0.494|3.2|3.9|0.821|1.5|4.0|5.5|2.4|0.6|0.3|2.0|3.6|9.4
11|1984-85|28.0|KCK|NBA|PF|81.0|62.0|28.1|3.3|6.5|0.502|0.0|0.0|0.0|3.3|6.5|0.505|0.502|3.6|4.3|0.8320000000000001|1.7|4.6|6.3|3.0|0.7|0.1|2.3|3.7|10.2
12|1985-86|29.0|SAC|NBA|PF|81.0|64.0|26.6|2.8|5.0|0.5579999999999999|0.0|0.0|0.0|2.8|5.0|0.561|0.5579999999999999|2.0|2.6|0.7709999999999999|1.4|3.8|5.2|3.3|0.5|0.3|1.8|3.4|7.6
13|1986-87|30.0|SAC|NBA|PF|76.0|0.0|13.2|0.9|2.2|0.418|0.0|0.0|0.0|0.9|2.2|0.42100000000000004|0.418|1.5|1.7|0.885|0.7|1.8|2.4|1.2|0.2|0.1|0.7|1.9|3.3
