|Season|Age|Tm|Lg|Pos|G|GS|MP|FG|FGA|FG%|3P|3PA|3P%|2P|2PA|2P%|eFG%|FT|FTA|FT%|ORB|DRB|TRB|AST|STL|BLK|TOV|PF|PTS
0|1975-76|19.0|SAA|ABA|PF|7.0||10.4|0.7|2.1|0.33299999999999996|0.0|0.0||0.7|2.1|0.33299999999999996|0.33299999999999996|0.4|0.9|0.5|1.0|2.1|3.1|0.4|0.4|0.3|0.6|2.1|1.9
1|1976-77|20.0|SAS|NBA|PF|2.0||21.0|2.5|4.5|0.556||||2.5|4.5|0.556|0.556|1.5|3.0|0.5|1.0|2.5|3.5|1.0|0.0|0.5||4.0|6.5
2|1977-78|21.0|SAS|NBA|PF|6.0||25.3|4.2|8.5|0.49||||4.2|8.5|0.49|0.49|2.2|2.5|0.867|1.5|3.5|5.0|2.3|1.0|1.0|1.3|3.8|10.5
3|1978-79|22.0|SAS|NBA|PF|14.0||25.6|2.9|7.4|0.39799999999999996||||2.9|7.4|0.39799999999999996|0.39799999999999996|2.1|2.6|0.784|0.9|4.1|4.9|2.4|0.9|0.4|2.1|3.8|7.9
4|1979-80|23.0|SAS|NBA|SF|3.0||32.3|4.3|7.7|0.565|0.0|0.0||4.3|7.7|0.565|0.565|1.0|1.3|0.75|1.7|5.7|7.3|3.7|0.7|0.3|1.0|4.7|9.7
5|1980-81|24.0|SAS|NBA|SF|7.0||36.3|8.3|15.0|0.552|0.1|0.4|0.33299999999999996|8.1|14.6|0.5589999999999999|0.557|3.0|3.6|0.84|1.6|4.3|5.9|4.3|0.6|0.0|2.4|4.4|19.7
6|1981-82|25.0|SAS|NBA|PF|9.0||36.4|5.9|13.3|0.442|0.0|0.1|0.0|5.9|13.2|0.445|0.442|2.9|3.4|0.8390000000000001|2.2|4.2|6.4|3.6|1.0|0.7|3.0|4.3|14.7
7|1983-84|27.0|KCK|NBA|PF|3.0||20.0|2.0|5.0|0.4|0.0|0.0||2.0|5.0|0.4|0.4|2.7|4.7|0.5710000000000001|1.3|3.7|5.0|2.0|0.0|0.0|1.3|2.0|6.7
8|1985-86|29.0|SAC|NBA|PF|3.0|3.0|24.7|1.0|3.0|0.33299999999999996|0.0|0.0||1.0|3.0|0.33299999999999996|0.33299999999999996|3.0|4.0|0.75|1.3|3.0|4.3|1.0|0.7|0.3|2.3|3.0|5.0
