|Season|Age|Tm|Lg|Pos|G|MP|FG%|Dist.|% of 2PA|% of 0-3|% of 3-10|% of 10-16|% of 16-3pt|% of 3P|2P %FG|0-3 %FG|3-10 %FG|10-16 %FG|16-3pt%FG|3P %FG|2P % Assisted|% of Dunks|Dunks Made|3P % Assisted|% of 3PA from Corner|Corner 3 %FG |Heaves Attempted|Heaves Made
0|2011-12|19.0|MIL|NBA|SF|42.0|479.0|0.467|8.1|0.8640000000000001|0.391|0.331|0.083|0.059000000000000004|0.136|0.5|0.682|0.321|0.429|0.4|0.261|0.6709999999999999|0.077|12.0|1.0|0.652|0.33299999999999996|0.0|0.0
2|2012-13|20.0|MIL|NBA|SF|28.0|325.0|0.461|9.7|0.8170000000000001|0.348|0.217|0.209|0.043|0.183|0.489|0.575|0.4|0.41700000000000004|0.6|0.33299999999999996|0.609|0.07|7.0|1.0|0.5710000000000001|0.33299999999999996|0.0|0.0
3|2012-13|20.0|ORL|NBA|PF|27.0|974.0|0.45299999999999996|10.7|0.7809999999999999|0.327|0.264|0.086|0.10300000000000001|0.21899999999999997|0.494|0.608|0.4|0.324|0.512|0.31|0.562|0.045|17.0|0.852|0.23|0.25|0.0|0.0
4|2013-14|21.0|ORL|NBA|PF|61.0|1850.0|0.46399999999999997|11.6|0.8240000000000001|0.293|0.203|0.113|0.215|0.17600000000000002|0.508|0.705|0.379|0.42|0.409|0.254|0.57|0.042|28.0|0.9059999999999999|0.556|0.28600000000000003|0.0|0.0
5|2014-15|22.0|ORL|NBA|SF|68.0|2369.0|0.466|12.0|0.748|0.29|0.20800000000000002|0.115|0.136|0.252|0.5|0.687|0.386|0.36700000000000005|0.38799999999999996|0.364|0.5579999999999999|0.052000000000000005|46.0|0.966|0.42700000000000005|0.451|2.0|0.0
7|2015-16|23.0|ORL|NBA|PF|49.0|1610.0|0.46399999999999997|10.4|0.721|0.40299999999999997|0.165|0.061|0.092|0.27899999999999997|0.523|0.624|0.42700000000000005|0.242|0.44|0.311|0.588|0.085|45.0|0.915|0.397|0.3|0.0|0.0
8|2015-16|23.0|DET|NBA|PF|27.0|903.0|0.47700000000000004|10.7|0.747|0.33|0.221|0.10099999999999999|0.098|0.253|0.512|0.643|0.39|0.457|0.382|0.375|0.519|0.013999999999999999|4.0|0.97|0.273|0.33299999999999996|0.0|0.0
9|2016-17|24.0|DET|NBA|PF|82.0|2567.0|0.48100000000000004|13.3|0.705|0.207|0.22|0.16899999999999998|0.10800000000000001|0.295|0.537|0.705|0.474|0.444|0.48700000000000004|0.34700000000000003|0.502|0.051|50.0|0.991|0.258|0.34600000000000003|2.0|0.0
11|2017-18|25.0|DET|NBA|PF|48.0|1563.0|0.451|14.4|0.611|0.192|0.182|0.165|0.07200000000000001|0.389|0.478|0.625|0.426|0.436|0.314|0.409|0.488|0.049|32.0|0.858|0.217|0.41700000000000004|1.0|0.0
12|2017-18|25.0|LAC|NBA|PF|32.0|1105.0|0.473|13.1|0.67|0.24|0.18600000000000003|0.145|0.1|0.33|0.501|0.667|0.368|0.486|0.373|0.414|0.424|0.047|21.0|0.8859999999999999|0.243|0.488|0.0|0.0
14|2018-19|26.0|LAC|NBA|PF|55.0|1903.0|0.496|13.4|0.698|0.235|0.198|0.163|0.10300000000000001|0.302|0.523|0.657|0.456|0.439|0.47700000000000004|0.434|0.34|0.036000000000000004|30.0|0.813|0.159|0.488|2.0|0.0
15|2018-19|26.0|PHI|NBA|PF|27.0|944.0|0.469|13.4|0.662|0.256|0.18|0.14800000000000002|0.078|0.33799999999999997|0.542|0.667|0.47200000000000003|0.424|0.516|0.326|0.51|0.07|25.0|0.795|0.193|0.385|1.0|0.0
