|Season|Age|Tm|Lg|Pos|G|GS|MP|FG|FGA|FG%|3P|3PA|3P%|2P|2PA|2P%|FT|FTA|FT%|ORB|DRB|TRB|AST|STL|BLK|TOV|PF|PTS
0|1990-91|22.0|WSB|NBA|PF|54.0|3.0|606.0|5.8|12.5|0.46|0.0|0.3|0.0|5.8|12.2|0.47100000000000003|2.5|3.6|0.6890000000000001|3.1|5.9|9.0|2.2|0.7|1.3|2.7|6.7|14.0
1|1991-92|23.0|WSB|NBA|PF|49.0|3.0|548.0|5.8|12.7|0.461|0.0|0.1|0.0|5.8|12.6|0.46399999999999997|2.3|3.2|0.7140000000000001|2.8|6.7|9.5|2.3|0.4|0.8|2.4|5.5|14.0
3|1992-93|24.0|WSB|NBA|PF|10.0|0.0|93.0|4.3|9.7|0.44|0.0|0.0||4.3|9.7|0.44|0.8|1.2|0.667|3.1|7.4|10.5|4.3|0.0|1.9|3.5|6.6|9.3
4|1992-93|24.0|ATL|NBA|PF|33.0|0.0|205.0|7.7|16.7|0.46299999999999997|0.0|0.7|0.0|7.7|16.0|0.484|2.3|3.2|0.722|4.2|5.6|9.8|1.8|0.5|1.6|2.8|7.2|17.7
5|1993-94|25.0|MIL|NBA|PF|3.0|0.0|19.0|7.6|13.3|0.5710000000000001|0.0|0.0||7.6|13.3|0.5710000000000001|3.8|3.8|1.0|0.0|5.7|5.7|0.0|0.0|1.9|1.9|5.7|18.9
7|1994-95|26.0|CHI|NBA|PF|17.0|3.0|299.0|4.9|10.4|0.47700000000000004|0.0|0.0||4.9|10.4|0.47700000000000004|2.6|3.7|0.71|2.2|4.3|6.5|1.9|0.2|1.0|2.0|6.5|12.5
8|1994-95|26.0|MIN|NBA|PF|61.0|0.0|845.0|4.6|9.9|0.47|0.3|1.0|0.304|4.3|8.9|0.488|2.4|3.4|0.7|2.9|5.9|8.7|1.0|0.6|0.9|2.3|5.5|12.0
9|1995-96|27.0|UTA|NBA|C|73.0|2.0|803.0|4.8|10.9|0.439|0.0|0.4|0.125|4.8|10.6|0.449|2.7|3.2|0.847|2.4|5.6|8.0|1.1|0.3|1.0|2.6|5.4|12.4
10|1996-97|28.0|UTA|NBA|C|79.0|12.0|920.0|4.3|9.6|0.45299999999999996|0.1|0.1|0.667|4.3|9.5|0.45|2.1|2.5|0.831|2.2|5.1|7.3|1.2|0.4|0.8|2.1|5.7|10.9
11|1997-98|29.0|UTA|NBA|C|78.0|49.0|1446.0|4.6|10.4|0.445|0.0|0.2|0.222|4.6|10.2|0.45|1.7|2.2|0.77|2.1|4.7|6.8|1.3|0.4|0.7|1.7|4.7|11.0
12|1998-99|30.0|UTA|NBA|PF|42.0|1.0|458.0|4.1|10.8|0.377|0.1|0.3|0.25|4.0|10.5|0.381|1.0|1.7|0.619|2.2|4.3|6.5|2.0|0.5|0.6|1.9|5.0|9.3
13|1999-00|31.0|SEA|NBA|PF|60.0|5.0|718.0|4.6|11.2|0.406|0.2|0.8|0.2|4.4|10.5|0.42100000000000004|0.9|1.4|0.643|0.8|4.6|5.4|2.1|0.5|0.9|1.4|5.3|10.2
14|2000-01|32.0|LAL|NBA|C|62.0|8.0|451.0|4.5|10.6|0.42100000000000004|0.2|0.7|0.33299999999999996|4.2|9.9|0.42700000000000005|0.8|1.1|0.7140000000000001|2.3|6.6|8.9|2.6|0.7|1.0|2.0|6.1|10.0
15|2001-02|33.0|MIL|NBA|PF|6.0|0.0|24.0|3.0|13.5|0.222|0.0|6.0|0.0|3.0|7.5|0.4|4.5|6.0|0.75|0.0|12.0|12.0|1.5|0.0|0.0|0.0|6.0|10.5
16|2002-03|34.0|TOR|NBA|C|29.0|9.0|539.0|3.1|8.1|0.385|0.1|0.3|0.25|3.1|7.9|0.39|1.7|2.1|0.813|2.0|4.8|6.8|0.9|0.1|0.6|2.0|5.5|8.1
