|Season|Age|Tm|Lg|MP|FG|FGA|3P|3PA|2P|2PA|FT|FTA|ORB|DRB|TRB|AST|STL|BLK|TOV|PF|PTS|GmSc
0|1993-94|27.0|DEN|NBA||9|13|0|0|9|13|13|18|6|12|17|5|3|8|4|5|23|25.8
1|1994-95|28.0|DEN|NBA||3|4|0|0|3|4|3|6|2|7|9|1|0|3|4|6|7|7.6
2|1996-97|30.0|ATL|NBA||10|14|0|0|10|14|8|11|7|18|21|2|1|6|3|4|26|25.9
3|1997-98|31.0|ATL|NBA||4|7|0|0|4|7|4|4|5|14|16|1|1|5|3|4|10|12.4
4|1998-99|32.0|ATL|NBA||13|14|0|0|13|14|6|10|6|15|19|3|2|6|4|5|28|25.7
6|2000-01|34.0|PHI|NBA||9|14|0|1|9|14|13|19|9|17|22|2|3|7|5|6|23|28.6
7|2001-02|35.0|PHI|NBA||4|9|0|0|4|9|8|10|5|9|14|2|1|4|5|5|12|11.7
8|2002-03|36.0|NJN|NBA||2|3|0|0|2|3|2|2|2|4|4|3|2|3|2|3|4|5.9
9|2003-04|37.0|NYK|NBA||2|4|0|0|2|4|2|2|3|3|6|0|1|3|2|3|5|4.5
10|2004-05|38.0|HOU|NBA||2|3|0|0|2|3|6|7|3|8|10|1|1|4|3|4|8|8.6
11|2006-07|40.0|HOU|NBA|8:09|1|1|0|0|1|1|2|2|2|2|4|1|0|1|0|2|3|4.7
12|2007-08|41.0|HOU|NBA|26:31|3|5|0|0|3|5|3|6|4|8|10|1|1|3|1|3|6|7.8
13|2008-09|42.0|HOU|NBA|18:03|0|0|0|0|0|0|0|2|1|8|9|0|1|2|0|4|0|3.1
