|Season|Age|Tm|Lg|Pos|G|GS|MP|FG|FGA|FG%|FT|FTA|FT%|ORB|DRB|TRB|AST|STL|BLK|PF|PTS
0|1966-67|22.0|BOS|NBA|SG|48.0||383.0|7.3|19.8|0.37|3.9|5.8|0.677|||5.0|3.9|||5.7|18.6
1|1967-68|23.0|SDR|NBA|SG|47.0||1068.0|6.0|15.4|0.39299999999999996|2.8|4.0|0.7120000000000001|||5.2|4.5|||3.4|14.9
2|1968-69|24.0|SDR|NBA|SG|80.0||2346.0|7.1|16.8|0.425|3.6|4.8|0.752|||5.6|5.2|||3.7|17.8
3|1969-70|25.0|SDR|NBA|SG|80.0||2105.0|7.7|17.1|0.451|4.9|6.3|0.79|||5.2|4.9|||3.8|20.3
4|1970-71|26.0|POR|NBA|SG|78.0||2371.0|8.5|19.5|0.436|4.9|6.1|0.8109999999999999|||5.7|4.9|||2.9|21.9
5|1971-72|27.0|GSW|NBA|PG|80.0||2200.0|6.1|15.0|0.409|4.0|4.8|0.836|||4.1|5.1|||3.1|16.2
6|1972-73|28.0|GSW|NBA|PG|82.0||2215.0|6.4|13.7|0.467|3.0|3.5|0.843|||4.1|4.9|||2.4|15.8
7|1973-74|29.0|GSW|NBA|SG|77.0||1689.0|7.5|16.1|0.46399999999999997|3.9|4.8|0.8140000000000001|1.6|3.1|4.7|4.5|1.2|0.2|3.1|18.8
9|1974-75|30.0|NOJ|NBA|SG|45.0||1238.0|6.3|14.0|0.44799999999999995|4.5|5.5|0.83|1.3|2.4|3.7|4.0|1.0|0.5|3.2|17.0
10|1974-75|30.0|NYK|NBA|SG|28.0||538.0|4.7|11.5|0.40700000000000003|2.9|3.3|0.86|1.0|2.4|3.4|2.6|0.8|0.0|3.4|12.2
11|1975-76|31.0|NYK|NBA|SG|71.0||1026.0|5.8|13.0|0.442|3.2|4.0|0.789|1.7|1.4|3.1|3.2|0.8|0.1|3.0|14.7
12|1976-77|32.0|PHI|NBA|SG|16.0||231.0|4.4|10.0|0.43799999999999994|1.6|2.8|0.556|1.1|1.1|2.2|3.6|0.6|0.0|4.4|10.3
