|Season|Age|Tm|Lg|Pos|G|MP|FG%|Dist.|% of 2PA|% of 0-3|% of 3-10|% of 10-16|% of 16-3pt|% of 3P|2P %FG|0-3 %FG|3-10 %FG|10-16 %FG|16-3pt%FG|3P %FG|2P % Assisted|% of Dunks|Dunks Made|3P % Assisted|% of 3PA from Corner|Corner 3 %FG |Heaves Attempted|Heaves Made
0|2005-06|18.0|DET|NBA|SF|3.0|39.0|0.7|8.2|0.7|0.6|0.0|0.1|0.0|0.3|0.7140000000000001|0.833||0.0||0.667|0.6|0.2|2.0|1.0|1.0|0.667|0.0|0.0
1|2006-07|19.0|DET|NBA|PF|8.0|124.0|0.545|4.3|0.909|0.667|0.242|0.0|0.0|0.091|0.6|0.773|0.125|||0.0|0.5|0.242|7.0||0.33299999999999996|0.0|0.0|0.0
2|2007-08|20.0|DET|NBA|PF|62.0|764.0|0.5579999999999999|2.8|1.0|0.715|0.17|0.073|0.042|0.0|0.5579999999999999|0.6779999999999999|0.321|0.25|0.0||0.511|0.182|30.0||||0.0|0.0
3|2008-09|21.0|DET|NBA|PF|62.0|911.0|0.595|4.1|1.0|0.6809999999999999|0.16|0.018000000000000002|0.141|0.0|0.595|0.6759999999999999|0.462|0.33299999999999996|0.391||0.5770000000000001|0.209|32.0||||0.0|0.0
4|2009-10|22.0|TOR|NBA|PF|82.0|1453.0|0.623|4.3|0.988|0.659|0.225|0.024|0.081|0.012|0.63|0.732|0.413|0.375|0.48100000000000004|0.0|0.6779999999999999|0.153|49.0||0.25|0.0|3.0|0.0
5|2010-11|23.0|TOR|NBA|PF|72.0|1853.0|0.568|6.2|0.998|0.564|0.212|0.026000000000000002|0.196|0.002|0.569|0.6990000000000001|0.381|0.231|0.44299999999999995|0.0|0.6409999999999999|0.145|67.0||1.0|0.0|0.0|0.0
6|2011-12|24.0|TOR|NBA|PF|64.0|1553.0|0.5760000000000001|7.5|0.985|0.509|0.188|0.05|0.23800000000000002|0.015|0.579|0.7340000000000001|0.484|0.353|0.37|0.4|0.696|0.162|49.0|0.5|0.6|0.667|0.0|0.0
7|2012-13|25.0|TOR|NBA|PF|81.0|2325.0|0.5539999999999999|7.6|0.9790000000000001|0.46399999999999997|0.244|0.055999999999999994|0.215|0.021|0.5579999999999999|0.687|0.541|0.324|0.36200000000000004|0.385|0.71|0.111|63.0|1.0|0.385|0.4|1.0|0.0
8|2013-14|26.0|TOR|NBA|PF|77.0|2214.0|0.562|7.8|0.892|0.436|0.297|0.047|0.111|0.10800000000000001|0.593|0.7120000000000001|0.478|0.586|0.441|0.303|0.71|0.10300000000000001|57.0|0.95|0.242|0.188|0.0|0.0
9|2014-15|27.0|TOR|NBA|PF|75.0|1979.0|0.574|5.8|0.9109999999999999|0.489|0.35100000000000003|0.025|0.044000000000000004|0.08900000000000001|0.59|0.701|0.467|0.385|0.478|0.413|0.685|0.08900000000000001|42.0|1.0|0.196|0.33299999999999996|0.0|0.0
10|2015-16|28.0|BOS|NBA|PF|79.0|1800.0|0.585|5.2|0.899|0.547|0.305|0.035|0.013999999999999999|0.10099999999999999|0.624|0.7120000000000001|0.508|0.4|0.33299999999999996|0.233|0.665|0.134|56.0|1.0|0.233|0.5|1.0|0.0
11|2016-17|29.0|BOS|NBA|PF|80.0|1608.0|0.5760000000000001|7.0|0.8220000000000001|0.524|0.268|0.013999999999999999|0.013999999999999999|0.17800000000000002|0.612|0.716|0.434|0.4|0.4|0.409|0.758|0.124|41.0|1.0|0.28800000000000003|0.316|0.0|0.0
12|2017-18|30.0|PHI|NBA|C|74.0|1171.0|0.5379999999999999|6.5|0.877|0.431|0.385|0.038|0.027000000000000003|0.12300000000000001|0.57|0.7140000000000001|0.45|0.2|0.429|0.313|0.654|0.077|17.0|1.0|0.281|0.33299999999999996|1.0|0.0
13|2018-19|31.0|PHI|NBA|C|51.0|529.0|0.503|9.6|0.745|0.42700000000000005|0.28|0.019|0.019|0.255|0.573|0.687|0.409|0.667|0.33299999999999996|0.3|0.687|0.08900000000000001|12.0|1.0|0.175|0.14300000000000002|1.0|0.0
