player_id|Rk|Unnamed: 1|Age|G|GS|MP|FG|FGA|FG%|3P|3PA|3P%|2P|2PA|2P%|eFG%|FT|FTA|FT%|ORB|DRB|TRB|AST|STL|BLK|TOV|PF|PTS|player_id
wilkido01|1|Dominique Wilkins|30|80|79|2888|810|1672|0.484|59|183|0.322|751|1489|0.504|0.502|459|569|0.807|217|304|521|200|126|47|174|141|2138|wilkido01
malonmo01|2|Moses Malone|34|81|81|2735|517|1077|0.48|1|9|0.111|516|1068|0.483|0.48100000000000004|493|631|0.7809999999999999|364|448|812|130|47|84|232|158|1528|malonmo01
willike02|3|Kevin Willis|27|81|51|2273|418|805|0.519|2|7|0.28600000000000003|416|798|0.521|0.52|168|246|0.6829999999999999|253|392|645|57|63|47|144|259|1006|willike02
webbsp01|4|Spud Webb|26|82|46|2184|294|616|0.47700000000000004|1|19|0.053|293|597|0.491|0.478|162|186|0.871|38|163|201|477|105|12|141|185|751|webbsp01
levincl01|5|Cliff Levingston|29|75|5|1706|216|424|0.509|1|5|0.2|215|419|0.513|0.511|83|122|0.68|113|206|319|80|55|41|49|216|516|levincl01
riverdo01|6|Doc Rivers|28|48|44|1526|218|480|0.45399999999999996|24|66|0.364|194|414|0.469|0.479|138|170|0.812|47|153|200|264|116|22|98|151|598|riverdo01
battljo01|7|John Battle|27|60|48|1477|275|544|0.506|2|13|0.154|273|531|0.514|0.507|102|135|0.7559999999999999|27|72|99|154|28|3|89|115|654|battljo01
longjo01|8|John Long|33|48|19|1030|174|384|0.45299999999999996|10|29|0.345|164|355|0.462|0.466|46|55|0.836|26|57|83|85|45|5|75|66|404|longjo01
koncajo01|9|Jon Koncak|26|54|28|977|78|127|0.614|0|1|0.0|78|126|0.619|0.614|42|79|0.532|58|168|226|23|38|34|47|182|198|koncajo01
volkoal01|10|Alexander Volkov|25|72|4|937|137|284|0.48200000000000004|13|34|0.382|124|250|0.496|0.505|70|120|0.583|52|67|119|83|36|22|52|166|357|volkoal01
carran01|11|Antoine Carr|28|44|0|803|128|248|0.516|0|4|0.0|128|244|0.525|0.516|79|102|0.775|50|99|149|53|15|34|54|128|335|carran01
smithke01|12|Kenny Smith|24|33|5|674|98|204|0.48|4|24|0.16699999999999998|94|180|0.522|0.49|55|65|0.846|7|30|37|142|22|1|47|45|255|smithke01
toneyse01|13|Sedric Toney|27|32|0|286|30|72|0.41700000000000004|7|13|0.5379999999999999|23|59|0.39|0.465|21|25|0.84|3|11|14|52|10|0|21|35|88|toneyse01
marblro01|14|Roy Marble|23|24|0|162|16|58|0.276|0|2|0.0|16|56|0.28600000000000003|0.276|19|29|0.655|15|9|24|11|7|1|14|16|51|marblro01
ferredu01|15|Duane Ferrell|24|14|0|29|5|14|0.35700000000000004|0|1|0.0|5|13|0.385|0.35700000000000004|2|6|0.33299999999999996|3|4|7|2|1|0|2|3|12|ferredu01
workmha01|16|Haywoode Workman|24|6|0|16|2|3|0.667|0|0||2|3|0.667|0.667|2|2|1.0|0|3|3|2|3|0|0|3|6|workmha01
willimi03|17|Mike Williams|26|5|0|14|0|4|0.0|0|0||0|4|0.0|0.0|0|0||0|1|1|0|0|0|0|2|0|willimi03
matthwe01|18|Wes Matthews|30|1|0|13|1|3|0.33299999999999996|0|1|0.0|1|2|0.5|0.33299999999999996|2|2|1.0|0|0|0|5|0|0|0|0|4|matthwe01
