|Season|Age|Tm|Lg|Pos|G|GS|MP|FG|FGA|FG%|3P|3PA|3P%|2P|2PA|2P%|eFG%|FT|FTA|FT%|ORB|DRB|TRB|AST|STL|BLK|TOV|PF|PTS
0|1979-80|22.0|SEA|NBA|PF|67.0||10.8|1.8|4.0|0.45|0.0|0.0||1.8|4.0|0.45|0.45|1.0|1.5|0.6729999999999999|1.1|1.9|2.9|0.4|0.3|0.8|1.2|1.7|4.7
1|1980-81|23.0|SEA|NBA|PF|82.0||31.0|5.4|10.8|0.499|0.0|0.0|0.5|5.4|10.8|0.499|0.5|3.1|4.4|0.7090000000000001|2.3|5.1|7.4|1.2|0.9|1.7|2.7|4.0|14.0
3|1981-82|24.0|SEA|NBA|PF|10.0|0.0|18.0|3.1|6.5|0.47700000000000004|0.0|0.0||3.1|6.5|0.47700000000000004|0.47700000000000004|0.4|1.1|0.364|1.7|3.1|4.8|1.3|0.3|0.7|1.9|4.2|6.6
4|1981-82|24.0|NJN|NBA|PF|67.0|0.0|19.2|3.4|6.6|0.523|0.0|0.0||3.4|6.6|0.523|0.523|2.0|3.2|0.624|1.6|3.5|5.1|0.8|0.6|1.1|1.8|3.4|8.9
6|1982-83|25.0|NJN|NBA|PF|6.0|0.0|8.3|1.5|3.0|0.5|0.0|0.0||1.5|3.0|0.5|0.5|0.3|0.3|1.0|0.5|0.5|1.0|0.3|0.2|0.2|1.0|2.5|3.3
7|1982-83|25.0|HOU|NBA|PF|69.0|39.0|24.9|5.4|11.0|0.49700000000000005|0.0|0.0|0.0|5.4|10.9|0.498|0.49700000000000005|3.2|4.6|0.7|2.4|4.3|6.8|0.9|0.6|0.9|2.8|3.7|14.1
8|1983-84|26.0|HOU|NBA|PF|73.0|0.0|16.1|3.5|7.1|0.491|0.0|0.0|0.0|3.5|7.1|0.49200000000000005|0.491|1.9|2.6|0.7190000000000001|1.4|2.6|4.0|1.1|0.5|0.5|1.4|2.7|8.8
9|1984-85|27.0|NYK|NBA|PF|74.0|28.0|17.5|2.1|4.7|0.447|0.0|0.0|0.0|2.1|4.7|0.44799999999999995|0.447|1.0|1.5|0.6759999999999999|1.6|3.0|4.6|0.5|0.4|0.7|1.4|3.9|5.2
10|1985-86|28.0|NYK|NBA|PF|48.0|36.0|25.9|4.2|9.2|0.456|0.0|0.1|0.0|4.2|9.1|0.46|0.456|2.7|3.5|0.772|2.1|4.8|7.0|1.0|0.7|0.8|2.1|4.3|11.1
11|1986-87|29.0|NJN|NBA|PF|34.0|2.0|15.9|3.3|7.0|0.469|0.0|0.0||3.3|7.0|0.469|0.469|1.7|2.4|0.725|1.4|2.6|4.0|0.6|0.4|0.7|1.6|3.5|8.3
12|1987-88|30.0|PHO|NBA|PF|65.0|0.0|13.4|1.7|3.7|0.452|0.0|0.1|0.0|1.7|3.6|0.46|0.452|1.1|1.4|0.787|1.1|2.1|3.2|0.6|0.3|0.4|1.1|2.8|4.4
