|Season|Age|Tm|Lg|Pos|G|GS|MP|FG|FGA|FG%|3P|3PA|3P%|2P|2PA|2P%|eFG%|FT|FTA|FT%|ORB|DRB|TRB|AST|STL|BLK|TOV|PF|PTS
0|1996-97|23.0|CHH|NBA|PG|61.0|1.0|14.2|2.0|4.2|0.465|0.9|1.8|0.46399999999999997|1.1|2.4|0.465|0.5660000000000001|0.7|0.8|0.8240000000000001|0.5|1.1|1.6|1.6|0.6|0.1|1.1|1.2|5.4
2|1997-98|24.0|CHH|NBA|PG|3.0|0.0|11.3|1.0|1.3|0.75|0.3|0.3|1.0|0.7|1.0|0.667|0.875|0.3|0.7|0.5|0.0|0.7|0.7|1.0|0.0|0.0|1.3|2.7|2.7
3|1997-98|24.0|GSW|NBA|PG|74.0|9.0|22.3|4.2|10.7|0.392|0.6|2.1|0.263|3.6|8.6|0.423|0.418|1.5|2.0|0.738|0.5|1.8|2.3|2.3|1.0|0.2|1.4|1.2|10.4
4|1998-99|25.0|GSW|NBA|PG|36.0|13.0|17.5|2.6|7.0|0.364|0.4|1.8|0.242|2.1|5.2|0.406|0.395|1.3|2.0|0.648|0.3|1.2|1.5|2.6|0.4|0.2|1.3|1.3|6.8
5|1999-00|26.0|SAC|NBA|PG|46.0|1.0|14.8|2.6|6.1|0.43|0.2|0.9|0.225|2.4|5.2|0.46399999999999997|0.446|1.0|1.3|0.797|0.8|1.1|1.9|1.2|0.8|0.1|0.7|1.3|6.4
6|2000-01|27.0|PHO|NBA|SG|82.0|11.0|27.9|4.7|11.3|0.415|0.7|2.0|0.321|4.0|9.2|0.436|0.444|2.3|2.9|0.787|0.9|2.3|3.2|2.0|0.9|0.2|1.2|2.1|12.3
8|2001-02|28.0|PHO|NBA|SG|41.0|1.0|21.4|4.0|10.1|0.39899999999999997|1.1|3.6|0.32|2.9|6.6|0.442|0.456|1.4|1.6|0.836|0.9|2.1|3.0|2.0|0.8|0.1|1.0|1.5|10.6
9|2001-02|28.0|BOS|NBA|SG|22.0|16.0|25.9|2.7|7.8|0.349|0.9|3.0|0.299|1.8|4.8|0.381|0.40700000000000003|1.0|1.4|0.733|0.9|2.7|3.6|2.3|1.0|0.3|0.9|1.7|7.4
10|2002-03|29.0|BOS|NBA|PG|67.0|39.0|28.0|3.5|8.4|0.41600000000000004|1.8|4.5|0.395|1.7|3.8|0.441|0.523|1.0|1.3|0.782|0.6|2.9|3.5|2.2|1.1|0.1|1.0|1.9|9.8
11|2003-04|30.0|DAL|NBA|SG|33.0|11.0|15.4|2.1|5.6|0.38|0.6|2.0|0.303|1.5|3.6|0.424|0.435|1.1|1.3|0.841|0.5|1.3|1.8|0.8|0.8|0.2|0.5|1.4|6.0
12|2004-05|31.0|ATL|NBA|SG|56.0|1.0|23.9|4.4|10.6|0.41600000000000004|1.3|3.6|0.35600000000000004|3.1|6.9|0.447|0.47700000000000004|1.8|2.4|0.757|0.5|1.8|2.3|1.9|0.8|0.1|1.0|2.2|11.9
14|2005-06|32.0|ATL|NBA|SG|1.0|0.0|7.0|0.0|1.0|0.0|0.0|0.0||0.0|1.0|0.0|0.0|2.0|2.0|1.0|1.0|1.0|2.0|0.0|0.0|0.0|0.0|0.0|2.0
15|2005-06|32.0|DET|NBA|PG|23.0|0.0|16.4|3.1|7.0|0.444|0.9|2.0|0.426|2.2|4.9|0.451|0.506|0.8|1.1|0.72|0.6|1.7|2.2|1.4|0.6|0.0|0.8|1.2|7.8
