|Season|Age|Tm|Lg|MP|FG|FGA|3P|3PA|2P|2PA|FT|FTA|ORB|DRB|TRB|AST|STL|BLK|TOV|PF|PTS|GmSc
0|1979-80|23.0|HOU|NBA||3||0||||2|2|||||||||6|
1|1980-81|24.0|DET|NBA||8||0||||6|9|||||||||18|
3|1981-82|25.0|DET|NBA||4||0||||4|4|||||||||9|
4|1981-82|25.0|CLE|NBA||4|7.0|0||4.0||9|10|||8.0|2.0||||5.0|11|
6|1982-83|26.0|CLE|NBA||5|10.0|0||5.0||3|5|||||||||13|
7|1982-83|26.0|MIL|NBA||4|8.0|0|1.0|4.0|8.0|4|4|||7.0|3.0|4.0|2.0|4.0|6.0|10|
8|1983-84|27.0|MIL|NBA||7|11.0|1|1.0|7.0|11.0|4|5|4.0|9.0|11.0|6.0|2.0|4.0|4.0|6.0|14|12.6
9|1984-85|28.0|MIL|NBA||9|15.0|0|1.0|9.0|15.0|5|6|4.0|10.0|13.0|5.0|2.0|3.0|4.0|6.0|21|15.8
10|1985-86|29.0|MIL|NBA||5|9.0|0|0.0|5.0|9.0|4|5|5.0|6.0|9.0|3.0|1.0|3.0|3.0|6.0|12|12.5
11|1986-87|30.0|MIL|NBA||4|8.0|0|0.0|4.0|8.0|7|8|4.0|8.0|10.0|3.0|2.0|2.0|3.0|5.0|11|14.3
12|1987-88|31.0|MIL|NBA||6|9.0|0|2.0|6.0|9.0|6|6|4.0|10.0|12.0|3.0|3.0|5.0|3.0|6.0|14|12.3
13|1988-89|32.0|MIL|NBA||3|9.0|1|2.0|3.0|7.0|4|4|5.0|6.0|8.0|3.0|3.0|2.0|4.0|5.0|8|9.3
14|1989-90|33.0|CLE|NBA||6|12.0|0|1.0|6.0|11.0|5|7|5.0|5.0|7.0|2.0|2.0|1.0|3.0|5.0|14|10.0
15|1990-91|34.0|GSW|NBA||3|7.0|1|2.0|3.0|7.0|4|4|3.0|4.0|7.0|2.0|2.0|1.0|1.0|5.0|8|8.6
