|Season|Age|Tm|Lg|Pos|G|MP|PER|TS%|3PAr|FTr|ORB%|DRB%|TRB%|AST%|STL%|BLK%|TOV%|USG%|OWS|DWS|WS|WS/48|OBPM|DBPM|BPM|VORP
0|1982-83|26.0|MIL|NBA|C|4.0|12.0|17.4|0.5|0.0|0.0|8.9|9.6|9.3|12.4|4.2|0.0|0.0|14.0|0.0|0.0|0.0|0.19699999999999998|1.7|3.3|5.1|0.0
1|1983-84|27.0|MIL|NBA|C|16.0|322.0|12.3|0.5920000000000001|0.032|0.7140000000000001|7.7|22.2|15.5|2.7|1.4|2.0|10.8|12.4|0.4|0.6|1.1|0.16|-2.0|2.0|0.0|0.2
2|1984-85|28.0|MIL|NBA|C|8.0|154.0|7.9|0.5329999999999999|0.0|0.33299999999999996|6.4|19.3|13.1|10.5|0.6|1.5|22.5|14.3|0.0|0.1|0.1|0.039|-3.5|1.3|-2.2|0.0
3|1985-86|29.0|MIL|NBA|C|14.0|101.0|11.1|0.5489999999999999|0.0|0.33299999999999996|5.8|22.3|14.0|10.7|2.9|1.8|18.4|15.6|0.0|0.1|0.2|0.077|-2.3|2.5|0.2|0.1
4|1986-87|30.0|MIL|NBA|C|12.0|107.0|8.2|0.49|0.045|0.682|12.6|19.7|16.0|2.3|1.4|1.1|14.9|13.0|0.0|0.1|0.1|0.053|-3.3|0.1|-3.2|0.0
5|1987-88|31.0|MIL|NBA|C|4.0|40.0|12.3|0.42100000000000004|0.0|0.429|13.8|11.9|12.9|0.0|3.8|3.1|10.7|19.6|0.0|0.0|0.0|0.031|-4.6|-0.7|-5.3|0.0
6|1988-89|32.0|MIL|NBA|C|5.0|61.0|14.6|0.6559999999999999|0.071|0.5710000000000001|16.2|18.2|17.2|8.1|0.0|0.0|10.2|15.5|0.2|0.0|0.2|0.171|3.0|-1.5|1.4|0.1
7|1989-90|33.0|CLE|NBA|C|3.0|10.0|21.3|0.6940000000000001|0.0|1.0|0.0|21.1|11.7|0.0|5.1|6.3|0.0|13.2|0.0|0.0|0.1|0.28600000000000003|-1.0|4.6|3.6|0.0
8|1990-91|34.0|GSW|NBA|C|3.0|8.0|8.3|1.0|0.0|0.0|0.0|29.6|14.6|16.1|6.0|0.0|50.0|10.8|0.0|0.0|0.0|0.09300000000000001|-1.5|5.5|4.0|0.0
