|Season|Age|Tm|Lg|MP|FG|FGA|3P|3PA|2P|2PA|FT|FTA|ORB|DRB|TRB|AST|STL|BLK|TOV|PF|PTS|GmSc
0|1977-78|22.0|POR|NBA||2|3|||||0|0|1.0|2.0|2|3|1|0|1|1|4|2.7
1|1978-79|23.0|POR|NBA||2|6|||||0|0|1.0|3.0|4|2|3|0|1|3|4|5.9
2|1979-80|24.0|POR|NBA||2|5|0.0|0.0|2.0|5.0|2|2|1.0|2.0|3|4|1|0|1|2|6|7.6
3|1981-82|26.0|DEN|NBA||4|8|0.0|0.0|4.0|8.0|4|4|||10|4|4|1|3|5|10|
4|1982-83|27.0|DEN|NBA||5|7|0.0|0.0|5.0|7.0|2|4|||12|6|3|1|3|5|10|
5|1983-84|28.0|DEN|NBA||4|9|0.0|0.0|4.0|9.0|3|4|6.0|5.0|10|3|3|3|3|5|11|11.6
6|1984-85|29.0|DEN|NBA||4|9|0.0|0.0|4.0|9.0|3|4|4.0|5.0|6|6|4|1|2|5|8|9.9
7|1985-86|30.0|DEN|NBA||10|16|0.0|0.0|10.0|16.0|3|4|5.0|6.0|11|3|7|0|2|6|21|24.7
8|1986-87|31.0|DEN|NBA||1|4|0.0|0.0|1.0|4.0|0|0|1.0|1.0|2|2|1|1|1|2|2|2.7
9|1987-88|32.0|DEN|NBA||5|7|0.0|0.0|5.0|7.0|2|4|3.0|6.0|8|1|3|0|2|3|11|12.7
10|1988-89|33.0|PHO|NBA||2|3|0.0|0.0|2.0|3.0|1|2|3.0|3.0|6|1|3|0|2|4|4|5.7
11|1989-90|34.0|DEN|NBA||0|0|0.0|0.0|0.0|0.0|0|0|1.0|3.0|4|1|4|1|1|2|0|5.6
