|Season|Age|Tm|Lg|MP|FG|FGA|3P|3PA|2P|2PA|FT|FTA|ORB|DRB|TRB|AST|STL|BLK|TOV|PF|PTS|GmSc
0|1976-77|22.0|SEA|NBA||10||||||9|13|||||||||24|
1|1977-78|23.0|SEA|NBA||11||||||12|15|||||||||27|
2|1978-79|24.0|SEA|NBA||13||||||11|16|||||||||30|
3|1979-80|25.0|SEA|NBA||14||1.0||||16|18|||||||||36|
4|1980-81|26.0|PHO|NBA||13|25.0|1.0|3.0|12.0|23.0|15|17|||10.0|8.0|6.0|3.0|6.0|6.0|39|
5|1981-82|27.0|PHO|NBA||17|26.0|2.0|3.0|17.0|25.0|12|17|||11.0|11.0|5.0|4.0|9.0|6.0|37|
6|1982-83|28.0|PHO|NBA||11|23.0|3.0|4.0|11.0|22.0|11|13|||11.0|12.0|6.0|3.0|8.0|6.0|27|
7|1983-84|29.0|BOS|NBA||9|19.0|1.0|3.0|9.0|17.0|11|13|4.0|8.0|10.0|11.0|4.0|4.0|6.0|6.0|26|23.0
8|1984-85|30.0|BOS|NBA||12|23.0|1.0|2.0|12.0|23.0|14|16|6.0|9.0|11.0|17.0|6.0|3.0|7.0|6.0|29|26.0
9|1985-86|31.0|BOS|NBA||14|23.0|1.0|3.0|14.0|23.0|12|13|4.0|8.0|8.0|12.0|6.0|3.0|6.0|6.0|30|28.3
10|1986-87|32.0|BOS|NBA||11|27.0|1.0|4.0|11.0|26.0|12|13|3.0|7.0|10.0|16.0|5.0|3.0|7.0|5.0|27|28.2
11|1987-88|33.0|BOS|NBA||10|20.0|2.0|5.0|10.0|19.0|10|12|4.0|5.0|7.0|17.0|5.0|3.0|9.0|5.0|24|25.3
12|1988-89|34.0|BOS|NBA||11|21.0|1.0|3.0|11.0|20.0|10|10|4.0|7.0|9.0|13.0|4.0|2.0|8.0|6.0|24|20.6
13|1989-90|35.0|BOS|NBA||11|15.0|1.0|2.0|11.0|15.0|8|11|3.0|6.0|9.0|14.0|4.0|2.0|5.0|6.0|24|20.8
