|Season|Age|Tm|Lg|Pos|G|GS|MP|FG|FGA|FG%|3P|3PA|3P%|2P|2PA|2P%|FT|FTA|FT%|ORB|DRB|TRB|AST|STL|BLK|TOV|PF|PTS|ORtg|DRtg
0|1976-77|22.0|SEA|NBA|SG|81.0||1667.0|7.7|15.3|0.504||||7.7|15.3|0.504|4.8|7.7|0.624|4.3|3.8|8.1|3.3|3.3|1.5||6.0|20.2||97.0
1|1977-78|23.0|SEA|NBA|SG|81.0||2209.0|7.6|18.3|0.41700000000000004||||7.6|18.3|0.41700000000000004|6.2|8.4|0.732|3.2|2.9|6.1|4.8|2.4|1.1|3.4|4.4|21.4|103.0|99.0
2|1978-79|24.0|SEA|NBA|SG|80.0||2717.0|8.2|19.0|0.434||||8.2|19.0|0.434|5.2|6.7|0.7809999999999999|2.5|3.9|6.4|4.8|1.7|1.7|3.3|3.6|21.7|103.0|101.0
3|1979-80|25.0|SEA|NBA|SG|81.0||2937.0|9.2|21.8|0.42200000000000004|0.2|0.9|0.207|9.0|20.9|0.431|6.1|7.8|0.78|2.8|3.9|6.6|5.3|2.3|1.3|3.6|4.3|24.7|104.0|102.0
4|1980-81|26.0|PHO|NBA|PG|79.0||2615.0|9.3|21.4|0.436|0.2|0.9|0.21600000000000003|9.1|20.5|0.446|7.2|8.8|0.82|2.8|3.6|6.4|5.1|2.4|1.1|3.6|4.3|26.0|108.0|100.0
5|1981-82|27.0|PHO|NBA|SG|80.0|77.0|2937.0|9.5|20.2|0.47|0.1|0.7|0.19|9.3|19.5|0.48|6.6|8.1|0.8059999999999999|2.3|4.4|6.7|6.1|1.7|0.9|3.8|4.2|25.6|108.0|104.0
6|1982-83|28.0|PHO|NBA|PG|77.0|74.0|2551.0|7.4|15.9|0.462|0.1|0.6|0.161|7.3|15.4|0.473|5.4|6.8|0.7909999999999999|1.7|4.5|6.2|7.2|1.8|0.7|3.8|3.8|20.2|106.0|102.0
7|1983-84|29.0|BOS|NBA|SG|80.0|78.0|2665.0|6.9|15.9|0.43700000000000006|0.1|0.6|0.125|6.9|15.3|0.449|5.1|6.0|0.852|1.6|3.5|5.1|6.1|1.7|1.0|3.1|4.5|19.0|107.0|106.0
8|1984-85|30.0|BOS|NBA|PG|80.0|77.0|2976.0|7.8|16.9|0.462|0.1|0.4|0.26899999999999996|7.7|16.5|0.467|4.1|4.9|0.853|1.4|3.6|5.0|8.6|1.5|0.6|3.4|3.6|19.9|109.0|109.0
9|1985-86|31.0|BOS|NBA|PG|78.0|78.0|2732.0|8.4|18.4|0.455|0.1|0.7|0.14300000000000002|8.3|17.7|0.46799999999999997|4.2|5.2|0.818|1.2|3.5|4.7|7.9|1.9|0.6|3.0|3.6|21.1|107.0|104.0
10|1986-87|32.0|BOS|NBA|PG|79.0|78.0|2933.0|7.0|15.8|0.444|0.1|1.0|0.113|6.9|14.8|0.467|3.5|4.2|0.833|0.7|3.6|4.3|9.9|1.4|0.6|2.9|3.3|17.6|107.0|109.0
11|1987-88|33.0|BOS|NBA|PG|77.0|74.0|2670.0|6.5|14.7|0.43799999999999994|0.2|0.8|0.261|6.2|13.9|0.449|4.7|5.5|0.856|1.1|3.3|4.4|11.0|1.7|0.5|3.6|3.7|17.8|110.0|111.0
12|1988-89|34.0|BOS|NBA|PG|72.0|72.0|2309.0|5.9|13.5|0.434|0.1|1.1|0.14|5.7|12.5|0.45899999999999996|3.4|4.1|0.821|0.7|3.4|4.0|10.0|2.0|0.4|3.7|4.5|15.3|103.0|111.0
13|1989-90|35.0|BOS|NBA|PG|75.0|65.0|2036.0|4.9|11.4|0.434|0.0|0.6|0.042|4.9|10.8|0.455|2.8|3.4|0.843|1.2|3.7|4.8|11.6|1.9|0.3|2.8|4.3|12.8|110.0|109.0
