|Season|Age|Tm|Lg|Pos|G|GS|MP|FG|FGA|FG%|FT|FTA|FT%|ORB|DRB|TRB|AST|STL|BLK|PF|PTS
0|1966-67|25.0|LAL|NBA|SG|3.0||125.0|32.0|62.0|0.516|13.0|17.0|0.765|||13.0|15.0|||11.0|77.0
1|1967-68|26.0|LAL|NBA|PG|15.0||528.0|88.0|206.0|0.42700000000000005|53.0|69.0|0.768|||47.0|60.0|||42.0|229.0
2|1968-69|27.0|PHI|NBA|SG|5.0||185.0|40.0|77.0|0.519|17.0|19.0|0.895|||19.0|22.0|||17.0|97.0
3|1969-70|28.0|PHI|NBA|PG|5.0||146.0|26.0|60.0|0.433|16.0|22.0|0.727|||14.0|18.0|||10.0|68.0
4|1970-71|29.0|PHI|NBA|PG|7.0||295.0|66.0|139.0|0.475|33.0|45.0|0.733|||29.0|34.0|||21.0|165.0
5|1971-72|30.0|BAL|NBA|PG|6.0||271.0|55.0|126.0|0.43700000000000006|50.0|59.0|0.847|||24.0|47.0|||15.0|160.0
6|1972-73|31.0|BAL|NBA|PG|5.0||214.0|46.0|92.0|0.5|14.0|18.0|0.778|||17.0|26.0|||20.0|106.0
7|1973-74|32.0|CAP|NBA|PG|7.0||162.0|20.0|59.0|0.33899999999999997|11.0|20.0|0.55|3.0|10.0|13.0|15.0|5.0|0.0|13.0|51.0
8|1974-75|33.0|SEA|NBA|PG|9.0||269.0|41.0|94.0|0.436|18.0|20.0|0.9|7.0|25.0|32.0|31.0|6.0|1.0|23.0|100.0
9|1975-76|34.0|DET|NBA|SG|9.0||192.0|30.0|62.0|0.484|12.0|18.0|0.667|2.0|19.0|21.0|29.0|6.0|0.0|25.0|72.0
