|Season|Age|Tm|Lg|Pos|G|MP|FG%|Dist.|% of 2PA|% of 0-3|% of 3-10|% of 10-16|% of 16-3pt|% of 3P|2P %FG|0-3 %FG|3-10 %FG|10-16 %FG|16-3pt%FG|3P %FG|2P % Assisted|% of Dunks|Dunks Made|3P % Assisted|% of 3PA from Corner|Corner 3 %FG |Heaves Attempted|Heaves Made
0|2000-01|25.0|BOS|NBA|C|64.0|1098.0|0.505|5.4|1.0|0.525|0.215|0.21|0.05|0.0|0.505|0.657|0.349|0.33299999999999996|0.3||0.5539999999999999|0.12|17.0||||0.0|0.0
1|2001-02|26.0|BOS|NBA|C|44.0|415.0|0.42100000000000004|6.7|1.0|0.474|0.237|0.145|0.145|0.0|0.42100000000000004|0.583|0.111|0.455|0.364||0.875|0.132|10.0||||0.0|0.0
3|2002-03|27.0|DEN|NBA|C|54.0|885.0|0.39299999999999996|8.0|1.0|0.348|0.243|0.20199999999999999|0.20600000000000002|0.0|0.39299999999999996|0.505|0.292|0.444|0.273||0.762|0.055999999999999994|12.0||||0.0|0.0
4|2002-03|27.0|BOS|NBA|C|27.0|518.0|0.563|5.8|1.0|0.513|0.23800000000000002|0.175|0.075|0.0|0.563|0.732|0.474|0.214|0.5||0.7559999999999999|0.15|11.0||||0.0|0.0
5|2003-04|28.0|BOS|NBA|C|82.0|2402.0|0.5660000000000001|6.1|1.0|0.505|0.205|0.154|0.136|0.0|0.5660000000000001|0.675|0.419|0.495|0.46299999999999997||0.737|0.114|67.0||||0.0|0.0
6|2004-05|29.0|BOS|NBA|C|82.0|2130.0|0.529|9.0|0.998|0.35600000000000004|0.155|0.228|0.259|0.002|0.53|0.6679999999999999|0.354|0.426|0.5379999999999999|0.0|0.752|0.06|36.0||1.0|0.0|0.0|0.0
8|2005-06|30.0|BOS|NBA|C|39.0|1083.0|0.511|8.8|1.0|0.321|0.23199999999999998|0.21100000000000002|0.237|0.0|0.511|0.639|0.523|0.4|0.42200000000000004||0.722|0.066|23.0||||0.0|0.0
9|2005-06|30.0|MIN|NBA|C|42.0|1157.0|0.506|10.1|1.0|0.299|0.16399999999999998|0.20600000000000002|0.331|0.0|0.506|0.6509999999999999|0.379|0.397|0.504||0.76|0.073|26.0||||0.0|0.0
10|2006-07|31.0|MIN|NBA|C|82.0|2544.0|0.509|11.9|0.963|0.281|0.10400000000000001|0.147|0.431|0.037000000000000005|0.517|0.669|0.33299999999999996|0.48|0.475|0.29|0.825|0.06|46.0|1.0|0.32299999999999995|0.4|0.0|0.0
11|2007-08|32.0|MIA|NBA|C|69.0|1542.0|0.462|12.3|0.915|0.258|0.134|0.113|0.41|0.085|0.469|0.654|0.33299999999999996|0.379|0.42200000000000004|0.386|0.769|0.083|37.0|1.0|0.318|0.35700000000000004|0.0|0.0
12|2008-09|33.0|MIA|NBA|C|20.0|207.0|0.385|17.9|0.654|0.077|0.077|0.10300000000000001|0.397|0.34600000000000003|0.373|0.833|0.33299999999999996|0.375|0.29|0.40700000000000003|0.526|0.038|3.0|1.0|0.29600000000000004|0.5|0.0|0.0
