player_id|Rk|Unnamed: 1|Age|G|GS|MP|FG|FGA|FG%|3P|3PA|3P%|2P|2PA|2P%|eFG%|FT|FTA|FT%|ORB|DRB|TRB|AST|STL|BLK|TOV|PF|PTS|player_id
sparrro01|1|Rory Sparrow|23|82|82|2610|366|730|0.501|1|15|0.067|365|715|0.51|0.502|124|148|0.838|53|171|224|424|87|13|145|240|857|sparrro01
johnsed02|2|Eddie Johnson|26|68|57|2314|455|1011|0.45|7|30|0.233|448|981|0.457|0.45399999999999996|294|385|0.764|63|128|191|358|102|16|186|188|1211|johnsed02
roundda01|3|Dan Roundfield|28|61|58|2217|424|910|0.466|1|5|0.2|423|905|0.467|0.466|285|375|0.76|227|494|721|162|64|93|183|210|1134|roundda01
drewjo01|4|John Drew|27|70|51|2040|465|957|0.486|4|12|0.33299999999999996|461|945|0.488|0.488|364|491|0.741|169|206|375|96|64|3|178|250|1298|drewjo01
rollitr01|5|Tree Rollins|26|79|39|2018|202|346|0.584|0|0||202|346|0.584|0.584|79|129|0.612|168|443|611|59|35|224|79|285|483|rollitr01
mcmilto01|6|Tom McMillen|29|73|23|1792|291|572|0.509|1|3|0.33299999999999996|290|569|0.51|0.51|140|170|0.8240000000000001|102|234|336|129|25|24|124|202|723|mcmilto01
macklru01|7|Rudy Macklin|23|79|32|1516|210|484|0.434|0|3|0.0|210|481|0.43700000000000006|0.434|134|173|0.775|113|150|263|47|40|20|112|225|554|macklru01
hawesst01|8|Steve Hawes|31|49|42|1317|178|370|0.48100000000000004|4|10|0.4|174|360|0.483|0.486|96|126|0.762|89|231|320|142|36|34|87|156|456|hawesst01
pellosa01|9|Sam Pellom|30|69|4|1037|114|251|0.45399999999999996|0|1|0.0|114|250|0.456|0.45399999999999996|61|79|0.772|90|139|229|28|29|47|57|164|289|pellosa01
matthwe01|10|Wes Matthews|22|47|5|837|131|298|0.44|2|8|0.25|129|290|0.445|0.44299999999999995|60|79|0.759|19|39|58|139|53|2|63|129|324|matthwe01
glennmi01|11|Mike Glenn|26|49|0|833|158|291|0.5429999999999999|1|2|0.5|157|289|0.5429999999999999|0.545|59|67|0.8809999999999999|5|56|61|87|26|3|27|80|376|glennmi01
crissch01|12|Charlie Criss|33|27|0|552|84|210|0.4|2|8|0.25|82|202|0.406|0.405|65|73|0.89|6|32|38|75|23|2|30|40|235|crissch01
mcelrji01|13|Jim McElroy|28|20|17|349|52|125|0.41600000000000004|1|5|0.2|51|120|0.425|0.42|29|36|0.8059999999999999|6|11|17|39|8|3|22|44|134|mcelrji01
woodal01|14|Al Wood|23|19|0|238|36|105|0.34299999999999997|0|6|0.0|36|99|0.364|0.34299999999999997|20|28|0.7140000000000001|22|22|44|11|9|1|11|34|92|woodal01
willifr01|15|Freeman Williams|25|23|0|189|42|110|0.382|4|20|0.2|38|90|0.42200000000000004|0.4|22|26|0.846|2|10|12|19|6|0|18|18|110|willifr01
sheltcr01|16|Craig Shelton|24|4|0|21|2|6|0.33299999999999996|0|0||2|6|0.33299999999999996|0.33299999999999996|1|2|0.5|1|2|3|0|1|0|0|3|5|sheltcr01
