player_id|Rk|Unnamed: 1|Age|G|GS|MP|FG|FGA|FG%|FT|FTA|FT%|TRB|AST|PF|PTS|player_id
bridgbi01|1|Bill Bridges|27|79||3130|503|1106|0.455|367|523|0.7020000000000001|1190|222|325|1373|bridgbi01
wilkele01|2|Lenny Wilkens|29|78||2974|448|1036|0.43200000000000005|459|583|0.787|412|442|280|1355|wilkele01
hudsolo01|3|Lou Hudson|22|80||2446|620|1328|0.467|231|327|0.706|435|95|277|1471|hudsolo01
gueriri01|4|Richie Guerin|34|80||2275|394|904|0.436|304|416|0.731|192|345|247|1092|gueriri01
caldwjo01|5|Joe Caldwell|25|81||2256|458|1076|0.426|200|308|0.649|442|166|230|1116|caldwjo01
beatyze01|6|Zelmo Beaty|27|48||1661|328|694|0.473|197|260|0.758|515|60|189|853|beatyze01
silaspa01|7|Paul Silas|23|77||1570|207|482|0.429|113|213|0.531|669|74|208|527|silaspa01
thornro01|8|Rod Thorn|25|67||1166|233|524|0.445|125|172|0.727|160|118|88|591|thornro01
tormobu01|9|Gene Tormohlen|29|63||1036|172|403|0.42700000000000005|50|84|0.595|347|73|177|394|tormobu01
snydedi01|10|Dick Snyder|22|55||676|144|333|0.43200000000000005|46|61|0.754|91|59|82|334|snydedi01
kronto01|11|Tommy Kron|23|32||221|27|87|0.31|13|19|0.684|36|46|35|67|kronto01
hooveto01|12|Tom Hoover|26|17||129|13|31|0.419|5|13|0.385|36|8|35|31|hooveto01
