|Season|Age|Tm|Lg|Pos|G|GS|MP|FG|FGA|FG%|3P|3PA|3P%|2P|2PA|2P%|FT|FTA|FT%|ORB|DRB|TRB|AST|STL|BLK|TOV|PF|PTS|ORtg|DRtg
0|1973-74|28.0|CAP|NBA|PF|81.0||3602.0|8.6|20.4|0.423||||8.6|20.4|0.423|4.5|6.2|0.721|4.4|13.9|18.3|2.0|1.1|3.0||3.2|21.7||89.0
1|1974-75|29.0|WSB|NBA|PF|82.0||3465.0|9.6|21.8|0.44299999999999995||||9.6|21.8|0.44299999999999995|5.3|7.0|0.7659999999999999|2.9|10.2|13.1|2.7|2.1|2.4||3.1|24.6||88.0
2|1975-76|30.0|WSB|NBA|PF|80.0||2975.0|10.0|21.4|0.47||||10.0|21.4|0.47|4.4|7.1|0.628|3.3|10.3|13.6|1.9|1.6|3.1||4.5|24.5||91.0
3|1976-77|31.0|WSB|NBA|PF|82.0||3364.0|10.2|20.4|0.501||||10.2|20.4|0.501|5.7|8.3|0.687|3.9|10.0|13.9|2.1|1.2|3.0||4.2|26.2||95.0
4|1977-78|32.0|WSB|NBA|PF|81.0||3246.0|8.7|19.3|0.451||||8.7|19.3|0.451|4.5|7.0|0.634|4.6|10.1|14.7|2.0|1.3|2.2|3.1|4.3|21.9|101.0|97.0
5|1978-79|33.0|WSB|NBA|PF|82.0||3105.0|10.5|21.4|0.48700000000000004||||10.5|21.4|0.48700000000000004|5.1|7.8|0.654|4.5|9.9|14.4|2.1|1.1|2.8|3.4|4.5|26.0|106.0|99.0
6|1979-80|34.0|WSB|NBA|PF|81.0||3183.0|11.2|24.6|0.45399999999999996|0.0|0.2|0.231|11.1|24.5|0.456|4.9|7.0|0.6990000000000001|4.0|9.2|13.2|1.9|0.9|2.8|3.2|4.5|27.3|101.0|103.0
7|1980-81|35.0|WSB|NBA|PF|81.0||2931.0|9.3|20.7|0.451|0.0|0.2|0.0|9.3|20.6|0.45399999999999996|4.3|7.0|0.617|3.8|8.9|12.6|1.6|1.1|2.7|3.0|4.8|23.0|97.0|100.0
8|1981-82|36.0|HOU|NBA|PF|82.0|82.0|3032.0|8.4|17.9|0.47200000000000003|0.0|0.1|0.0|8.4|17.8|0.474|4.6|6.9|0.664|4.3|7.8|12.2|2.3|1.0|1.7|3.4|4.7|21.5|105.0|108.0
9|1982-83|37.0|HOU|NBA|PF|81.0|43.0|2302.0|8.7|18.2|0.47600000000000003|0.0|0.1|0.5|8.6|18.1|0.47600000000000003|4.0|5.9|0.6829999999999999|4.1|8.5|12.6|3.2|1.0|1.7|4.1|4.7|21.3|98.0|107.0
10|1983-84|38.0|HOU|NBA|PF|81.0|4.0|994.0|7.3|17.9|0.406|0.0|0.1|0.0|7.3|17.8|0.408|4.0|6.1|0.652|4.0|8.0|12.0|3.3|0.7|1.3|3.8|5.7|18.5|93.0|108.0
