|Season|Age|Tm|Lg|Pos|G|GS|MP|FG|FGA|FG%|3P|3PA|3P%|2P|2PA|2P%|eFG%|FT|FTA|FT%|ORB|DRB|TRB|AST|STL|BLK|TOV|PF|PTS
0|1968-69|23.0|SDR|NBA|C|6.0||278.0|60.0|114.0|0.526||||60.0|114.0|0.526|0.526|35.0|53.0|0.66|||83.0|5.0||||21.0|155.0
1|1972-73|27.0|BAL|NBA|PF|5.0||228.0|53.0|105.0|0.505||||53.0|105.0|0.505|0.505|23.0|33.0|0.6970000000000001|||57.0|5.0||||16.0|129.0
2|1973-74|28.0|CAP|NBA|PF|7.0||323.0|76.0|143.0|0.531||||76.0|143.0|0.531|0.531|29.0|41.0|0.7070000000000001|31.0|80.0|111.0|21.0|5.0|15.0||23.0|181.0
3|1974-75|29.0|WSB|NBA|PF|17.0||751.0|174.0|372.0|0.46799999999999997||||174.0|372.0|0.46799999999999997|0.46799999999999997|86.0|127.0|0.677|46.0|140.0|186.0|37.0|26.0|39.0||70.0|434.0
4|1975-76|30.0|WSB|NBA|PF|7.0||305.0|54.0|122.0|0.44299999999999995||||54.0|122.0|0.44299999999999995|0.44299999999999995|32.0|55.0|0.5820000000000001|16.0|72.0|88.0|10.0|5.0|28.0||24.0|140.0
5|1976-77|31.0|WSB|NBA|PF|9.0||405.0|74.0|173.0|0.428||||74.0|173.0|0.428|0.428|41.0|59.0|0.695|29.0|93.0|122.0|17.0|10.0|22.0||39.0|189.0
6|1977-78|32.0|WSB|NBA|PF|21.0||868.0|189.0|385.0|0.491||||189.0|385.0|0.491|0.491|79.0|133.0|0.594|103.0|176.0|279.0|43.0|32.0|52.0|58.0|86.0|457.0
7|1978-79|33.0|WSB|NBA|PF|19.0||786.0|170.0|396.0|0.429||||170.0|396.0|0.429|0.429|87.0|130.0|0.669|94.0|172.0|266.0|38.0|17.0|52.0|56.0|79.0|427.0
8|1979-80|34.0|WSB|NBA|PF|2.0||92.0|16.0|41.0|0.39|0.0|0.0||16.0|41.0|0.39|0.39|8.0|10.0|0.8|10.0|12.0|22.0|6.0|0.0|4.0|4.0|8.0|40.0
9|1981-82|36.0|HOU|NBA|PF|3.0||124.0|17.0|50.0|0.34|0.0|0.0||17.0|50.0|0.34|0.34|8.0|15.0|0.5329999999999999|7.0|23.0|30.0|3.0|2.0|10.0|6.0|12.0|42.0
