player_id|Rk|Unnamed: 1|Age|G|GS|MP|FG|FGA|FG%|FT|FTA|FT%|ORB|DRB|TRB|AST|STL|BLK|PF|PTS|player_id
laceysa01|1|Sam Lacey|25|79||3107|467|982|0.47600000000000003|185|247|0.7490000000000001|293|762|1055|299|126|184|254|1119|laceysa01
walkeji01|2|Jimmy Walker|29|72||2920|575|1228|0.46799999999999997|273|332|0.8220000000000001|39|163|202|303|81|9|166|1423|walkeji01
willina01|3|Nate Williams|23|82||2513|538|1165|0.462|193|236|0.818|118|226|344|182|149|34|290|1269|willina01
kojisdo01|4|Don Kojis|35|77||2091|400|836|0.478|210|272|0.772|126|257|383|110|77|15|157|1010|kojisdo01
behagro01|5|Ron Behagen|23|80||2059|357|827|0.43200000000000005|162|212|0.764|188|379|567|134|56|37|291|876|behagro01
blockjo01|6|John Block|29|82||1777|275|634|0.434|164|206|0.7959999999999999|129|260|389|94|68|35|229|714|blockjo01
architi01|7|Tiny Archibald|25|35||1272|222|492|0.451|173|211|0.82|21|64|85|266|56|7|76|617|architi01
dantomi01|8|Mike D'Antoni|22|52||989|107|266|0.402|33|47|0.7020000000000001|24|69|93|123|75|15|112|247|dantomi01
komivho01|9|Howard Komives|32|44||830|78|192|0.406|33|38|0.868|10|33|43|97|32|3|83|189|komivho01
mooreot01|10|Otto Moore|27|65||633|88|171|0.515|35|54|0.648|60|140|200|47|16|31|62|211|mooreot01
mcneila01|11|Larry McNeill|23|54||516|106|220|0.48200000000000004|99|140|0.7070000000000001|60|86|146|24|35|6|76|311|mcneila01
durreke01|12|Ken Durrett|25|45||462|86|176|0.489|42|69|0.609|28|50|78|19|13|5|68|214|durreke01
guokama02|13|Matt Guokas|29|9||315|41|83|0.494|8|12|0.667|2|19|21|36|8|1|21|90|guokama02
rileyro01|14|Ron Riley|23|12||170|24|57|0.42100000000000004|14|24|0.583|13|43|56|8|3|2|27|62|rileyro01
manakte01|15|Ted Manakas|22|5||45|4|10|0.4|4|4|1.0|0|3|3|2|1|0|4|12|manakte01
ratlimi01|16|Mike Ratliff|22|2||4|0|0||0|0||0|0|0|0|0|0|0|0|ratlimi01
thigpju01|17|Justus Thigpen|26|1||2|1|3|0.33299999999999996|0|0||1|0|1|0|0|0|0|2|thigpju01
