|Season|Age|Tm|Lg|Pos|G|MP|FG%|Dist.|% of 2PA|% of 0-3|% of 3-10|% of 10-16|% of 16-3pt|% of 3P|2P %FG|0-3 %FG|3-10 %FG|10-16 %FG|16-3pt%FG|3P %FG|2P % Assisted|% of Dunks|Dunks Made|3P % Assisted|% of 3PA from Corner|Corner 3 %FG |Heaves Attempted|Heaves Made
0|2001-02|19.0|SAS|NBA|PG|10.0|341.0|0.456|11.9|0.8009999999999999|0.331|0.132|0.096|0.243|0.19899999999999998|0.47700000000000004|0.6890000000000001|0.33299999999999996|0.154|0.39399999999999996|0.37|0.17300000000000001|0.0|0.0|0.7|0.111|0.667|1.0|0.0
1|2002-03|20.0|SAS|NBA|PG|24.0|814.0|0.40299999999999997|12.3|0.833|0.221|0.242|0.084|0.287|0.16699999999999998|0.43|0.527|0.42|0.321|0.396|0.268|0.358|0.0|0.0|0.9329999999999999|0.23199999999999998|0.308|0.0|0.0
2|2003-04|21.0|SAS|NBA|PG|10.0|386.0|0.429|13.5|0.7440000000000001|0.262|0.16699999999999998|0.042|0.27399999999999997|0.256|0.44|0.682|0.28600000000000003|0.429|0.304|0.395|0.23600000000000002|0.0|0.0|0.41200000000000003|0.07|0.0|0.0|0.0
3|2004-05|22.0|SAS|NBA|PG|23.0|858.0|0.45399999999999996|10.7|0.8690000000000001|0.35|0.17800000000000002|0.063|0.27899999999999997|0.131|0.494|0.6559999999999999|0.33799999999999997|0.304|0.431|0.188|0.325|0.003|1.0|0.778|0.20800000000000002|0.3|0.0|0.0
4|2005-06|23.0|SAS|NBA|PG|13.0|475.0|0.46|9.6|0.96|0.363|0.195|0.11900000000000001|0.28300000000000003|0.04|0.47|0.61|0.43200000000000005|0.29600000000000004|0.391|0.222|0.18600000000000003|0.0|0.0|0.0|0.111|0.0|0.0|0.0
5|2006-07|24.0|SAS|NBA|PG|20.0|751.0|0.48|10.1|0.94|0.40299999999999997|0.129|0.111|0.297|0.06|0.489|0.5670000000000001|0.5329999999999999|0.41|0.39399999999999996|0.33299999999999996|0.261|0.0|0.0|1.0|0.23800000000000002|0.6|0.0|0.0
6|2007-08|25.0|SAS|NBA|PG|17.0|654.0|0.49700000000000005|9.9|0.935|0.389|0.15|0.098|0.297|0.065|0.507|0.63|0.5|0.33299999999999996|0.40700000000000003|0.35|0.255|0.0|0.0|0.857|0.5|0.4|0.0|0.0
7|2008-09|26.0|SAS|NBA|PG|5.0|181.0|0.546|10.4|0.87|0.40700000000000003|0.12|0.07400000000000001|0.26899999999999996|0.13|0.596|0.682|0.385|0.25|0.655|0.214|0.196|0.0|0.0|1.0|0.28600000000000003|0.5|0.0|0.0
8|2009-10|27.0|SAS|NBA|PG|10.0|335.0|0.474|10.0|0.981|0.28600000000000003|0.26|0.136|0.299|0.019|0.47|0.545|0.55|0.381|0.37|0.667|0.16899999999999998|0.0|0.0|1.0|0.33299999999999996|0.0|0.0|0.0
9|2010-11|28.0|SAS|NBA|PG|6.0|221.0|0.462|9.2|0.914|0.344|0.28|0.09699999999999999|0.19399999999999998|0.086|0.494|0.6559999999999999|0.423|0.444|0.33299999999999996|0.125|0.23800000000000002|0.0|0.0|1.0|0.5|0.0|0.0|0.0
10|2011-12|29.0|SAS|NBA|PG|14.0|506.0|0.45299999999999996|11.0|0.907|0.24|0.267|0.16899999999999998|0.231|0.09300000000000001|0.466|0.648|0.483|0.316|0.365|0.33299999999999996|0.221|0.0|0.0|0.857|0.524|0.364|1.0|0.0
11|2012-13|30.0|SAS|NBA|PG|21.0|765.0|0.45799999999999996|11.1|0.915|0.26|0.21600000000000003|0.162|0.27699999999999997|0.085|0.467|0.611|0.418|0.424|0.396|0.355|0.19899999999999998|0.0|0.0|0.909|0.484|0.467|0.0|0.0
12|2013-14|31.0|SAS|NBA|PG|23.0|719.0|0.486|11.9|0.899|0.263|0.168|0.147|0.321|0.10099999999999999|0.498|0.626|0.466|0.392|0.45899999999999996|0.371|0.245|0.0|0.0|0.846|0.6|0.381|0.0|0.0
13|2014-15|32.0|SAS|NBA|PG|7.0|210.0|0.363|11.3|0.9009999999999999|0.231|0.275|0.154|0.242|0.099|0.402|0.47600000000000003|0.56|0.28600000000000003|0.22699999999999998|0.0|0.242|0.0|0.0||0.667|0.0|0.0|0.0
14|2015-16|33.0|SAS|NBA|PG|10.0|264.0|0.449|12.0|0.8370000000000001|0.306|0.102|0.22399999999999998|0.204|0.163|0.488|0.633|0.5|0.318|0.45|0.25|0.15|0.0|0.0|1.0|0.688|0.364|1.0|0.0
15|2016-17|34.0|SAS|NBA|PG|8.0|211.0|0.526|12.6|0.804|0.278|0.165|0.09300000000000001|0.268|0.196|0.513|0.63|0.25|0.556|0.5379999999999999|0.579|0.15|0.0|0.0|1.0|0.8420000000000001|0.563|0.0|0.0
16|2017-18|35.0|SAS|NBA|PG|5.0|67.0|0.37799999999999995|13.0|0.865|0.21600000000000003|0.135|0.18899999999999997|0.324|0.135|0.43799999999999994|0.75|0.4|0.429|0.25|0.0|0.214|0.0|0.0||0.6|0.0|0.0|0.0
