player_id|Rk|Unnamed: 1|Age|G|GS|MP|FG|FGA|FG%|3P|3PA|3P%|2P|2PA|2P%|eFG%|FT|FTA|FT%|ORB|DRB|TRB|AST|BLK|TOV|PF|PTS/G|player_id
barryri01|1|Rick Barry|27|80||45.2|11.3|24.6|0.45799999999999996|0.9|3.0|0.308|10.4|21.7|0.479|0.47700000000000004|8.0|9.1|0.878|1.9|5.6|7.5|4.1||3.3|3.3|31.5|barryri01
melchbi01|2|Bill Melchionni|27|80||41.6|8.4|16.8|0.499|0.0|0.2|0.105|8.4|16.6|0.505|0.5|4.2|5.2|0.8079999999999999|0.6|2.5|3.1|8.4||3.9|3.4|21.0|melchbi01
paultbi01|3|Billy Paultz|23|83||34.0|6.0|12.3|0.488|0.0|0.0|0.0|6.0|12.3|0.489|0.488|2.5|3.6|0.6920000000000001|3.2|9.3|12.5|1.5||2.6|3.6|14.5|paultbi01
rochejo01|4|John Roche|22|82||31.6|4.9|10.5|0.469|0.1|0.4|0.34299999999999997|4.8|10.0|0.475|0.47600000000000003|2.9|3.8|0.772|0.5|1.5|2.1|3.2||2.3|2.6|12.9|rochejo01
washitr01|5|Trooper Washington|27|80||31.4|4.8|8.5|0.5710000000000001|0.0|0.0||4.8|8.5|0.5710000000000001|0.5710000000000001|1.3|2.1|0.645|3.5|5.9|9.4|2.0||2.4|3.6|11.0|washitr01
taylool01|6|Oliver Taylor|24|82||23.1|3.0|6.6|0.452|0.0|0.1|0.0|3.0|6.5|0.457|0.452|2.7|3.8|0.708|1.6|2.5|4.0|1.9||1.9|2.6|8.6|taylool01
moorege01|7|Gene Moore|26|68||16.9|3.1|6.5|0.47600000000000003|0.0|0.0|0.33299999999999996|3.1|6.5|0.47700000000000004|0.478|1.1|1.6|0.726|2.2|3.8|6.0|0.6||1.9|2.6|7.4|moorege01
ardji01|8|Jim Ard|23|71||16.1|2.2|5.0|0.45|0.0|0.1|0.25|2.2|4.9|0.455|0.45299999999999996|1.1|1.8|0.606|1.7|3.4|5.2|0.5||1.4|2.1|5.6|ardji01
leaksma01|9|Manny Leaks|26|9||15.8|2.7|7.9|0.33799999999999997|0.0|0.0||2.7|7.9|0.33799999999999997|0.33799999999999997|0.7|1.0|0.667|1.2|3.6|4.8|0.4||0.6|1.1|6.0|leaksma01
baumjo01|10|Johnny Baum|25|44||12.5|2.3|3.9|0.606|0.0|0.0||2.3|3.9|0.606|0.606|0.9|1.2|0.7879999999999999|1.2|1.8|3.1|0.4||0.5|1.7|5.6|baumjo01
deprejo01|11|Joe DePre|24|46||12.2|1.7|4.4|0.39299999999999996|0.0|0.1|0.33299999999999996|1.7|4.2|0.395|0.39799999999999996|0.7|1.2|0.63|0.3|0.7|1.1|1.0||1.4|1.7|4.2|deprejo01
zellega01|12|Gary Zeller|24|12||6.8|0.6|2.5|0.233|0.0|0.1|0.0|0.6|2.4|0.24100000000000002|0.233|0.3|0.5|0.667|0.4|0.4|0.8|0.2||0.8|1.3|1.5|zellega01
greacbo01|13|Bob Greacen|24|4||5.0|0.3|0.5|0.5|0.0|0.0||0.3|0.5|0.5|0.5|0.0|0.0||0.3|0.3|0.5|0.3||0.5|0.3|0.5|greacbo01
doveso01|14|Sonny Dove|26|2||4.5|1.0|2.5|0.4|0.0|0.0||1.0|2.5|0.4|0.4|1.0|1.5|0.667|0.5|0.0|0.5|0.5||1.0|2.0|3.0|doveso01
webstel01|15|Elnardo Webster|23|8||1.8|0.4|0.8|0.5|0.0|0.0||0.4|0.8|0.5|0.5|0.0|0.3|0.0|0.0|0.1|0.1|0.1||0.3|0.3|0.8|webstel01
durhaja01|16|Jarrett Durham|22|1||1.0|0.0|0.0||0.0|0.0||0.0|0.0|||0.0|0.0||0.0|0.0|0.0|0.0||1.0|0.0|0.0|durhaja01
