|Season|Age|Tm|Lg|MP|FG|FGA|3P|3PA|2P|2PA|FT|FTA|ORB|DRB|TRB|AST|STL|BLK|TOV|PF|PTS|GmSc
0|1974-75|19.0|UTS|ABA||15.0||0.0||||14.0|21.0|||||||||37.0|
1|1975-76|20.0|SSL|ABA||15.0||0.0||||8.0|12.0|||||||||32.0|
3|1976-77|21.0|BUF|NBA||0.0||||||0.0|0.0|||||||||0.0|
4|1976-77|21.0|HOU|NBA||12.0||||||15.0|20.0|||||||||26.0|
5|1977-78|22.0|HOU|NBA||16.0||||||12.0|17.0|||||||||39.0|
6|1978-79|23.0|HOU|NBA||16.0||||||18.0|26.0|||||||||45.0|
7|1979-80|24.0|HOU|NBA||18.0||0.0||||21.0|23.0|||||||||45.0|
8|1980-81|25.0|HOU|NBA||20.0||1.0||||17.0|21.0|||||||||51.0|
9|1981-82|26.0|HOU|NBA||19.0||0.0||||19.0|22.0|||32.0||||||53.0|
10|1982-83|27.0|PHI|NBA||14.0|27.0|0.0|0.0|14.0|27.0|18.0|22.0|||24.0|5.0||8.0||5.0|38.0|
11|1983-84|28.0|PHI|NBA||16.0|25.0|0.0|1.0|16.0|25.0|17.0|19.0|15.0|16.0|27.0|5.0|4.0|9.0|9.0|5.0|38.0|33.8
12|1984-85|29.0|PHI|NBA||18.0|32.0|0.0|1.0|18.0|32.0|21.0|25.0|13.0|16.0|24.0|7.0|3.0|6.0|7.0|5.0|51.0|37.7
13|1985-86|30.0|PHI|NBA||13.0|28.0|0.0|1.0|13.0|28.0|19.0|22.0|12.0|13.0|21.0|6.0|5.0|7.0|8.0|5.0|42.0|39.4
14|1986-87|31.0|WSB|NBA||18.0|31.0|0.0|2.0|18.0|31.0|21.0|23.0|11.0|15.0|21.0|6.0|3.0|5.0|9.0|4.0|50.0|43.8
15|1987-88|32.0|WSB|NBA||14.0|24.0|1.0|2.0|14.0|24.0|20.0|23.0|11.0|11.0|18.0|7.0|3.0|4.0|9.0|5.0|36.0|30.9
16|1988-89|33.0|ATL|NBA||13.0|21.0|0.0|2.0|13.0|21.0|17.0|22.0|12.0|15.0|22.0|6.0|4.0|5.0|8.0|4.0|37.0|31.5
17|1989-90|34.0|ATL|NBA||13.0|20.0|1.0|2.0|13.0|20.0|19.0|22.0|11.0|13.0|20.0|5.0|4.0|5.0|7.0|4.0|31.0|29.6
18|1990-91|35.0|ATL|NBA||8.0|14.0|0.0|1.0|8.0|14.0|13.0|16.0|9.0|13.0|19.0|6.0|3.0|4.0|6.0|4.0|25.0|26.6
19|1991-92|36.0|MIL|NBA||12.0|19.0|1.0|1.0|12.0|18.0|16.0|19.0|12.0|12.0|19.0|4.0|3.0|4.0|6.0|4.0|30.0|31.5
20|1992-93|37.0|MIL|NBA||4.0|9.0|0.0|0.0|4.0|9.0|4.0|6.0|4.0|5.0|9.0|2.0|1.0|2.0|2.0|1.0|12.0|8.6
21|1993-94|38.0|PHI|NBA||7.0|14.0|0.0|1.0|7.0|14.0|6.0|8.0|6.0|11.0|15.0|3.0|2.0|3.0|4.0|4.0|18.0|19.7
22|1994-95|39.0|SAS|NBA||3.0|5.0|1.0|1.0|3.0|5.0|6.0|8.0|4.0|6.0|7.0|2.0|2.0|1.0|3.0|3.0|12.0|12.3
