|Season|Age|Tm|Lg|Pos|G|MP|PER|TS%|FTr|ORB%|DRB%|TRB%|AST%|STL%|BLK%|OWS|DWS|WS|WS/48|OBPM|DBPM|BPM|VORP
0|1963-64|22.0|SFW|NBA|PF|76.0|1966.0|12.1|0.423|0.312|||||||-0.9|4.4|3.5|0.085||||
1|1964-65|23.0|SFW|NBA|PF|77.0|3173.0|16.5|0.456|0.28800000000000003||||7.1|||1.0|5.1|6.1|0.092||||
2|1965-66|24.0|SFW|NBA|C|73.0|2891.0|15.0|0.45399999999999996|0.382||||5.0|||0.3|4.0|4.3|0.07200000000000001||||
3|1966-67|25.0|SFW|NBA|C|65.0|2761.0|17.4|0.48|0.41700000000000004||||7.5|||1.7|5.6|7.2|0.125||||
4|1967-68|26.0|SFW|NBA|C|51.0|2222.0|19.0|0.466|0.47100000000000003||||13.0|||0.5|4.7|5.2|0.11199999999999999||||
5|1968-69|27.0|SFW|NBA|C|71.0|3208.0|18.4|0.457|0.445||||11.6|||0.5|6.1|6.5|0.098||||
6|1969-70|28.0|SFW|NBA|C|43.0|1919.0|18.2|0.483|0.42||||10.9|||0.7|3.0|3.7|0.09300000000000001||||
7|1970-71|29.0|SFW|NBA|C|82.0|3351.0|18.5|0.501|0.386|||14.8|11.1|||3.8|3.4|7.2|0.10300000000000001||||
8|1971-72|30.0|GSW|NBA|C|78.0|3362.0|18.7|0.49200000000000005|0.386|||16.6|9.8|||2.6|6.4|9.0|0.128||||
9|1972-73|31.0|GSW|NBA|C|79.0|3419.0|17.3|0.499|0.379|||18.0|10.4|||3.2|6.7|9.9|0.14||||
10|1973-74|32.0|GSW|NBA|C|62.0|2463.0|15.0|0.49200000000000005|0.414|9.8|23.6|16.8|8.2|0.7|3.6|2.6|3.4|6.0|0.11699999999999999|-1.2|2.7|1.5|2.2
11|1974-75|33.0|CHI|NBA|C|80.0|2756.0|13.4|0.40299999999999997|0.327|10.0|24.5|17.3|16.9|0.8|4.0|-0.8|5.4|4.7|0.081|-1.5|3.7|2.3|3.0
13|1975-76|34.0|CHI|NBA|C|13.0|260.0|11.4|0.45399999999999996|0.4|5.1|23.7|13.8|14.1|0.7|2.6|0.1|0.4|0.4|0.081|-4.4|2.6|-1.8|0.0
14|1975-76|34.0|CLE|NBA|C|65.0|1133.0|12.1|0.441|0.36|8.9|22.8|15.6|7.7|0.8|4.2|0.1|1.9|1.9|0.08199999999999999|-3.1|2.2|-0.9|0.3
15|1976-77|35.0|CLE|NBA|C|49.0|997.0|14.3|0.45799999999999996|0.431|11.9|26.7|19.1|10.8|0.8|4.4|0.5|1.8|2.3|0.113|-1.8|3.2|1.5|0.9
