player_id|Rk|Unnamed: 1|Age|G|MP|PER|TS%|FTr|ORB%|DRB%|TRB%|AST%|STL%|BLK%|Unnamed: 14|OWS|DWS|WS|WS/48|Unnamed: 19|OBPM|DBPM|BPM|VORP|player_id
vanardi01|1|Dick Van Arsdale|30|78|2832|15.5|0.5720000000000001|0.41100000000000003|2.4|5.5|3.9|15.9|1.5|0.3||6.6|0.5|7.0|0.11900000000000001||1.2|-1.0|0.2|1.6|vanardi01
walkne01|2|Neal Walk|25|82|2549|19.1|0.502|0.239|9.4|23.7|16.6|19.2|1.3|1.1||3.8|2.3|6.1|0.115||1.7|1.3|3.0|3.2|walkne01
calhoco01|3|Corky Calhoun|23|77|2207|9.8|0.49700000000000005|0.222|5.3|13.3|9.3|7.9|1.4|0.7||1.1|1.1|2.2|0.048||-3.3|1.1|-2.2|-0.1|calhoco01
erickke01|4|Keith Erickson|29|66|2033|15.3|0.523|0.268|4.7|15.8|10.3|14.3|1.4|0.5||2.9|1.1|4.1|0.096||-0.4|0.3|-0.1|1.0|erickke01
scottch01|5|Charlie Scott|25|52|2003|18.8|0.505|0.26899999999999996|3.3|7.9|5.6|21.4|2.2|0.6||2.9|0.9|3.9|0.09300000000000001||2.6|-0.8|1.8|1.9|scottch01
bantomi01|6|Mike Bantom|22|76|1982|11.7|0.43700000000000006|0.271|8.9|17.5|13.3|11.1|1.1|1.2||-0.8|1.3|0.5|0.012||-3.1|0.2|-2.9|-0.5|bantomi01
haskicl01|7|Clem Haskins|30|81|1822|16.0|0.51|0.256|4.4|7.9|6.2|20.3|1.9|0.4||2.7|0.7|3.4|0.09||0.3|-0.9|-0.6|0.6|haskicl01
melchga01|8|Gary Melchionni|23|69|1251|13.0|0.51|0.244|3.8|7.7|5.7|15.4|1.4|0.4||1.5|0.3|1.8|0.07||-2.0|-1.0|-3.1|-0.3|melchga01
chrisbo01|9|Bob Christian|27|81|1244|11.7|0.545|0.524|7.0|20.5|13.8|10.0|0.7|1.3||1.0|0.8|1.9|0.07200000000000001||-2.8|0.5|-2.3|-0.1|chrisbo01
greenla01|10|Lamar Green|26|72|1103|9.6|0.42700000000000005|0.215|7.9|24.1|16.1|5.0|1.3|1.7||-0.6|1.1|0.5|0.023||-6.3|0.6|-5.6|-1.0|greenla01
chambbi01|11|Bill Chamberlain|24|28|367|14.2|0.495|0.431|9.2|12.8|11.0|13.5|2.4|1.7||0.2|0.3|0.5|0.063||-0.9|0.7|-0.1|0.2|chambbi01
hawkico01|12|Connie Hawkins|31|8|223|14.9|0.524|0.365|6.4|13.0|9.8|17.0|1.6|0.7||0.3|0.1|0.4|0.092||-0.5|0.3|-0.2|0.1|hawkico01
owensji01|13|Jim Owens|23|17|101|18.1|0.5870000000000001|0.359|1.0|7.9|4.5|21.5|2.2|0.0||0.3|0.0|0.3|0.14800000000000002||0.3|-2.2|-1.9|0.0|owensji01
reavejo01|14|Joe Reaves|23|7|38|10.8|0.505|1.0|5.4|15.8|10.7|3.5|0.0|2.7||0.0|0.0|0.0|-0.013000000000000001||-5.4|-2.5|-7.9|-0.1|reavejo01
