player_id|Rk|Unnamed: 1|Age|G|GS|MP|FG|FGA|FG%|FT|FTA|FT%|ORB|DRB|TRB|AST|STL|BLK|PF|PTS/G|player_id
cowenda01|1|Dave Cowens|26|65||40.5|8.8|18.4|0.475|2.9|3.8|0.7829999999999999|3.5|11.2|14.7|4.6|1.3|1.1|3.7|20.4|cowenda01
whitejo01|2|Jo Jo White|28|82||39.3|8.0|17.6|0.457|2.3|2.7|0.8340000000000001|1.0|2.8|3.8|5.6|1.6|0.2|2.5|18.3|whitejo01
havlijo01|3|John Havlicek|34|82||38.2|7.8|17.2|0.455|3.5|4.0|0.87|1.9|4.0|5.9|5.3|1.3|0.2|2.8|19.2|havlijo01
silaspa01|4|Paul Silas|31|82||32.5|3.8|9.1|0.41700000000000004|3.0|4.2|0.7090000000000001|4.2|8.3|12.5|2.7|0.7|0.3|2.8|10.6|silaspa01
chanedo01|5|Don Chaney|28|82||26.9|3.9|9.1|0.428|1.6|2.0|0.8059999999999999|2.1|2.4|4.5|2.2|1.5|0.8|3.0|9.5|chanedo01
nelsodo01|6|Don Nelson|34|79||26.0|5.4|9.9|0.539|3.3|4.0|0.8270000000000001|1.6|4.3|5.9|2.3|0.4|0.2|3.0|14.0|nelsodo01
westppa01|7|Paul Westphal|24|82||19.3|4.2|8.2|0.51|1.5|1.9|0.763|0.5|1.5|2.0|2.9|1.0|0.4|2.3|9.8|westppa01
ardji01|8|Jim Ard|26|59||12.2|1.5|4.5|0.335|0.8|1.1|0.738|1.0|2.4|3.4|0.7|0.2|0.5|1.6|3.8|ardji01
finkeha01|9|Hank Finkel|32|62||8.4|0.8|2.1|0.40299999999999997|0.4|0.7|0.535|0.5|1.3|1.8|0.5|0.1|0.0|1.2|2.0|finkeha01
hankiph01|10|Phil Hankinson|23|3||8.0|2.0|3.7|0.545|0.0|0.0||0.3|2.0|2.3|0.7|0.3|0.0|1.0|4.0|hankiph01
stacoke01|11|Kevin Stacom|23|61||7.3|1.2|2.6|0.45299999999999996|0.5|0.5|0.879|0.5|0.4|0.9|0.8|0.2|0.0|1.1|2.8|stacoke01
mcdongl01|12|Glenn McDonald|22|62||6.4|1.1|2.9|0.385|0.5|0.6|0.757|0.3|0.8|1.1|0.4|0.1|0.1|0.9|2.7|mcdongl01
clydebe01|13|Ben Clyde|23|25||6.3|1.2|2.9|0.431|0.3|0.4|0.778|0.6|1.0|1.6|0.2|0.2|0.1|1.4|2.8|clydebe01
downist01|14|Steve Downing|24|3||3.0|0.0|0.7|0.0|0.0|0.7|0.0|0.0|0.7|0.7|0.0|0.0|0.0|0.0|0.0|downist01
