player_id|Rk|Unnamed: 1|Age|G|GS|MP|FG|FGA|FG%|FT|FTA|FT%|ORB|DRB|TRB|AST|STL|BLK|PF|PTS|player_id
whitejo01|1|Jo Jo White|28|82||3220|658|1440|0.457|186|223|0.8340000000000001|84|227|311|458|128|17|207|1502|whitejo01
havlijo01|2|John Havlicek|34|82||3132|642|1411|0.455|289|332|0.87|154|330|484|432|110|16|231|1573|havlijo01
silaspa01|3|Paul Silas|31|82||2661|312|749|0.41700000000000004|244|344|0.7090000000000001|348|677|1025|224|60|22|229|868|silaspa01
cowenda01|4|Dave Cowens|26|65||2632|569|1199|0.475|191|244|0.7829999999999999|229|729|958|296|87|73|243|1329|cowenda01
chanedo01|5|Don Chaney|28|82||2208|321|750|0.428|133|165|0.8059999999999999|171|199|370|181|122|66|244|775|chanedo01
nelsodo01|6|Don Nelson|34|79||2052|423|785|0.539|263|318|0.8270000000000001|127|342|469|181|32|15|239|1109|nelsodo01
westppa01|7|Paul Westphal|24|82||1581|342|670|0.51|119|156|0.763|44|119|163|235|78|33|192|803|westppa01
ardji01|8|Jim Ard|26|59||719|89|266|0.335|48|65|0.738|59|140|199|40|13|32|96|226|ardji01
finkeha01|9|Hank Finkel|32|62||518|52|129|0.40299999999999997|23|43|0.535|33|79|112|32|7|3|72|127|finkeha01
stacoke01|10|Kevin Stacom|23|61||447|72|159|0.45299999999999996|29|33|0.879|30|25|55|49|11|3|65|173|stacoke01
mcdongl01|11|Glenn McDonald|22|62||395|70|182|0.385|28|37|0.757|20|48|68|24|8|5|58|168|mcdongl01
clydebe01|12|Ben Clyde|23|25||157|31|72|0.431|7|9|0.778|15|26|41|5|5|3|34|69|clydebe01
hankiph01|13|Phil Hankinson|23|3||24|6|11|0.545|0|0||1|6|7|2|1|0|3|12|hankiph01
downist01|14|Steve Downing|24|3||9|0|2|0.0|0|2|0.0|0|2|2|0|0|0|0|0|downist01
