|Season|Age|Tm|Lg|Pos|G|GS|MP|FG|FGA|FG%|3P|3PA|3P%|2P|2PA|2P%|FT|FTA|FT%|ORB|DRB|TRB|AST|STL|BLK|TOV|PF|PTS
0|2007-08|21.0|MIN|NBA|SF|79.0|35.0|1803.0|3.6|9.7|0.374|0.1|0.7|0.19399999999999998|3.5|9.0|0.389|1.8|2.2|0.8|1.6|4.2|5.8|2.2|1.5|0.5|1.8|3.8|9.2
1|2008-09|22.0|MIN|NBA|SF|15.0|8.0|307.0|4.3|10.6|0.41100000000000003|0.6|1.4|0.41700000000000004|3.8|9.1|0.41|1.6|2.2|0.737|2.1|3.6|5.7|2.9|1.8|0.4|1.5|4.3|10.9
2|2009-10|23.0|MIN|NBA|SG|82.0|82.0|2482.0|5.9|13.8|0.431|1.2|3.4|0.34600000000000003|4.7|10.3|0.45899999999999996|2.4|3.7|0.648|1.0|3.0|4.0|2.8|1.7|0.4|2.4|3.2|15.5
4|2010-11|24.0|MIN|NBA|SF|56.0|22.0|1362.0|4.4|11.6|0.384|0.7|2.6|0.263|3.8|8.9|0.42|3.2|4.5|0.708|1.2|2.8|4.0|2.0|2.4|0.4|2.0|3.5|12.8
5|2010-11|24.0|DAL|NBA|SG|13.0|2.0|148.0|6.1|12.4|0.49|1.0|3.2|0.308|5.1|9.2|0.5529999999999999|3.6|5.1|0.7140000000000001|2.9|2.7|5.6|2.9|2.7|0.5|2.4|6.1|16.8
6|2011-12|25.0|DEN|NBA|SF|59.0|17.0|1287.0|5.6|13.0|0.434|0.9|3.6|0.26|4.7|9.4|0.5|2.5|3.6|0.6920000000000001|1.2|3.0|4.2|2.5|2.0|0.5|1.6|3.2|14.7
7|2012-13|26.0|DEN|NBA|SF|82.0|2.0|2003.0|6.7|15.9|0.425|1.6|5.5|0.29600000000000004|5.1|10.4|0.493|2.7|3.9|0.69|1.0|3.2|4.2|2.2|2.1|0.4|1.8|2.8|17.8
8|2013-14|27.0|MIN|NBA|SF|81.0|81.0|2609.0|5.4|11.1|0.48100000000000004|0.8|2.9|0.28|4.5|8.2|0.552|2.2|3.1|0.718|0.9|2.0|2.9|1.9|2.1|0.4|1.4|2.9|13.8
10|2014-15|28.0|MIN|NBA|SF|24.0|16.0|680.0|5.0|11.9|0.418|0.4|2.2|0.195|4.6|9.7|0.467|2.9|4.1|0.705|1.7|3.3|5.0|4.1|2.9|0.2|2.6|3.3|13.3
11|2014-15|28.0|HOU|NBA|SF|56.0|1.0|1407.0|6.4|14.8|0.429|1.4|5.0|0.284|5.0|9.9|0.503|2.9|3.8|0.764|1.2|4.0|5.2|2.4|1.5|0.4|2.1|2.8|17.0
12|2015-16|29.0|HOU|NBA|SF|82.0|12.0|1669.0|4.6|11.9|0.384|1.3|4.8|0.272|3.3|7.1|0.46|2.3|3.0|0.75|0.9|3.4|4.3|2.4|1.8|0.4|1.7|3.6|12.7
14|2016-17|30.0|HOU|NBA|SF|58.0|8.0|923.0|3.7|8.9|0.414|0.9|3.7|0.23399999999999999|2.8|5.2|0.541|1.2|1.7|0.727|0.8|3.6|4.4|2.4|1.4|0.5|1.4|4.1|9.4
15|2016-17|30.0|LAL|NBA|SF|24.0|3.0|358.0|5.3|12.2|0.43799999999999994|0.5|2.4|0.20800000000000002|4.8|9.8|0.495|1.8|2.4|0.75|1.1|4.1|5.2|3.6|2.4|0.8|1.9|2.9|13.0
17|2017-18|31.0|LAL|NBA|SF|54.0|2.0|694.0|4.0|8.9|0.45299999999999996|0.4|2.2|0.18600000000000003|3.6|6.7|0.5429999999999999|1.8|2.6|0.667|1.2|3.6|4.8|2.1|2.1|0.4|2.0|4.3|10.3
18|2017-18|31.0|OKC|NBA|SG|18.0|16.0|514.0|4.5|10.1|0.444|1.6|4.7|0.34299999999999997|2.9|5.4|0.532|2.2|2.7|0.795|1.4|2.9|4.3|1.7|2.7|0.4|0.8|3.9|12.7
20|2018-19|32.0|PHI|NBA|SF|7.0|3.0|140.0|5.1|12.6|0.408|1.0|3.6|0.28600000000000003|4.1|9.0|0.457|2.3|3.3|0.6920000000000001|1.0|3.3|4.4|2.6|3.1|0.5|2.1|4.1|13.6
21|2018-19|32.0|SAC|NBA|SF|24.0|0.0|352.0|3.4|7.6|0.446|1.0|3.1|0.33299999999999996|2.4|4.5|0.523|2.3|3.1|0.733|2.3|3.8|6.0|3.0|2.0|0.5|1.1|4.8|10.0
