player_id|Rk|Unnamed: 1|Age|G|GS|MP|FG|FGA|FG%|FT|FTA|FT%|TRB|AST|PF|PTS|player_id
abdulka01|1|Kareem Abdul-Jabbar|22|82||3534|9.6|18.4|0.518|4.9|7.6|0.653|12.1|3.4|2.9|24.1|abdulka01
mcglojo01|2|Jon McGlocklin|26|82||2966|7.8|14.6|0.53|2.1|2.4|0.8540000000000001|3.1|3.7|2.0|17.6|mcglojo01
robinfl01|3|Flynn Robinson|28|81||2762|8.6|18.1|0.47700000000000004|5.7|6.4|0.898|3.4|5.9|3.3|23.0|robinfl01
dandrbo01|4|Bob Dandridge|22|81||2461|6.3|13.1|0.485|2.9|3.9|0.754|9.1|4.3|4.1|15.6|dandrbo01
smithgr01|5|Greg Smith|23|82||2368|5.2|10.1|0.511|1.9|2.6|0.718|10.8|2.4|4.6|12.2|smithgr01
abdulza01|6|Zaid Abdul-Aziz|23|80||1637|5.2|12.0|0.434|2.6|4.1|0.643|13.3|1.4|3.7|13.0|abdulza01
crawffr01|7|Freddie Crawford|28|77||1331|6.6|13.7|0.48|2.7|4.0|0.682|5.0|6.1|4.9|15.9|crawffr01
chapple01|8|Len Chappell|29|75||1134|7.7|16.6|0.465|4.3|6.7|0.64|8.8|1.8|4.0|19.7|chapple01
rodgegu01|9|Guy Rodgers|34|64||749|3.3|9.2|0.35600000000000004|3.2|4.3|0.7440000000000001|3.6|10.2|3.5|9.8|rodgegu01
cunnidi01|10|Dick Cunningham|23|60||416|4.5|12.2|0.369|1.9|2.9|0.667|13.8|2.4|6.1|10.9|cunnidi01
greacbo01|11|Bob Greacen|22|41||292|5.4|13.4|0.40399999999999997|2.2|3.5|0.643|7.3|3.3|6.0|13.1|greacbo01
arthujo01|12|John Arthurs|22|11||86|5.0|14.7|0.34299999999999997|4.6|6.3|0.733|5.9|7.1|6.3|14.7|arthujo01
willisa01|13|Sam Williams|25|11||44|9.0|19.6|0.45799999999999996|4.1|9.0|0.455|5.7|2.5|4.1|22.1|willisa01
