player_id|Rk|Unnamed: 1|Age|G|GS|MP|FG|FGA|FG%|FT|FTA|FT%|TRB|AST|PF|PTS|player_id
russebi01|1|Bill Russell|29|78||3482|4.8|11.1|0.433|2.4|4.4|0.55|20.0|3.8|2.0|12.1|russebi01
havlijo01|2|John Havlicek|23|80||2587|8.9|21.4|0.41700000000000004|4.4|5.9|0.746|6.0|3.3|3.2|22.2|havlijo01
joneskc01|3|K.C. Jones|31|80||2424|4.2|10.7|0.392|1.3|2.5|0.524|5.5|6.0|3.8|9.7|joneskc01
jonessa01|4|Sam Jones|30|76||2381|9.3|20.5|0.45|3.8|4.8|0.7829999999999999|5.3|3.1|2.9|22.3|jonessa01
sandeto01|5|Tom Sanders|25|80||2370|5.3|12.7|0.41700000000000004|3.2|4.3|0.7609999999999999|10.1|1.5|4.2|13.8|sandeto01
heinsto01|6|Tom Heinsohn|29|76||2040|8.6|21.6|0.39799999999999996|5.0|6.0|0.8270000000000001|8.1|3.2|4.7|22.2|heinsto01
naullwi01|7|Willie Naulls|29|78||1409|8.2|19.6|0.41700000000000004|3.2|4.0|0.7959999999999999|9.1|1.6|5.3|19.6|naullwi01
ramsefr01|8|Frank Ramsey|32|75||1227|6.6|17.7|0.374|5.8|6.8|0.841|6.5|2.4|7.2|19.0|ramsefr01
loscuji01|9|Jim Loscutoff|33|53||451|4.5|14.5|0.308|1.4|2.5|0.581|10.5|2.0|7.2|10.4|loscuji01
lovelcl01|10|Clyde Lovellette|34|45||437|10.5|25.1|0.42|3.7|4.7|0.789|10.4|2.0|8.2|24.8|lovelcl01
siegfla01|11|Larry Siegfried|24|31||261|4.8|15.2|0.318|4.3|5.4|0.795|7.0|5.5|4.6|13.9|siegfla01
mccarjo01|12|Johnny McCarthy|29|28||206|2.8|8.4|0.33299999999999996|0.9|2.3|0.385|6.1|4.2|7.3|6.5|mccarjo01
