|Season|Age|Tm|Lg|Pos|G|MP|PER|TS%|3PAr|FTr|ORB%|DRB%|TRB%|AST%|STL%|BLK%|TOV%|USG%|OWS|DWS|WS|WS/48|OBPM|DBPM|BPM|VORP
0|1992-93|24.0|WSB|NBA|PG|68.0|859.0|9.3|0.424|0.172|0.244|3.6|10.0|6.7|25.0|3.2|0.2|21.6|19.5|-1.4|0.7|-0.6|-0.035|-4.3|-0.6|-4.9|-0.6
1|1993-94|25.0|WSB|NBA|PG|65.0|1035.0|13.2|0.5489999999999999|0.46|0.267|3.4|6.8|5.1|30.5|2.7|0.1|24.6|20.0|0.5|0.2|0.7|0.033|0.4|-3.1|-2.6|-0.2
2|1995-96|27.0|WSB|NBA|PG|81.0|2042.0|17.5|0.655|0.564|0.358|2.2|10.7|6.6|29.7|2.0|0.1|19.8|16.9|5.6|1.8|7.4|0.174|3.9|-1.3|2.6|2.4
3|1996-97|28.0|HOU|NBA|PG|25.0|390.0|12.0|0.551|0.505|0.2|3.1|5.4|4.3|25.6|2.3|0.0|21.9|17.1|0.4|0.4|0.7|0.092|-0.8|-1.8|-2.6|-0.1
4|1997-98|29.0|HOU|NBA|PG|72.0|1332.0|10.9|0.575|0.603|0.316|3.3|6.1|4.8|22.3|2.1|0.2|23.9|15.8|1.2|0.4|1.6|0.059000000000000004|0.3|-2.2|-1.9|0.0
5|1998-99|30.0|HOU|NBA|PG|40.0|806.0|15.0|0.624|0.541|0.295|2.8|8.2|5.7|23.3|2.2|0.1|21.8|17.4|1.6|0.5|2.2|0.128|2.1|-1.7|0.4|0.5
6|1999-00|31.0|VAN|NBA|PG|41.0|424.0|9.5|0.518|0.5710000000000001|0.32799999999999996|2.2|8.2|5.2|25.8|2.1|0.2|25.7|19.7|-0.1|0.1|0.1|0.009000000000000001|-1.5|-3.4|-4.9|-0.3
7|2000-01|32.0|VAN|NBA|PG|6.0|30.0|9.4|0.462|0.364|0.636|3.8|11.4|7.6|26.6|3.5|0.0|22.1|27.5|0.0|0.0|0.0|-0.003|-2.5|-1.3|-3.8|0.0
8|2001-02|33.0|SAC|NBA|PG|20.0|89.0|6.6|0.474|0.556|0.48100000000000004|4.9|4.7|4.8|13.9|1.7|0.7|23.4|20.9|-0.1|0.1|0.0|-0.009000000000000001|-3.1|-2.0|-5.2|-0.1
