|Season|Age|Tm|Lg|Pos|G|GS|MP|FG|FGA|FG%|3P|3PA|3P%|2P|2PA|2P%|eFG%|FT|FTA|FT%|ORB|DRB|TRB|AST|STL|BLK|TOV|PF|PTS
0|1993-94|25.0|CHI|NBA|SF|10.0|0.0|194.0|30.0|67.0|0.44799999999999995|8.0|19.0|0.42100000000000004|22.0|48.0|0.45799999999999996|0.507|25.0|34.0|0.735|11.0|29.0|40.0|36.0|5.0|3.0|17.0|15.0|93.0
1|1994-95|26.0|CHI|NBA|SF|10.0|10.0|372.0|53.0|111.0|0.47700000000000004|14.0|32.0|0.43799999999999994|39.0|79.0|0.494|0.541|18.0|26.0|0.6920000000000001|20.0|48.0|68.0|57.0|10.0|2.0|19.0|23.0|138.0
2|1995-96|27.0|CHI|NBA|SF|15.0|5.0|439.0|59.0|151.0|0.391|13.0|68.0|0.191|46.0|83.0|0.5539999999999999|0.434|31.0|37.0|0.838|19.0|44.0|63.0|58.0|14.0|4.0|26.0|33.0|162.0
3|1996-97|28.0|CHI|NBA|SF|19.0|0.0|423.0|45.0|125.0|0.36|19.0|53.0|0.358|26.0|72.0|0.361|0.436|41.0|58.0|0.7070000000000001|13.0|41.0|54.0|54.0|13.0|4.0|17.0|30.0|150.0
4|1997-98|29.0|CHI|NBA|SF|21.0|17.0|637.0|106.0|218.0|0.486|23.0|61.0|0.377|83.0|157.0|0.529|0.539|40.0|62.0|0.645|24.0|57.0|81.0|60.0|26.0|10.0|27.0|57.0|275.0
5|1999-00|31.0|PHI|NBA|SF|10.0|0.0|257.0|36.0|93.0|0.387|11.0|34.0|0.324|25.0|59.0|0.424|0.446|10.0|17.0|0.588|7.0|30.0|37.0|17.0|10.0|3.0|15.0|26.0|93.0
6|2002-03|34.0|MIL|NBA|PF|6.0|0.0|184.0|32.0|65.0|0.49200000000000005|11.0|29.0|0.379|21.0|36.0|0.583|0.5770000000000001|14.0|20.0|0.7|6.0|19.0|25.0|22.0|13.0|1.0|11.0|12.0|89.0
7|2003-04|35.0|MIL|NBA|PF|5.0|0.0|105.0|17.0|34.0|0.5|4.0|12.0|0.33299999999999996|13.0|22.0|0.591|0.5589999999999999|4.0|8.0|0.5|4.0|10.0|14.0|4.0|3.0|2.0|6.0|11.0|42.0
8|2005-06|37.0|MIL|NBA|PF|3.0|0.0|53.0|8.0|14.0|0.5710000000000001|5.0|8.0|0.625|3.0|6.0|0.5|0.75|1.0|2.0|0.5|0.0|5.0|5.0|9.0|1.0|0.0|3.0|8.0|22.0
