player_id|Rk|Unnamed: 1|Age|G|GS|MP|FG|FGA|FG%|3P|3PA|3P%|2P|2PA|2P%|eFG%|FT|FTA|FT%|ORB|DRB|TRB|AST|STL|BLK|TOV|PF|PTS/G|player_id
gayru01|1|Rudy Gay|23|80|80|39.7|7.5|16.1|0.466|0.8|2.5|0.327|6.7|13.6|0.49200000000000005|0.491|3.8|5.0|0.753|1.4|4.5|5.9|1.9|1.5|0.8|2.1|2.5|19.6|gayru01
mayooj01|2|O.J. Mayo|22|82|82|38.0|6.6|14.4|0.45799999999999996|1.7|4.3|0.38299999999999995|5.0|10.1|0.49|0.516|2.6|3.2|0.809|0.7|3.0|3.8|3.0|1.2|0.2|2.1|2.1|17.5|mayooj01
randoza01|3|Zach Randolph|28|81|81|37.7|8.0|16.5|0.488|0.2|0.6|0.28800000000000003|7.9|15.9|0.496|0.494|4.5|5.7|0.778|4.1|7.7|11.7|1.8|1.0|0.4|2.1|2.8|20.8|randoza01
gasolma01|4|Marc Gasol|25|69|69|35.8|5.5|9.4|0.581|0.0|0.0|0.0|5.5|9.4|0.5820000000000001|0.581|3.7|5.4|0.67|3.0|6.3|9.3|2.4|1.0|1.6|2.0|3.7|14.6|gasolma01
conlemi01|5|Mike Conley|22|80|80|32.1|4.6|10.4|0.445|1.0|2.7|0.387|3.6|7.7|0.46399999999999997|0.494|1.7|2.3|0.743|0.4|2.0|2.4|5.3|1.4|0.2|2.1|2.2|12.0|conlemi01
iversal01|6|Allen Iverson|34|3|0|22.3|5.0|8.7|0.5770000000000001|0.3|0.3|1.0|4.7|8.3|0.56|0.596|2.0|4.0|0.5|0.3|1.0|1.3|3.7|0.3|0.0|2.3|1.7|12.3|iversal01
youngsa01|7|Sam Young|24|80|1|16.5|2.8|6.2|0.451|0.1|0.7|0.196|2.7|5.5|0.483|0.462|1.7|2.2|0.777|1.0|1.6|2.5|0.7|0.4|0.3|1.2|1.3|7.4|youngsa01
brewero02|8|Ronnie Brewer|24|5|0|16.0|0.6|2.6|0.231|0.0|0.0||0.6|2.6|0.231|0.231|0.8|1.0|0.8|0.2|1.2|1.4|0.6|1.2|0.0|0.4|0.0|2.0|brewero02
tinslja01|9|Jamaal Tinsley|31|38|1|15.5|1.4|3.7|0.371|0.2|1.0|0.179|1.2|2.7|0.446|0.396|0.6|0.7|0.815|0.3|1.4|1.7|2.8|0.9|0.1|1.7|1.8|3.5|tinslja01
arthuda01|10|Darrell Arthur|21|32|1|14.3|2.0|4.6|0.43200000000000005|0.0|0.0|0.0|2.0|4.5|0.434|0.43200000000000005|0.5|0.9|0.5670000000000001|1.2|2.3|3.4|0.5|0.4|0.4|0.7|1.9|4.5|arthuda01
willima03|11|Marcus Williams|24|62|1|14.1|1.7|4.4|0.384|0.4|1.3|0.29600000000000004|1.3|3.1|0.42100000000000004|0.428|0.6|0.9|0.6729999999999999|0.2|1.3|1.5|2.6|0.5|0.0|1.2|0.7|4.3|willima03
thabeha01|12|Hasheem Thabeet|22|68|13|13.0|1.1|1.9|0.588|0.0|0.0||1.1|1.9|0.588|0.588|0.8|1.4|0.581|1.3|2.3|3.6|0.2|0.2|1.3|0.6|2.4|3.1|thabeha01
carrode01|13|DeMarre Carroll|23|71|1|11.2|1.2|3.1|0.396|0.0|0.1|0.0|1.2|3.0|0.40700000000000003|0.396|0.5|0.7|0.623|0.7|1.4|2.1|0.5|0.4|0.1|0.3|1.5|2.9|carrode01
huntest01|14|Steven Hunter|28|21|0|7.5|0.8|2.0|0.395|0.0|0.0||0.8|2.0|0.395|0.395|0.9|1.7|0.528|0.9|1.1|2.0|0.0|0.0|0.5|0.4|0.5|2.5|huntest01
hudsole01|15|Lester Hudson|25|9|0|6.8|1.6|3.9|0.4|0.2|1.2|0.182|1.3|2.7|0.5|0.429|0.7|0.8|0.857|0.4|0.7|1.1|0.6|0.6|0.1|0.6|0.6|4.0|hudsole01
haddaha01|16|Hamed Haddadi|24|36|0|6.7|0.7|1.7|0.387|0.0|0.1|0.0|0.7|1.6|0.40700000000000003|0.387|0.4|0.5|0.737|0.7|1.4|2.1|0.3|0.0|0.4|0.6|1.6|1.7|haddaha01
gildetr01|17|Trey Gilder|25|2|0|2.5|0.5|0.5|1.0|0.0|0.0||0.5|0.5|1.0|1.0|0.0|0.0||0.0|0.5|0.5|0.0|0.5|0.0|0.0|0.0|1.0|gildetr01
