|Season|Age|Tm|Lg|Pos|G|GS|MP|FG|FGA|FG%|3P|3PA|3P%|2P|2PA|2P%|FT|FTA|FT%|ORB|DRB|TRB|AST|STL|BLK|TOV|PF|PTS|ORtg|DRtg
0|1989-90|21.0|CHH|NBA|C|82.0|82.0|2757.0|6.4|14.5|0.44|0.0|0.1|0.0|6.4|14.4|0.44299999999999995|3.4|5.1|0.664|3.5|8.7|12.3|1.8|1.6|1.0|3.1|5.2|16.1|94.0|108.0
1|1990-91|22.0|CHH|NBA|C|80.0|80.0|2467.0|7.2|15.5|0.466|0.0|0.0|0.0|7.2|15.4|0.467|3.6|5.2|0.703|3.1|7.0|10.0|1.8|1.7|0.9|3.1|5.7|18.0|98.0|109.0
2|1991-92|23.0|CHH|NBA|C|51.0|7.0|1257.0|8.0|16.3|0.49|0.0|0.1|0.0|8.0|16.2|0.493|5.0|7.1|0.705|3.6|8.3|11.9|3.0|1.8|0.9|3.2|6.0|21.0|106.0|109.0
4|1992-93|24.0|CHH|NBA|PF|17.0|1.0|295.0|6.8|15.9|0.429|0.0|0.2|0.0|6.8|15.7|0.433|7.0|9.4|0.741|3.2|8.1|11.4|3.9|1.8|0.8|3.9|8.0|20.6|102.0|108.0
5|1992-93|24.0|SAS|NBA|PF|66.0|24.0|1592.0|7.6|15.7|0.485|0.0|0.1|0.0|7.6|15.6|0.489|5.4|7.0|0.77|3.2|9.0|12.2|1.8|1.1|0.8|3.2|6.9|20.6|105.0|106.0
6|1993-94|25.0|SAS|NBA|PF|70.0|11.0|1344.0|10.3|21.0|0.491|0.0|0.1|0.0|10.3|20.9|0.493|4.2|6.1|0.6990000000000001|3.6|5.1|8.7|2.9|1.7|1.0|3.3|6.5|24.8|106.0|106.0
7|1994-95|26.0|SAS|NBA|PF|81.0|37.0|1566.0|6.5|12.8|0.508|0.0|0.1|0.5|6.5|12.8|0.508|5.2|7.5|0.687|3.9|8.8|12.7|1.8|1.9|1.0|3.7|7.5|18.2|105.0|103.0
9|1995-96|27.0|SAS|NBA|PF|32.0|5.0|643.0|5.8|13.1|0.439|0.0|0.1|0.0|5.8|13.0|0.442|5.1|7.0|0.736|2.8|7.0|9.8|1.1|2.0|0.8|3.9|7.8|16.6|93.0|103.0
10|1995-96|27.0|NYK|NBA|PF|33.0|16.0|670.0|6.9|12.6|0.55|0.0|0.0||6.9|12.6|0.55|3.4|4.3|0.782|3.0|7.4|10.4|2.2|1.4|0.6|2.4|7.0|17.2|113.0|104.0
11|1997-98|29.0|CHH|NBA|PF|79.0|1.0|1109.0|7.1|15.4|0.45899999999999996|0.1|0.4|0.375|6.9|15.0|0.461|4.3|5.9|0.73|3.5|6.7|10.2|2.5|1.7|0.9|3.1|8.3|18.6|102.0|105.0
13|1998-99|30.0|CHH|NBA|PF|16.0|16.0|556.0|8.5|16.3|0.521|0.0|0.0||8.5|16.3|0.521|6.4|8.1|0.7979999999999999|2.0|8.9|10.9|2.4|2.1|1.0|2.7|6.1|23.4|111.0|100.0
14|1998-99|30.0|LAL|NBA|PF|25.0|10.0|473.0|4.9|12.0|0.40700000000000003|0.0|0.1|0.0|4.9|11.8|0.41100000000000003|4.2|5.9|0.7170000000000001|2.7|8.3|11.0|2.5|1.7|0.0|2.5|8.0|14.0|99.0|104.0
15|1999-00|31.0|MIL|NBA|PF|34.0|7.0|602.0|4.6|10.9|0.41700000000000004|0.1|0.6|0.14300000000000002|4.5|10.3|0.433|3.7|4.8|0.768|2.5|7.6|10.1|1.5|1.6|0.4|1.7|7.0|12.9|104.0|108.0
16|2000-01|32.0|CLE|NBA|PF|6.0|0.0|39.0|2.7|6.7|0.4|0.0|0.0||2.7|6.7|0.4|8.1|10.8|0.75|6.7|4.0|10.8|1.3|2.7|1.3|1.3|5.4|13.5|131.0|105.0
