player_id|Rk|Unnamed: 1|Age|G|MP|PER|TS%|FTr|ORB%|DRB%|TRB%|AST%|STL%|BLK%|TOV%|USG%|Unnamed: 16|OWS|DWS|WS|WS/48|Unnamed: 21|OBPM|DBPM|BPM|VORP|player_id
kelleri01|1|Rich Kelley|25|80|2705|19.9|0.585|0.526|11.3|25.3|18.5|14.4|2.1|3.0|21.2|19.2||4.1|4.5|8.6|0.152||0.9|3.7|4.5|4.5|kelleri01
mcelrji01|2|Jim McElroy|25|79|2698|16.2|0.536|0.31|2.3|5.4|3.9|24.2|2.4|0.9|16.0|21.0||3.1|1.8|4.9|0.08800000000000001||0.4|-0.7|-0.3|1.2|mcelrji01
goodrga01|3|Gail Goodrich|35|74|2130|13.1|0.499|0.24|3.2|5.1|4.2|23.5|1.9|0.3|16.4|20.1||1.1|1.0|2.2|0.049||-1.1|-1.5|-2.6|-0.3|goodrga01
maravpe01|4|Pete Maravich|31|49|1824|13.4|0.478|0.268|1.8|4.6|3.2|20.4|1.5|0.5|14.7|28.4||-0.5|0.7|0.1|0.004||-1.9|-2.6|-4.5|-1.1|maravpe01
robintr01|5|Truck Robinson|27|43|1781|18.0|0.537|0.414|7.9|23.3|15.8|6.2|0.7|1.7|12.9|23.8||2.2|2.0|4.1|0.111||-0.9|-0.6|-1.5|0.2|robintr01
hardyja01|6|James Hardy|22|68|1456|10.7|0.48700000000000004|0.207|8.4|12.3|10.4|5.9|1.6|2.1|16.7|14.6||0.0|1.3|1.3|0.043||-3.0|1.0|-2.0|0.0|hardyja01
jamesaa01|7|Aaron James|26|73|1417|12.7|0.526|0.222|6.9|10.1|8.6|8.2|0.9|0.7|13.8|21.6||1.0|0.7|1.7|0.057||-1.7|-2.0|-3.7|-0.6|jamesaa01
griffpa01|8|Paul Griffin|25|77|1398|10.0|0.527|0.659|9.1|17.9|13.7|12.1|1.7|1.3|28.9|11.0||0.0|1.5|1.6|0.054000000000000006||-2.9|2.2|-0.7|0.4|griffpa01
haywosp01|9|Spencer Haywood|29|34|1338|17.7|0.537|0.21|8.0|15.6|11.9|8.4|1.0|1.9|12.9|24.9||1.5|1.2|2.7|0.096||0.1|-0.5|-0.4|0.6|haywosp01
greento01|10|Tommie Green|22|59|809|8.3|0.43799999999999994|0.266|2.5|5.6|4.1|22.2|3.3|0.4|25.2|16.7||-1.0|0.7|-0.3|-0.017||-4.9|-0.3|-5.2|-0.7|greento01
meriwjo01|11|Joe Meriweather|25|36|640|11.8|0.495|0.41700000000000004|9.8|18.1|14.1|6.4|1.2|3.1|16.9|15.9||0.1|0.7|0.9|0.066||-3.3|1.0|-2.3|0.0|meriwjo01
terreir01|12|Ira Terrell|24|31|572|8.0|0.47600000000000003|0.264|6.0|12.4|9.3|5.8|1.2|1.9|18.3|13.1||-0.2|0.4|0.3|0.023||-4.3|0.6|-3.7|-0.2|terreir01
byrnema01|13|Marty Byrnes|22|36|530|10.6|0.498|0.325|7.8|9.5|8.7|10.9|1.0|0.7|17.4|16.5||0.1|0.3|0.4|0.032||-2.7|-1.0|-3.7|-0.2|byrnema01
leero01|14|Ron Lee|26|17|398|9.6|0.406|0.298|5.3|8.1|6.8|23.5|4.2|0.2|25.9|18.1||-0.7|0.5|-0.2|-0.027000000000000003||-4.0|1.6|-2.4|0.0|leero01
bailegu01|15|Gus Bailey|27|2|9|6.1|0.28600000000000003|0.0|22.5|0.0|10.9|33.2|0.0|0.0|12.5|33.9||0.0|0.0|0.0|-0.201||-2.4|-4.2|-6.6|0.0|bailegu01
