player_id|Rk|Unnamed: 1|Age|G|GS|MP|FG|FGA|FG%|FT|FTA|FT%|ORB|DRB|TRB|AST|STL|BLK|TOV|PF|PTS|player_id
kelleri01|1|Rich Kelley|25|80||2705|5.9|11.6|0.506|5.0|6.1|0.8140000000000001|4.0|9.6|13.7|3.8|1.7|2.2|3.8|4.1|16.7|kelleri01
mcelrji01|2|Jim McElroy|25|79||2698|7.2|14.6|0.491|3.5|4.5|0.762|0.8|2.1|2.9|6.0|2.0|0.7|3.2|2.4|17.8|mcelrji01
goodrga01|3|Gail Goodrich|35|74||2130|6.5|14.4|0.449|2.9|3.4|0.853|1.1|1.9|3.1|6.0|1.5|0.2|3.1|3.0|15.9|goodrga01
maravpe01|4|Pete Maravich|31|49||1824|8.6|20.4|0.42100000000000004|4.6|5.5|0.841|0.7|1.7|2.4|4.8|1.2|0.4|3.9|2.1|21.8|maravpe01
robintr01|5|Truck Robinson|27|43||1781|8.0|16.6|0.485|5.0|6.9|0.723|2.8|8.9|11.7|1.5|0.6|1.3|2.9|2.6|21.0|robintr01
hardyja01|6|James Hardy|22|68||1456|4.8|10.5|0.46|1.5|2.2|0.693|3.0|4.7|7.7|1.6|1.3|1.5|2.3|3.3|11.2|hardyja01
jamesaa01|7|Aaron James|26|73||1417|7.9|16.0|0.494|2.7|3.6|0.75|2.5|3.8|6.3|2.0|0.7|0.5|2.8|5.1|18.5|jamesaa01
griffpa01|8|Paul Griffin|25|77||1398|2.7|5.7|0.475|2.3|3.8|0.619|3.2|6.8|10.1|3.6|1.4|0.9|3.0|5.1|7.8|griffpa01
haywosp01|9|Spencer Haywood|29|34||1338|9.3|18.7|0.49700000000000005|3.3|3.9|0.8490000000000001|2.9|5.9|8.8|1.9|0.8|1.4|3.0|3.4|22.0|haywosp01
greento01|10|Tommie Green|22|59||809|4.1|10.5|0.38799999999999996|2.1|2.8|0.762|0.9|2.1|3.0|6.2|2.7|0.3|4.0|4.9|10.3|greento01
meriwjo01|11|Joe Meriweather|25|36||640|4.7|10.5|0.449|2.9|4.4|0.654|3.5|6.9|10.4|1.7|1.0|2.3|2.5|5.9|12.3|meriwjo01
terreir01|12|Ira Terrell|24|31||572|4.0|9.1|0.43799999999999994|1.7|2.4|0.711|2.1|4.7|6.9|1.6|0.9|1.4|2.3|4.6|9.6|terreir01
byrnema01|13|Marty Byrnes|22|36||530|5.3|11.3|0.47|2.2|3.7|0.611|2.8|3.6|6.4|2.9|0.8|0.5|2.7|2.9|12.8|byrnema01
leero01|14|Ron Lee|26|17||398|4.1|11.2|0.363|2.2|3.3|0.649|1.9|3.1|5.0|6.6|3.4|0.2|4.4|4.0|10.3|leero01
bailegu01|15|Gus Bailey|27|2||9|8.0|28.0|0.28600000000000003|0.0|0.0||8.0|0.0|8.0|8.0|0.0|0.0|4.0|4.0|16.0|bailegu01
