player_id|Rk|Unnamed: 1|Age|G|GS|MP|FG|FGA|FG%|FT|FTA|FT%|ORB|DRB|TRB|AST|STL|BLK|TOV|PF|PTS|player_id
mcadobo01|1|Bob McAdoo|26|79||3182|9.2|17.7|0.52|5.3|7.3|0.727|2.7|8.8|11.4|3.4|1.2|1.4|3.9|3.4|23.7|mcadobo01
monroea01|2|Earl Monroe|33|76||2369|8.4|17.1|0.495|3.7|4.4|0.8320000000000001|0.7|2.1|2.8|5.5|0.9|0.3|2.7|2.9|20.6|monroea01
sheltlo01|3|Lonnie Shelton|22|82||2319|7.9|15.3|0.514|3.2|4.3|0.736|3.2|5.8|9.0|3.0|1.7|1.7|3.5|5.4|18.9|sheltlo01
cleamji01|4|Jim Cleamons|28|79||2009|3.9|8.0|0.48|1.5|1.8|0.7859999999999999|1.2|2.6|3.8|5.1|1.2|0.3|2.0|2.5|9.2|cleamji01
beardbu01|5|Butch Beard|30|79||1979|5.6|11.2|0.502|2.3|2.9|0.8059999999999999|1.4|3.4|4.8|6.2|2.1|0.1|2.8|3.7|13.6|beardbu01
mcmilji01|6|Jim McMillian|29|81||1977|5.2|11.3|0.462|2.1|2.4|0.858|1.5|3.8|5.3|3.7|1.4|0.3|1.9|2.1|12.6|mcmilji01
haywosp01|7|Spencer Haywood|28|67||1765|8.4|17.4|0.484|2.0|2.8|0.711|2.9|6.1|9.0|2.6|0.8|1.5|2.9|3.8|18.8|haywosp01
willira01|8|Ray Williams|23|81||1550|7.1|16.0|0.44299999999999995|3.4|4.8|0.705|2.0|2.9|4.9|8.4|2.5|0.3|5.6|4.9|17.6|willira01
knighto01|9|Toby Knight|22|80||1169|6.8|14.3|0.47700000000000004|1.9|3.0|0.649|3.7|6.2|9.9|1.2|1.5|0.9|3.0|6.5|15.6|knighto01
gondrgl01|10|Glen Gondrezick|22|72||1017|4.6|12.0|0.386|2.9|4.3|0.6859999999999999|3.3|5.6|8.8|2.9|2.0|0.6|2.9|6.4|12.2|gondrgl01
jacksph01|11|Phil Jackson|32|63||654|3.0|6.3|0.478|2.4|3.1|0.768|1.6|4.5|6.1|2.5|1.7|0.8|2.6|5.8|8.4|jacksph01
burdeti01|12|Ticky Burden|24|2||15|2.4|4.8|0.5|0.0|0.0||0.0|0.0|0.0|2.4|2.4|0.0|0.0|2.4|4.8|burdeti01
