player_id|Rk|Unnamed: 1|Age|G|GS|MP|FG|FGA|FG%|3P|3PA|3P%|2P|2PA|2P%|FT|FTA|FT%|ORB|DRB|TRB|AST|STL|BLK|TOV|PF|PTS|Unnamed: 27|ORtg|DRtg|player_id
wilkido01|1|Dominique Wilkins|24|81|81|2961|11.6|24.3|0.479|0.0|0.2|0.0|11.6|24.1|0.48200000000000004|6.5|8.4|0.77|4.3|5.6|9.9|2.1|2.0|1.5|3.7|3.4|29.8||106|106|wilkido01
roundda01|2|Dan Roundfield|30|73|72|2610|9.7|20.0|0.485|0.0|0.2|0.0|9.7|19.8|0.49|7.2|9.4|0.77|4.0|9.9|13.9|3.5|1.2|1.4|4.0|4.3|26.6||108|105|roundda01
rollitr01|3|Tree Rollins|28|77|76|2351|5.9|11.3|0.518|0.0|0.0||5.9|11.3|0.518|2.5|4.1|0.621|4.3|8.4|12.7|1.3|0.7|5.9|2.2|6.4|14.3||108|103|rollitr01
davisjo01|4|Johnny Davis|28|75|72|2079|8.6|19.4|0.44299999999999995|0.0|0.2|0.0|8.6|19.2|0.447|5.3|6.2|0.848|1.3|2.1|3.4|7.9|1.5|0.1|3.2|3.5|22.4||106|111|davisjo01
riverdo01|5|Doc Rivers|22|81|47|1938|6.5|14.1|0.462|0.1|0.3|0.16699999999999998|6.4|13.7|0.469|6.6|8.4|0.785|1.9|3.8|5.7|8.2|3.3|0.8|4.5|7.4|19.7||106|105|riverdo01
johnsed02|6|Eddie Johnson|28|67|43|1893|9.4|21.2|0.442|0.4|1.1|0.37200000000000005|9.0|20.1|0.446|4.4|5.7|0.77|0.8|3.1|3.9|9.9|1.5|0.2|4.6|4.1|23.6||100|110|johnsed02
glennmi01|7|Mike Glenn|28|81|0|1503|10.5|18.6|0.563|0.0|0.1|0.5|10.4|18.5|0.563|1.9|2.3|0.8|0.6|2.9|3.5|5.7|1.5|0.2|2.1|4.9|22.8||116|110|glennmi01
hastisc01|8|Scott Hastings|23|68|8|1135|4.9|10.5|0.46799999999999997|0.0|0.2|0.25|4.9|10.3|0.47200000000000003|3.6|4.6|0.7879999999999999|4.3|7.7|12.0|2.0|1.8|1.6|2.9|9.8|13.5||105|105|hastisc01
wittmra01|9|Randy Wittman|24|78|1|1071|7.5|15.0|0.503|0.1|0.2|0.4|7.4|14.7|0.505|1.3|2.2|0.609|0.7|2.7|3.3|3.3|0.8|0.0|1.5|3.9|16.5||106|112|wittmra01
brownri01|10|Rickey Brown|25|68|3|785|6.0|12.9|0.46799999999999997|0.0|0.0||6.0|12.9|0.46799999999999997|3.1|4.2|0.738|4.3|7.3|11.6|1.9|1.2|1.5|3.4|10.3|15.1||99|106|brownri01
paultbi01|11|Billy Paultz|35|40|4|486|3.7|9.1|0.409|0.0|0.0||3.7|9.1|0.409|1.8|3.4|0.515|3.6|8.1|11.7|1.9|0.8|0.7|2.3|5.9|9.2||91|107|paultbi01
landsma01|12|Mark Landsberger|28|35|0|335|2.9|7.7|0.373|0.0|0.0||2.9|7.7|0.373|2.3|3.9|0.5770000000000001|6.3|11.6|17.9|1.5|0.9|0.5|3.2|4.8|8.0||90|105|landsma01
willisl01|13|Sly Williams|26|13|1|258|6.6|22.2|0.298|0.2|1.8|0.111|6.4|20.5|0.314|7.0|9.0|0.7829999999999999|3.7|6.1|9.8|3.1|2.7|0.2|3.5|6.4|20.5||87|105|willisl01
hillar01|14|Armond Hill|30|15|2|181|3.9|12.8|0.304|0.0|0.0||3.9|12.8|0.304|4.7|5.8|0.81|0.6|2.2|2.8|9.7|1.9|0.0|3.9|8.3|12.5||89|110|hillar01
crissch01|15|Charlie Criss|35|9|0|108|4.2|10.3|0.409|0.0|0.0||4.2|10.3|0.409|2.3|2.3|1.0|1.4|3.7|5.1|9.8|1.4|0.0|2.8|1.9|10.7||105|110|crissch01
matthwe01|16|Wes Matthews|24|6|0|96|8.4|15.7|0.5329999999999999|0.0|0.5|0.0|8.4|15.2|0.552|9.4|11.5|0.818|0.5|1.6|2.1|11.0|2.6|0.5|5.2|6.8|26.2||116|108|matthwe01
pinonjo01|17|John Pinone|22|7|0|65|5.4|10.1|0.5379999999999999|0.0|0.0||5.4|10.1|0.5379999999999999|4.6|7.7|0.6|0.0|7.7|7.7|2.3|1.5|0.8|3.9|8.5|15.5||94|106|pinonjo01
