player_id|Rk|Unnamed: 1|Age|G|GS|MP|FG|FGA|FG%|3P|3PA|3P%|2P|2PA|2P%|eFG%|FT|FTA|FT%|ORB|DRB|TRB|AST|STL|BLK|TOV|PF|PTS|player_id
wilkido01|1|Dominique Wilkins|24|81|81|2961|684|1429|0.479|0|11|0.0|684|1418|0.48200000000000004|0.479|382|496|0.77|254|328|582|126|117|87|215|197|1750|wilkido01
roundda01|2|Dan Roundfield|30|73|72|2610|503|1038|0.485|0|11|0.0|503|1027|0.49|0.485|374|486|0.77|206|515|721|184|61|74|205|221|1380|roundda01
rollitr01|3|Tree Rollins|28|77|76|2351|274|529|0.518|0|0||274|529|0.518|0.518|118|190|0.621|200|393|593|62|35|277|101|297|666|rollitr01
davisjo01|4|Johnny Davis|28|75|72|2079|354|800|0.44299999999999995|0|8|0.0|354|792|0.447|0.44299999999999995|217|256|0.848|53|86|139|326|62|6|134|146|925|davisjo01
riverdo01|5|Doc Rivers|22|81|47|1938|250|541|0.462|2|12|0.16699999999999998|248|529|0.469|0.46399999999999997|255|325|0.785|72|148|220|314|127|30|174|286|757|riverdo01
johnsed02|6|Eddie Johnson|28|67|43|1893|353|798|0.442|16|43|0.37200000000000005|337|755|0.446|0.452|164|213|0.77|31|115|146|374|58|7|173|155|886|johnsed02
glennmi01|7|Mike Glenn|28|81|0|1503|312|554|0.563|1|2|0.5|311|552|0.563|0.564|56|70|0.8|17|87|104|171|46|5|63|146|681|glennmi01
hastisc01|8|Scott Hastings|23|68|8|1135|111|237|0.46799999999999997|1|4|0.25|110|233|0.47200000000000003|0.47|82|104|0.7879999999999999|96|174|270|46|40|36|66|220|305|hastisc01
wittmra01|9|Randy Wittman|24|78|1|1071|160|318|0.503|2|5|0.4|158|313|0.505|0.506|28|46|0.609|14|57|71|71|17|0|32|82|350|wittmra01
brownri01|10|Rickey Brown|25|68|3|785|94|201|0.46799999999999997|0|0||94|201|0.46799999999999997|0.46799999999999997|48|65|0.738|67|114|181|29|18|23|53|161|236|brownri01
paultbi01|11|Billy Paultz|35|40|4|486|36|88|0.409|0|0||36|88|0.409|0.409|17|33|0.515|35|78|113|18|8|7|22|57|89|paultbi01
landsma01|12|Mark Landsberger|28|35|0|335|19|51|0.373|0|0||19|51|0.373|0.373|15|26|0.5770000000000001|42|77|119|10|6|3|21|32|53|landsma01
willisl01|13|Sly Williams|26|13|1|258|34|114|0.298|1|9|0.111|33|105|0.314|0.303|36|46|0.7829999999999999|19|31|50|16|14|1|18|33|105|willisl01
hillar01|14|Armond Hill|30|15|2|181|14|46|0.304|0|0||14|46|0.304|0.304|17|21|0.81|2|8|10|35|7|0|14|30|45|hillar01
crissch01|15|Charlie Criss|35|9|0|108|9|22|0.409|0|0||9|22|0.409|0.409|5|5|1.0|3|8|11|21|3|0|6|4|23|crissch01
matthwe01|16|Wes Matthews|24|6|0|96|16|30|0.5329999999999999|0|1|0.0|16|29|0.552|0.5329999999999999|18|22|0.818|1|3|4|21|5|1|10|13|50|matthwe01
pinonjo01|17|John Pinone|22|7|0|65|7|13|0.5379999999999999|0|0||7|13|0.5379999999999999|0.5379999999999999|6|10|0.6|0|10|10|3|2|1|5|11|20|pinonjo01
