player_id|Rk|Unnamed: 1|Age|G|GS|MP|FG|FGA|FG%|3P|3PA|3P%|2P|2PA|2P%|eFG%|FT|FTA|FT%|ORB|DRB|TRB|AST|STL|BLK|TOV|PF|PTS/G|player_id
johnsla02|1|Larry Johnson|23|82|82|40.5|8.9|16.9|0.526|0.2|0.9|0.254|8.7|16.0|0.54|0.532|4.1|5.3|0.767|3.4|7.1|10.5|4.3|0.6|0.3|2.8|2.3|22.1|johnsla02
gillke01|2|Kendall Gill|24|69|67|35.2|6.7|15.0|0.449|0.2|0.9|0.27399999999999997|6.5|14.1|0.46|0.457|3.2|4.2|0.772|1.7|3.2|4.9|3.9|1.4|0.5|2.5|2.8|16.9|gillke01
boguemu01|3|Muggsy Bogues|28|81|80|35.0|4.1|9.0|0.45299999999999996|0.1|0.3|0.231|4.0|8.7|0.462|0.45799999999999996|1.7|2.1|0.833|0.6|3.0|3.7|8.8|2.0|0.1|1.9|2.2|10.0|boguemu01
mournal01|4|Alonzo Mourning|22|78|78|33.9|7.3|14.3|0.511|0.0|0.0|0.0|7.3|14.3|0.513|0.511|6.3|8.1|0.7809999999999999|3.4|6.9|10.3|1.0|0.3|3.5|3.0|3.7|21.0|mournal01
curryde01|5|Dell Curry|28|80|0|26.2|6.2|13.8|0.452|1.2|3.0|0.401|5.0|10.8|0.466|0.495|1.7|2.0|0.866|0.6|2.9|3.6|2.3|1.1|0.3|1.6|1.9|15.3|curryde01
newmajo01|6|Johnny Newman|29|64|27|23.0|4.4|8.3|0.522|0.2|0.7|0.267|4.2|7.6|0.546|0.534|3.0|3.8|0.8079999999999999|1.1|1.1|2.2|1.8|0.7|0.3|1.4|2.4|11.9|newmajo01
wingada01|7|David Wingate|29|72|55|20.4|2.5|4.7|0.536|0.0|0.1|0.16699999999999998|2.5|4.6|0.542|0.537|1.1|1.5|0.738|0.7|1.7|2.4|2.5|0.9|0.1|1.2|1.9|6.1|wingada01
gattike01|8|Kenny Gattison|28|75|5|19.7|2.7|5.1|0.529|0.0|0.0|0.0|2.7|5.1|0.5329999999999999|0.529|1.4|2.3|0.604|1.4|3.3|4.7|0.9|0.6|0.7|0.9|3.2|6.8|gattike01
reidjr01|9|J.R. Reid|24|17|1|17.4|2.5|5.8|0.429|0.0|0.1|0.0|2.5|5.7|0.433|0.429|2.5|3.4|0.741|1.2|2.9|4.1|1.4|0.6|0.3|1.4|2.9|7.5|reidjr01
benneto01|10|Tony Bennett|23|75|2|11.4|1.5|3.5|0.423|0.3|1.1|0.325|1.1|2.4|0.467|0.473|0.4|0.5|0.732|0.2|0.7|0.8|1.8|0.4|0.0|0.7|1.5|3.7|benneto01
willilo01|11|Lorenzo Williams|23|2|0|9.0|0.5|1.5|0.33299999999999996|0.0|0.0||0.5|1.5|0.33299999999999996|0.33299999999999996|0.0|0.0||1.5|3.0|4.5|0.0|0.0|1.0|1.0|2.0|1.0|willilo01
lynchke01|12|Kevin Lynch|24|40|8|8.1|0.8|1.5|0.508|0.0|0.0|0.0|0.8|1.5|0.517|0.508|0.7|1.0|0.684|0.3|0.6|0.9|0.6|0.3|0.2|0.6|1.1|2.2|lynchke01
hammoto01|13|Tom Hammonds|25|19|5|7.5|1.0|2.4|0.42200000000000004|0.0|0.0||1.0|2.4|0.42200000000000004|0.42200000000000004|0.3|0.4|0.625|0.3|1.4|1.6|0.4|0.0|0.2|0.2|1.1|2.3|hammoto01
gminsmi01|14|Mike Gminski|33|34|0|7.4|1.2|2.4|0.506|0.0|0.0||1.2|2.4|0.506|0.506|0.3|0.3|0.9|1.0|1.5|2.5|0.2|0.0|0.3|0.3|0.8|2.7|gminsmi01
greensi02|15|Sidney Green|32|24|0|5.3|0.6|1.7|0.35|0.0|0.1|0.0|0.6|1.6|0.368|0.35|0.5|0.7|0.75|0.6|1.4|2.0|0.2|0.0|0.1|0.3|0.7|1.7|greensi02
