player_id|Rk|Unnamed: 1|Age|G|GS|MP|FG|FGA|FG%|FT|FTA|FT%|TRB|AST|PF|PTS|player_id
costela01|1|Larry Costello|27|70||2750|5.4|12.4|0.43700000000000006|3.7|4.6|0.802|4.8|5.0|3.4|14.5|costela01
kerrre01|2|Red Kerr|26|72||2671|6.8|15.4|0.441|3.8|4.9|0.7659999999999999|13.6|1.9|2.5|17.3|kerrre01
schaydo01|3|Dolph Schayes|30|72||2645|6.9|17.7|0.387|7.2|8.3|0.8640000000000001|13.1|2.4|3.8|20.9|schaydo01
biancal01|4|Al Bianchi|26|72||1779|5.8|15.3|0.377|3.0|4.2|0.723|4.0|3.2|5.3|14.5|biancal01
greerha01|5|Hal Greer|22|68||1625|6.8|15.0|0.45399999999999996|3.0|3.9|0.778|4.3|2.2|4.2|16.7|greerha01
conlied01|6|Ed Conlin|25|57||1601|5.9|16.1|0.365|3.5|4.7|0.7390000000000001|6.8|2.6|3.5|15.2|conlied01
hopkibo01|7|Bob Hopkins|24|67||1518|5.8|14.5|0.40299999999999997|4.2|5.5|0.752|10.3|1.6|4.3|15.8|hopkibo01
palazto01|8|Togo Palazzi|26|71||1053|8.2|20.9|0.392|3.9|5.4|0.728|9.1|2.3|5.9|20.3|palazto01
dierkco01|9|Connie Dierking|22|64||726|5.2|14.4|0.36200000000000004|4.1|6.9|0.593|11.6|1.7|7.3|14.5|dierkco01
yardlge01|10|George Yardley|30|15||420|8.2|17.1|0.48200000000000004|5.1|7.8|0.648|8.9|2.1|3.2|21.5|yardlge01
dempsge01|11|George Dempsey|29|34||410|4.9|12.3|0.4|5.1|6.4|0.795|8.8|3.2|5.6|14.9|dempsge01
seymopa01|12|Paul Seymour|31|21||266|4.3|13.3|0.327|3.5|3.9|0.897|5.3|4.9|3.4|12.2|seymopa01
kearnto01|13|Tommy Kearns|22|1||7|5.1|5.1|1.0|0.0|0.0||0.0|0.0|5.1|10.3|kearnto01
