player_id|Rk|Unnamed: 1|Age|G|GS|MP|FG|FGA|FG%|3P|3PA|3P%|2P|2PA|2P%|eFG%|FT|FTA|FT%|ORB|DRB|TRB|AST|STL|BLK|TOV|PF|PTS|player_id
cartevi01|1|Vince Carter|30|82|82|3126|726|1598|0.45399999999999996|156|437|0.35700000000000004|570|1161|0.491|0.503|462|576|0.802|114|378|492|393|82|30|217|266|2070|cartevi01
kiddja01|2|Jason Kidd|33|80|80|2933|369|908|0.406|124|361|0.34299999999999997|245|547|0.44799999999999995|0.475|179|230|0.778|135|520|655|736|127|23|213|146|1041|kiddja01
mooremi01|3|Mikki Moore|31|79|55|2082|308|506|0.609|0|1|0.0|308|505|0.61|0.609|160|235|0.6809999999999999|145|258|403|74|46|60|113|261|776|mooremi01
jefferi01|4|Richard Jefferson|26|55|53|1956|303|665|0.456|52|145|0.359|251|520|0.483|0.495|239|326|0.733|48|192|240|148|34|8|120|123|897|jefferi01
collija04|5|Jason Collins|28|80|78|1844|55|151|0.364|0|2|0.0|55|149|0.369|0.364|59|127|0.465|90|226|316|46|40|38|73|273|169|collija04
nachbbo01|6|Boštjan Nachbar|26|76|1|1532|226|495|0.457|112|265|0.423|114|230|0.496|0.57|132|164|0.805|27|226|253|61|30|26|69|183|696|nachbbo01
willima03|7|Marcus Williams|21|79|2|1315|208|526|0.395|46|163|0.282|162|363|0.446|0.439|72|85|0.847|29|134|163|260|29|2|142|96|534|willima03
wrighan01|8|Antoine Wright|22|63|23|1137|110|251|0.43799999999999994|19|59|0.322|91|192|0.474|0.47600000000000003|44|73|0.603|38|137|175|55|30|10|43|120|283|wrighan01
robincl02|9|Clifford Robinson|40|50|1|955|81|218|0.37200000000000005|25|66|0.379|56|152|0.368|0.429|16|36|0.444|31|91|122|51|12|23|30|98|203|robincl02
houseed01|10|Eddie House|28|56|1|946|180|421|0.428|75|175|0.429|105|246|0.42700000000000005|0.517|33|36|0.917|14|78|92|67|27|3|27|69|468|houseed01
krstine01|11|Nenad Krstić|23|26|26|848|170|323|0.526|0|1|0.0|170|322|0.528|0.526|86|121|0.711|51|125|176|46|10|24|52|88|426|krstine01
boonejo01|12|Josh Boone|22|61|0|669|99|171|0.579|0|0||99|171|0.579|0.579|56|103|0.544|64|112|176|10|11|21|33|94|254|boonejo01
adamsha01|13|Hassan Adams|22|61|8|495|75|135|0.556|0|1|0.0|75|134|0.56|0.556|24|36|0.667|35|42|77|13|17|4|22|47|174|adamsha01
robinbe01|14|Bernard Robinson|26|10|0|37|3|8|0.375|0|0||3|8|0.375|0.375|4|5|0.8|1|5|6|2|4|1|0|4|10|robinbe01
ilicmi01|15|Mile Ilić|22|5|0|6|0|3|0.0|0|0||0|3|0.0|0.0|0|0||0|1|1|0|0|0|3|1|0|ilicmi01
