|Season|Age|Tm|Lg|Pos|G|MP|PER|TS%|3PAr|FTr|ORB%|DRB%|TRB%|AST%|STL%|BLK%|TOV%|USG%|OWS|DWS|WS|WS/48|OBPM|DBPM|BPM|VORP
0|2007-08|20.0|NYK|NBA|SF|35.0|685.0|11.7|0.48|0.124|0.223|6.1|15.3|10.6|8.1|1.1|1.8|9.2|19.2|0.2|0.4|0.5|0.038|-2.6|-0.9|-3.5|-0.3
1|2008-09|21.0|NYK|NBA|SF|82.0|2735.0|12.9|0.515|0.298|0.204|3.5|14.7|8.9|9.9|1.3|2.0|10.8|20.5|1.0|2.1|3.1|0.054000000000000006|-1.2|0.3|-0.9|0.8
2|2009-10|22.0|NYK|NBA|SG|65.0|2320.0|13.7|0.534|0.174|0.18600000000000003|4.5|12.7|8.5|9.8|1.0|1.6|10.4|20.2|1.8|0.9|2.7|0.057|-1.0|-0.8|-1.8|0.1
4|2010-11|23.0|NYK|NBA|SF|51.0|1759.0|15.7|0.5479999999999999|0.344|0.16699999999999998|4.0|15.8|9.8|8.1|1.0|2.9|8.1|21.0|2.3|1.2|3.4|0.094|0.7|-0.8|-0.2|0.8
5|2010-11|23.0|DEN|NBA|SF|21.0|642.0|11.6|0.505|0.311|0.174|2.4|16.1|9.4|8.3|1.1|2.8|12.5|20.6|-0.2|0.7|0.5|0.037000000000000005|-2.1|0.5|-1.6|0.1
6|2011-12|24.0|DEN|NBA|SF|8.0|215.0|9.0|0.445|0.152|0.152|3.4|18.4|11.1|12.0|1.4|2.2|17.6|21.2|-0.3|0.2|-0.1|-0.021|-4.5|0.5|-4.0|-0.1
7|2012-13|25.0|DEN|NBA|PF|43.0|1079.0|16.6|0.556|0.27699999999999997|0.244|4.8|17.6|11.3|8.3|2.1|0.9|10.6|22.7|1.8|1.3|3.1|0.13699999999999998|1.2|-0.5|0.7|0.7
8|2013-14|26.0|DEN|NBA|SF|62.0|1927.0|12.4|0.526|0.47600000000000003|0.20600000000000002|3.2|13.3|8.2|9.3|1.2|1.2|8.9|19.5|1.8|1.2|3.1|0.076|0.7|-0.6|0.2|1.1
9|2014-15|27.0|DEN|NBA|SF|78.0|2471.0|13.2|0.523|0.41600000000000004|0.146|4.1|17.2|10.4|8.9|1.2|0.9|9.6|20.1|2.1|1.5|3.6|0.071|0.5|-0.4|0.2|1.3
10|2016-17|29.0|DEN|NBA|SF|71.0|2197.0|14.9|0.545|0.34700000000000003|0.207|5.2|17.8|11.6|9.8|1.1|1.1|10.0|22.0|2.4|1.1|3.5|0.077|0.5|-1.4|-0.9|0.6
11|2017-18|30.0|DEN|NBA|SF|74.0|2346.0|10.9|0.542|0.39|0.18100000000000002|4.9|14.1|9.6|9.4|0.9|1.4|11.9|14.3|2.1|1.2|3.3|0.067|-0.5|-0.4|-0.9|0.6
13|2018-19|31.0|PHI|NBA|PF|36.0|951.0|9.1|0.561|0.57|0.087|5.0|13.4|9.4|9.9|1.1|1.5|15.4|11.2|0.6|0.9|1.5|0.07400000000000001|-0.8|0.6|-0.1|0.4
14|2018-19|31.0|LAC|NBA|SF|15.0|226.0|5.8|0.46299999999999997|0.606|0.106|1.9|19.5|11.0|5.9|0.6|1.1|9.2|14.2|-0.1|0.2|0.0|0.009000000000000001|-3.5|-1.3|-4.8|-0.2
