|Season|Age|Tm|Lg|Pos|G|MP|PER|TS%|3PAr|FTr|ORB%|DRB%|TRB%|AST%|STL%|BLK%|TOV%|USG%|OWS|DWS|WS|WS/48|OBPM|DBPM|BPM|VORP
0|1979-80|22.0|POR|NBA|SG|3.0|44.0|11.8|0.429|0.0|0.375|0.0|10.7|5.2|9.3|2.3|1.3|9.7|20.1|0.0|0.0|0.0|0.027000000000000003|-3.6|0.6|-3.0|0.0
1|1980-81|23.0|POR|NBA|SG|1.0|4.0|-24.9|0.0|0.0|0.0|0.0|0.0|0.0|0.0|0.0|0.0|0.0|32.1|-0.1|0.0|-0.1|-0.725|-23.9|-9.0|-32.9|0.0
2|1982-83|25.0|POR|NBA|SG|7.0|260.0|19.0|0.624|0.034|0.284|1.7|4.8|3.2|11.4|1.7|0.2|10.3|23.6|0.6|0.1|0.8|0.142|3.8|-0.5|3.3|0.3
3|1983-84|26.0|POR|NBA|SG|5.0|172.0|20.5|0.596|0.064|0.513|6.7|6.4|6.6|11.5|0.6|0.0|8.6|25.5|0.6|0.0|0.6|0.154|4.5|-3.5|1.0|0.1
4|1984-85|27.0|POR|NBA|SG|9.0|212.0|15.0|0.52|0.099|0.23800000000000002|2.9|7.5|5.1|13.4|1.3|0.0|4.3|21.4|0.4|0.0|0.4|0.084|0.8|-2.4|-1.6|0.0
5|1985-86|28.0|POR|NBA|SG|4.0|71.0|13.1|0.48200000000000004|0.162|0.405|1.6|4.1|3.0|29.8|2.0|0.0|12.1|27.8|0.0|0.0|0.0|0.032|-0.5|-4.2|-4.7|0.0
6|1986-87|29.0|POR|NBA|SG|4.0|94.0|12.2|0.473|0.063|0.281|4.8|6.1|5.4|19.7|2.6|0.0|10.0|17.4|0.1|0.1|0.1|0.062|0.0|-0.7|-0.8|0.0
7|1987-88|30.0|BOS|NBA|SG|15.0|188.0|2.2|0.369|0.034|0.33899999999999997|0.7|5.1|2.9|8.5|1.7|0.7|15.0|19.2|-0.5|0.2|-0.3|-0.08900000000000001|-8.5|-0.6|-9.1|-0.3
8|1989-90|32.0|BOS|NBA|PG|5.0|62.0|11.6|0.535|0.063|0.25|0.0|0.0|0.0|13.8|3.9|0.0|14.5|14.1|0.0|0.0|0.0|0.021|-2.0|-3.8|-5.8|-0.1
