|Season|Age|Tm|Lg|MP|FG|FGA|3P|3PA|2P|2PA|FT|FTA|ORB|DRB|TRB|AST|STL|BLK|TOV|PF|PTS|GmSc
0|1985-86|22.0|SEA|NBA||16|26|1|1|16|26|12|12|12|10|17|7|5|4|6|6|36|34.3
1|1986-87|23.0|SEA|NBA||17|28|1|1|17|28|12|16|9|12|17|7|5|5|8|6|40|32.9
2|1987-88|24.0|SEA|NBA||16|27|2|3|16|27|11|16|10|9|19|8|6|3|7|6|41|42.5
3|1988-89|25.0|SEA|NBA||17|28|3|3|17|28|13|16|7|9|13|6|5|4|7|5|39|34.7
4|1989-90|26.0|SEA|NBA||17|29|1|3|17|28|13|20|9|11|15|8|5|3|8|6|37|32.9
6|1990-91|27.0|SEA|NBA||18|36|0|3|18|33|9|12|7|6|10|7|6|1|5|5|41|25.2
7|1990-91|27.0|PHO|NBA||16|27|0|1|16|27|7|8|6|11|16|6|5|3|8|6|34|27.2
8|1991-92|28.0|NYK|NBA||16|27|2|3|16|26|7|10|8|11|14|6|3|3|8|6|37|36.6
9|1992-93|29.0|BOS|NBA||12|21|2|2|12|21|12|14|8|10|14|6|4|3|5|6|30|24.9
10|1993-94|30.0|BOS|NBA||12|21|1|3|12|21|7|12|9|7|11|5|3|2|5|5|26|22.3
11|1994-95|31.0|BOS|NBA||11|18|1|2|11|16|6|6|7|9|12|7|3|3|4|5|23|20.5
12|1996-97|33.0|NJN|NBA||7|12|2|3|7|11|5|6|7|10|15|5|3|3|3|5|15|17.1
13|1997-98|34.0|NJN|NBA||2|4|0|0|2|4|3|4|3|3|5|4|1|1|2|5|7|5.1
