|Season|Age|Tm|Lg|MP|FG|FGA|3P|3PA|2P|2PA|FT|FTA|ORB|DRB|TRB|AST|STL|BLK|TOV|PF|PTS|GmSc
0|2006-07|22.0|UTA|NBA|45:04|13|23|4|7|11|18|7|9|2|9|9|14|5|1|7|5|34|29.9
1|2007-08|23.0|UTA|NBA|45:42|9|21|6|9|7|13|8|8|5|5|9|14|2|2|5|5|29|31.3
2|2008-09|24.0|UTA|NBA|45:42|12|23|6|11|6|12|9|12|2|5|5|17|4|2|7|4|35|28.4
3|2009-10|25.0|UTA|NBA|44:40|10|20|5|8|7|12|16|18|2|4|4|14|3|2|7|6|34|28.7
4|2012-13|28.0|BRK|NBA|57:54|11|25|5|11|7|14|9|10|1|6|6|11|3|2|7|4|32|21.0
5|2013-14|29.0|BRK|NBA|39:40|8|20|4|10|6|14|7|10|2|6|7|11|4|1|5|5|24|19.1
6|2014-15|30.0|BRK|NBA|45:48|13|25|7|11|6|14|2|3|2|9|10|8|3|0|4|5|35|28.1
7|2015-16|31.0|DAL|NBA|26:09|5|9|3|5|2|7|0|0|0|1|1|5|1|0|4|4|13|8.7
9|2016-17|32.0|CLE|NBA|22:23|5|6|3|4|3|4|4|5|1|4|4|6|2|1|3|4|14|12.5
