|Season|Age|Tm|Lg|Pos|G|MP|FG%|Dist.|% of 2PA|% of 0-3|% of 3-10|% of 10-16|% of 16-3pt|% of 3P|2P %FG|0-3 %FG|3-10 %FG|10-16 %FG|16-3pt%FG|3P %FG|2P % Assisted|% of Dunks|Dunks Made|3P % Assisted|% of 3PA from Corner|Corner 3 %FG |Heaves Attempted|Heaves Made
0|2006-07|22.0|UTA|NBA|PG|17.0|657.0|0.452|13.5|0.789|0.263|0.126|0.09300000000000001|0.307|0.21100000000000002|0.484|0.493|0.47100000000000003|0.56|0.45799999999999996|0.33299999999999996|0.204|0.006999999999999999|2.0|0.895|0.07|0.5|2.0|0.0
1|2007-08|23.0|UTA|NBA|PG|12.0|513.0|0.49200000000000005|12.9|0.6940000000000001|0.38299999999999995|0.055|0.066|0.191|0.306|0.488|0.586|0.5|0.33299999999999996|0.34299999999999997|0.5|0.21|0.022000000000000002|3.0|0.429|0.054000000000000006|0.667|0.0|0.0
2|2008-09|24.0|UTA|NBA|PG|5.0|211.0|0.414|14.2|0.643|0.32899999999999996|0.043|0.071|0.2|0.35700000000000004|0.444|0.522|0.33299999999999996|0.6|0.28600000000000003|0.36|0.4|0.028999999999999998|2.0|0.667|0.04|0.0|0.0|0.0
3|2009-10|25.0|UTA|NBA|PG|10.0|398.0|0.45|14.0|0.6579999999999999|0.322|0.087|0.07400000000000001|0.174|0.342|0.48|0.521|0.6920000000000001|0.273|0.385|0.392|0.255|0.0|0.0|0.65|0.098|0.2|2.0|0.0
4|2012-13|28.0|BRK|NBA|PG|7.0|292.0|0.425|15.9|0.594|0.20800000000000002|0.113|0.10400000000000001|0.17|0.406|0.444|0.591|0.583|0.273|0.278|0.395|0.14300000000000002|0.027999999999999997|3.0|0.588|0.07|0.667|0.0|0.0
5|2013-14|29.0|BRK|NBA|PG|12.0|428.0|0.395|14.5|0.6509999999999999|0.25|0.16399999999999998|0.059000000000000004|0.184|0.349|0.424|0.447|0.52|0.444|0.321|0.34|0.262|0.006999999999999999|1.0|0.611|0.17|0.33299999999999996|0.0|0.0
6|2014-15|30.0|BRK|NBA|PG|6.0|192.0|0.391|15.8|0.623|0.261|0.087|0.013999999999999999|0.261|0.377|0.37200000000000005|0.444|0.33299999999999996|0.0|0.33299999999999996|0.423|0.313|0.0|0.0|0.818|0.308|0.5|0.0|0.0
7|2015-16|31.0|DAL|NBA|PG|3.0|49.0|0.33299999999999996|14.2|0.611|0.278|0.16699999999999998|0.0|0.16699999999999998|0.389|0.273|0.2|0.33299999999999996||0.33299999999999996|0.429|0.33299999999999996|0.0|0.0|0.0|0.14300000000000002|0.0|0.0|0.0
8|2016-17|32.0|CLE|NBA|PG|18.0|262.0|0.43799999999999994|17.4|0.516|0.172|0.094|0.063|0.188|0.484|0.485|0.818|0.16699999999999998|0.0|0.5|0.387|0.43799999999999994|0.0|0.0|0.667|0.19399999999999998|0.5|0.0|0.0
