|Season|Age|Tm|Lg|Pos|G|GS|MP|FG|FGA|FG%|FT|FTA|FT%|TRB|AST|PF|PTS
0|1958-59|23.0|DET|NBA|PF|31.0||271.0|43.0|126.0|0.341|23.0|29.0|0.7929999999999999|88.0|12.0|30.0|109.0
2|1959-60|24.0|DET|NBA||7.0||116.0|22.0|60.0|0.36700000000000005|4.0|10.0|0.4|48.0|6.0|19.0|48.0
3|1959-60|24.0|SYR|NBA|SF|50.0||599.0|87.0|230.0|0.37799999999999995|40.0|57.0|0.7020000000000001|177.0|33.0|74.0|214.0
4|1960-61|25.0|SYR|NBA|SF|75.0||1642.0|266.0|574.0|0.46299999999999997|73.0|108.0|0.6759999999999999|469.0|85.0|246.0|605.0
6|1961-62|26.0|CHP|NBA|SF|15.0||498.0|82.0|217.0|0.37799999999999995|42.0|59.0|0.7120000000000001|83.0|31.0|55.0|206.0
7|1961-62|26.0|STL|NBA|SF|52.0||1363.0|223.0|532.0|0.419|76.0|122.0|0.623|480.0|84.0|156.0|522.0
9|1962-63|27.0|STL|NBA|SF|42.0||662.0|107.0|216.0|0.495|41.0|63.0|0.6509999999999999|129.0|42.0|86.0|255.0
10|1962-63|27.0|CHZ|NBA|SF|19.0||541.0|66.0|164.0|0.402|21.0|33.0|0.636|109.0|41.0|49.0|153.0
11|1963-64|28.0|BAL|NBA|SF|71.0||1125.0|116.0|290.0|0.4|28.0|42.0|0.667|301.0|47.0|166.0|260.0
