|Season|Age|Tm|Lg|Pos|G|MP|PG%|SG%|SF%|PF%|C%|OnCourt|On-Off|BadPass|LostBall|Shoot|Off.|Shoot.1|Off..1|PGA|And1|Blkd
0|2003-04|19.0|DEN|NBA|SF|82.0|2995.0|0|4|88|8|0|0.8|-0.8|66.0|68.0|67.0|51.0|213.0|0.0|490.0|40.0|138.0
1|2004-05|20.0|DEN|NBA|SF|75.0|2608.0|0|3|86|12|0|2.7|1.8|65.0|60.0|85.0|58.0|203.0|0.0|402.0|40.0|120.0
2|2005-06|21.0|DEN|NBA|SF|80.0|2941.0|0|0|86|14|0|0.4|0.6|61.0|59.0|95.0|47.0|285.0|13.0|475.0|66.0|120.0
3|2006-07|22.0|DEN|NBA|SF|65.0|2486.0|0|15|81|5|0|2.0|0.3|71.0|63.0|58.0|53.0|209.0|12.0|544.0|52.0|104.0
4|2007-08|23.0|DEN|NBA|SF|77.0|2806.0|0|16|82|2|0|2.6|-3.3|68.0|63.0|77.0|55.0|224.0|12.0|567.0|43.0|94.0
5|2008-09|24.0|DEN|NBA|SF|66.0|2277.0|0|3|95|2|0|6.8|7.5|70.0|59.0|67.0|39.0|196.0|10.0|480.0|38.0|82.0
6|2009-10|25.0|DEN|NBA|SF|69.0|2634.0|0|0|83|17|0|5.3|3.4|60.0|61.0|83.0|49.0|256.0|16.0|504.0|59.0|109.0
8|2010-11|26.0|DEN|NBA|SF|50.0|1774.0|0|0|77|23|0|4.4|-1.2|46.0|37.0|52.0|32.0|185.0|9.0|334.0|39.0|87.0
9|2010-11|26.0|NYK|NBA|SF|27.0|977.0|0|2|87|11|0|1.7|0.8|22.0|15.0|33.0|18.0|85.0|3.0|183.0|26.0|21.0
10|2011-12|27.0|NYK|NBA|SF|55.0|1876.0|0|1|73|26|0|2.5|-2.0|58.0|37.0|65.0|29.0|149.0|7.0|463.0|28.0|72.0
11|2012-13|28.0|NYK|NBA|PF|67.0|2482.0|0|0|18|78|3|5.7|3.4|55.0|59.0|79.0|35.0|208.0|15.0|442.0|39.0|88.0
12|2013-14|29.0|NYK|NBA|PF|77.0|2982.0|0|0|38|62|1|1.2|9.0|72.0|52.0|90.0|40.0|203.0|11.0|588.0|41.0|71.0
13|2014-15|30.0|NYK|NBA|SF|40.0|1428.0|0|0|79|21|0|-4.1|9.4|36.0|20.0|26.0|19.0|95.0|3.0|284.0|23.0|36.0
14|2015-16|31.0|NYK|NBA|SF|72.0|2530.0|0|2|91|8|0|-0.8|5.7|68.0|53.0|73.0|30.0|154.0|6.0|704.0|25.0|76.0
15|2016-17|32.0|NYK|NBA|SF|74.0|2538.0|0|0|69|31|0|-4.7|-2.3|69.0|42.0|87.0|26.0|155.0|5.0|496.0|30.0|37.0
16|2017-18|33.0|OKC|NBA|PF|78.0|2501.0|0|0|0|90|10|5.0|4.8|32.0|21.0|89.0|20.0|80.0|8.0|262.0|13.0|55.0
17|2018-19|34.0|HOU|NBA|PF|10.0|294.0|0|0|0|81|19|-11.7|-18.1|2.0|1.0|11.0|4.0|5.0|5.0|13.0|1.0|4.0
