|Season|Age|Tm|Lg|Pos|G|GS|MP|FG|FGA|FG%|3P|3PA|3P%|2P|2PA|2P%|FT|FTA|FT%|ORB|DRB|TRB|AST|STL|BLK|TOV|PF|PTS
0|1974-75|21.0|SSL|ABA|SF|84.0||2702.0|7.4|16.3|0.45399999999999996|0.0|0.1|0.16699999999999998|7.4|16.2|0.456|2.7|3.7|0.738|3.8|5.0|8.7|2.5|0.8|1.5|2.8|3.7|17.5
2|1975-76|22.0|SSL|ABA|SF|22.0||542.0|6.1|16.1|0.38|0.1|0.1|0.5|6.0|15.9|0.379|4.3|5.3|0.8|3.1|5.9|9.0|1.7|1.2|1.2|3.0|4.6|16.5
3|1975-76|22.0|DNA|ABA|SF|60.0||1185.0|7.3|16.8|0.434|0.1|0.2|0.429|7.2|16.6|0.434|3.4|4.8|0.703|2.9|6.3|9.1|3.7|1.5|1.6|4.3|5.1|18.0
5|1976-77|23.0|DEN|NBA|SF|24.0||456.0|8.0|16.6|0.48100000000000004||||8.0|16.6|0.48100000000000004|3.0|4.4|0.679|3.0|4.9|7.9|3.9|1.7|2.4||5.8|18.9
6|1976-77|23.0|BUF|NBA|SF|41.0||592.0|6.1|14.8|0.41||||6.1|14.8|0.41|2.4|3.7|0.6559999999999999|3.1|4.0|7.1|2.6|1.4|1.9||5.5|14.6
8|1977-78|24.0|BUF|NBA|SF|10.0||85.0|6.8|16.9|0.4||||6.8|16.9|0.4|4.7|6.4|0.733|2.5|3.4|5.9|3.8|0.8|1.3|3.0|5.5|18.2
9|1977-78|24.0|DET|NBA|SF|47.0||805.0|6.9|15.9|0.434||||6.9|15.9|0.434|2.9|4.2|0.688|2.2|4.3|6.5|2.0|1.5|1.0|2.4|4.3|16.6
11|1978-79|25.0|DET|NBA|SF|2.0||6.0|6.0|18.0|0.33299999999999996||||6.0|18.0|0.33299999999999996|6.0|12.0|0.5|6.0|0.0|6.0|0.0|12.0|0.0|0.0|0.0|18.0
12|1978-79|25.0|KCK|NBA|SF|56.0||459.0|6.5|15.0|0.435||||6.5|15.0|0.435|3.8|7.0|0.551|3.1|4.5|7.6|1.6|1.4|1.0|2.8|5.8|16.9
13|1979-80|26.0|KCK|NBA|SF|73.0||869.0|6.6|14.4|0.457|0.0|0.1|0.33299999999999996|6.5|14.3|0.45799999999999996|2.7|4.1|0.66|3.2|4.1|7.3|1.8|1.7|1.1|2.0|4.0|15.9
15|1980-81|27.0|KCK|NBA|SF|16.0||123.0|5.6|14.9|0.373|0.0|0.9|0.0|5.6|14.0|0.396|5.6|8.5|0.655|3.8|4.7|8.5|1.8|0.9|1.8|2.0|7.0|16.7
16|1980-81|27.0|SAS|NBA|SF|11.0||129.0|6.1|16.7|0.36700000000000005|0.0|0.3|0.0|6.1|16.5|0.373|2.2|3.1|0.727|4.7|5.9|10.6|2.5|2.0|0.8|2.2|4.7|14.5
