|Season|Age|Tm|Lg|Pos|G|GS|MP|FG|FGA|FG%|3P|3PA|3P%|2P|2PA|2P%|eFG%|FT|FTA|FT%|ORB|DRB|TRB|AST|STL|BLK|TOV|PF|PTS
0|1998-99|22.0|DEN|NBA|C|12.0|12.0|387.0|59.0|129.0|0.457|12.0|31.0|0.387|47.0|98.0|0.48|0.504|36.0|48.0|0.75|33.0|58.0|91.0|8.0|9.0|17.0|9.0|38.0|166.0
1|1999-00|23.0|DEN|NBA|C|81.0|80.0|2435.0|392.0|879.0|0.446|60.0|183.0|0.32799999999999996|332.0|696.0|0.47700000000000004|0.48|162.0|236.0|0.6859999999999999|170.0|471.0|641.0|97.0|42.0|180.0|96.0|292.0|1006.0
2|2000-01|24.0|DEN|NBA|C|78.0|74.0|2457.0|387.0|812.0|0.47700000000000004|51.0|139.0|0.36700000000000005|336.0|673.0|0.499|0.508|183.0|262.0|0.698|173.0|434.0|607.0|107.0|37.0|206.0|97.0|290.0|1008.0
4|2001-02|25.0|DEN|NBA|C|51.0|51.0|1668.0|307.0|659.0|0.466|75.0|173.0|0.434|232.0|486.0|0.47700000000000004|0.523|70.0|105.0|0.667|117.0|262.0|379.0|60.0|31.0|153.0|60.0|173.0|759.0
5|2001-02|25.0|DAL|NBA|C|27.0|25.0|787.0|114.0|261.0|0.43700000000000006|29.0|95.0|0.305|85.0|166.0|0.512|0.49200000000000005|35.0|46.0|0.7609999999999999|59.0|141.0|200.0|29.0|24.0|60.0|34.0|108.0|292.0
6|2002-03|26.0|DAL|NBA|C|69.0|43.0|1611.0|266.0|514.0|0.518|47.0|116.0|0.405|219.0|398.0|0.55|0.563|60.0|88.0|0.682|125.0|205.0|330.0|54.0|35.0|91.0|46.0|264.0|639.0
7|2003-04|27.0|BOS|NBA|C|17.0|1.0|328.0|57.0|124.0|0.46|8.0|40.0|0.2|49.0|84.0|0.583|0.49200000000000005|10.0|13.0|0.769|30.0|49.0|79.0|24.0|8.0|13.0|11.0|47.0|132.0
8|2004-05|28.0|BOS|NBA|PF|80.0|80.0|2196.0|341.0|688.0|0.496|82.0|225.0|0.364|259.0|463.0|0.5589999999999999|0.555|120.0|148.0|0.8109999999999999|154.0|399.0|553.0|98.0|42.0|99.0|70.0|262.0|884.0
9|2005-06|29.0|BOS|NBA|PF|82.0|63.0|2033.0|238.0|552.0|0.431|112.0|286.0|0.392|126.0|266.0|0.474|0.5329999999999999|51.0|75.0|0.68|80.0|326.0|406.0|115.0|29.0|72.0|65.0|273.0|639.0
10|2006-07|30.0|POR|NBA|PF|27.0|9.0|352.0|39.0|102.0|0.382|2.0|23.0|0.087|37.0|79.0|0.46799999999999997|0.392|20.0|26.0|0.769|25.0|45.0|70.0|8.0|7.0|11.0|13.0|57.0|100.0
11|2007-08|31.0|POR|NBA|C|39.0|0.0|291.0|27.0|61.0|0.44299999999999995|0.0|4.0|0.0|27.0|57.0|0.474|0.44299999999999995|11.0|19.0|0.579|28.0|39.0|67.0|6.0|12.0|17.0|10.0|59.0|65.0
