|Season|Age|Tm|Lg|MP|FG|FGA|3P|3PA|2P|2PA|FT|FTA|ORB|DRB|TRB|AST|STL|BLK|TOV|PF|PTS|GmSc
0|2003-04|18.0|DET|NBA||3|7|0|1|3|7|6|8|3|4|6|2|1|2|2|5|6|5.7
1|2004-05|19.0|DET|NBA||7|11|0|0|7|11|5|6|1|6|6|2|1|3|4|4|16|12.7
3|2005-06|20.0|DET|NBA|15:53|3|4|0|1|3|4|2|4|2|3|3|3|1|3|2|4|6|7.1
4|2005-06|20.0|ORL|NBA|31:40|6|12|0|0|6|12|4|6|4|7|10|3|2|5|4|6|14|14.6
5|2006-07|21.0|ORL|NBA|38:14|7|12|0|1|7|12|9|12|7|9|16|5|3|5|5|6|21|22.6
6|2007-08|22.0|MEM|NBA|43:39|10|15|0|1|10|15|7|8|7|10|16|4|3|5|5|6|21|20.3
7|2008-09|23.0|MEM|NBA|35:02|6|11|0|0|6|11|4|11|6|9|11|3|3|5|3|5|15|16.9
9|2009-10|24.0|NYK|NBA|16:55|3|6|0|0|3|6|0|0|2|6|7|3|3|1|1|2|6|9.6
10|2009-10|24.0|MIN|NBA|39:00|8|17|0|1|8|17|3|5|5|9|12|5|2|4|4|6|16|18.4
11|2010-11|25.0|MIN|NBA|39:53|12|19|0|0|12|19|5|6|6|10|16|5|3|7|7|6|25|27.7
12|2011-12|26.0|MIN|NBA|34:21|10|15|0|0|10|15|4|6|5|8|9|5|2|7|5|6|22|15.8
13|2012-13|27.0|BOS|NBA|4:30|0|1|0|0|0|1|0|0|0|1|1|0|0|0|2|1|0|-2.8
