|Season|Age|Tm|Lg|Pos|G|GS|MP|FG|FGA|FG%|3P|3PA|3P%|2P|2PA|2P%|FT|FTA|FT%|ORB|DRB|TRB|AST|STL|BLK|TOV|PF|PTS|ORtg|DRtg
0|2000-01|23.0|TOR|NBA|SG|80.0|49.0|1809.0|8.5|19.6|0.431|1.8|4.8|0.382|6.6|14.8|0.447|3.0|4.2|0.7170000000000001|3.3|4.3|7.6|3.1|1.8|0.6|2.3|4.8|21.8|105.0|105.0
1|2001-02|24.0|TOR|NBA|SF|63.0|56.0|1988.0|9.1|20.9|0.43799999999999994|2.3|6.3|0.364|6.9|14.6|0.469|3.5|4.6|0.7509999999999999|2.5|3.6|6.1|4.2|2.0|0.3|2.3|4.7|24.0|109.0|106.0
2|2002-03|25.0|TOR|NBA|SF|82.0|80.0|2949.0|7.6|19.4|0.392|2.1|6.2|0.337|5.5|13.2|0.418|3.5|4.5|0.789|1.8|4.8|6.6|3.4|1.6|0.6|2.3|4.2|20.9|101.0|109.0
3|2003-04|26.0|TOR|NBA|SF|82.0|29.0|2148.0|6.1|15.1|0.405|3.2|8.8|0.371|2.9|6.4|0.45299999999999996|2.0|2.4|0.809|0.9|5.8|6.7|2.9|2.3|0.4|1.8|5.3|17.5|105.0|101.0
4|2004-05|27.0|TOR|NBA|SG|82.0|61.0|2510.0|7.3|17.5|0.42|2.7|6.9|0.385|4.7|10.6|0.442|3.9|4.7|0.8320000000000001|1.5|5.6|7.0|3.5|1.9|0.4|1.9|4.5|21.2|110.0|109.0
5|2005-06|28.0|TOR|NBA|SG|82.0|77.0|3140.0|8.0|18.4|0.436|3.0|7.5|0.395|5.1|10.9|0.465|4.0|4.9|0.82|1.1|5.3|6.4|3.2|1.7|0.3|2.1|3.7|23.1|112.0|113.0
6|2006-07|29.0|TOR|NBA|SF|71.0|12.0|1515.0|7.6|17.7|0.429|3.6|10.1|0.359|4.0|7.6|0.523|2.9|4.2|0.6829999999999999|1.1|7.0|8.1|1.6|1.5|0.4|1.8|4.3|21.7|106.0|106.0
7|2007-08|30.0|NOH|NBA|SG|76.0|76.0|1796.0|6.4|15.3|0.41700000000000004|3.4|8.5|0.39399999999999996|3.0|6.8|0.445|1.9|2.5|0.765|1.1|5.1|6.1|2.0|1.4|0.2|1.2|3.7|18.1|112.0|108.0
8|2008-09|31.0|NOH|NBA|SG|43.0|9.0|515.0|7.7|19.4|0.39899999999999997|3.5|9.0|0.38799999999999996|4.2|10.4|0.408|1.3|2.0|0.632|1.4|7.5|8.9|1.7|1.6|0.2|1.6|5.4|20.3|100.0|107.0
9|2009-10|32.0|NOH|NBA|SG|46.0|39.0|973.0|6.2|16.0|0.385|3.3|9.1|0.363|2.9|6.9|0.415|1.8|2.9|0.611|0.9|5.8|6.7|2.2|1.3|0.3|1.4|4.3|17.4|102.0|112.0
10|2010-11|33.0|OKC|NBA|SG|4.0|0.0|23.0|4.5|11.3|0.4|0.0|2.3|0.0|4.5|9.0|0.5|0.0|0.0||0.0|6.8|6.8|2.3|0.0|0.0|0.0|11.3|9.0|95.0|112.0
