|Season|Age|Tm|Lg|Pos|G|MP|PER|TS%|3PAr|FTr|ORB%|DRB%|TRB%|AST%|STL%|BLK%|TOV%|USG%|OWS|DWS|WS|WS/48|OBPM|DBPM|BPM|VORP
0|2011-12|22.0|MIL|NBA|PF|46.0|555.0|15.3|0.536|0.047|0.147|8.7|15.3|11.9|7.3|1.3|2.3|8.1|17.6|0.9|0.5|1.4|0.122|-0.9|-0.5|-1.4|0.1
2|2012-13|23.0|CLE|NBA|C|9.0|91.0|3.3|0.359|0.107|0.214|6.1|10.7|8.3|8.5|1.1|0.0|14.0|17.5|-0.2|0.0|-0.2|-0.092|-6.4|-2.6|-9.1|-0.2
3|2012-13|23.0|MEM|NBA|PF|19.0|96.0|17.2|0.628|0.0|0.292|9.7|20.1|14.8|5.3|2.3|0.0|10.0|14.4|0.2|0.2|0.4|0.198|-0.2|0.3|0.1|0.1
4|2013-14|24.0|MEM|NBA|PF|49.0|642.0|17.6|0.5660000000000001|0.19899999999999998|0.191|6.8|22.4|14.6|5.2|1.5|1.7|9.2|21.1|1.1|0.9|2.0|0.149|-0.6|-0.9|-1.6|0.1
5|2014-15|25.0|MEM|NBA|PF|63.0|824.0|11.9|0.478|0.106|0.21600000000000003|7.0|21.7|14.3|8.8|1.1|0.9|10.5|18.6|0.2|1.2|1.3|0.078|-3.1|0.0|-3.1|-0.2
6|2015-16|26.0|PHO|NBA|PF|67.0|1255.0|16.2|0.555|0.23600000000000002|0.217|6.4|26.3|16.1|9.6|1.5|2.0|12.8|19.8|1.4|1.3|2.7|0.10300000000000001|-1.3|0.3|-1.0|0.3
7|2016-17|27.0|DET|NBA|PF|75.0|1944.0|14.2|0.551|0.259|0.175|5.5|17.5|11.3|8.6|0.8|1.1|8.7|17.3|2.5|2.0|4.5|0.11199999999999999|-0.4|0.5|0.1|1.0
8|2017-18|28.0|DET|NBA|PF|8.0|136.0|8.9|0.505|0.083|0.41700000000000004|5.6|20.7|13.0|5.3|0.4|2.0|14.1|16.1|0.0|0.1|0.1|0.05|-5.6|-0.4|-5.9|-0.1
9|2018-19|29.0|DET|NBA|PF|41.0|402.0|13.2|0.616|0.09699999999999999|0.27399999999999997|7.1|19.8|13.2|5.5|1.5|0.8|15.4|16.1|0.4|0.5|0.9|0.11|-2.9|-0.1|-3.0|-0.1
