|Season|Age|Tm|Lg|Pos|G|MP|PG%|SG%|SF%|PF%|C%|OnCourt|On-Off|BadPass|LostBall|Shoot|Off.|Shoot.1|Off..1|PGA|And1|Blkd
0|2011-12|22.0|MIL|NBA|PF|46.0|555.0|0|0|0|82|18|1.1|1.1|11.0|4.0|35.0|2.0|15.0|6.0|57.0|6.0|13.0
2|2012-13|23.0|CLE|NBA|C|9.0|91.0|0|0|0|51|49|-26.4|-21.7|2.0|0.0|6.0|1.0|2.0|0.0|10.0|0.0|1.0
3|2012-13|23.0|MEM|NBA|PF|19.0|96.0|0|0|0|82|18|-9.6|-14.7|1.0|0.0|3.0|1.0|3.0|0.0|9.0|1.0|0.0
4|2013-14|24.0|MEM|NBA|PF|49.0|642.0|0|0|1|96|3|-1.8|-4.6|12.0|8.0|33.0|3.0|22.0|1.0|44.0|3.0|20.0
5|2014-15|25.0|MEM|NBA|PF|63.0|824.0|0|0|1|98|2|-0.5|-4.9|23.0|7.0|47.0|1.0|26.0|2.0|101.0|3.0|15.0
6|2015-16|26.0|PHO|NBA|PF|67.0|1255.0|0|0|0|58|42|-3.2|6.0|36.0|29.0|75.0|5.0|49.0|3.0|172.0|13.0|30.0
7|2016-17|27.0|DET|NBA|PF|75.0|1944.0|0|0|0|94|6|-1.7|-0.3|38.0|21.0|97.0|2.0|50.0|4.0|247.0|15.0|41.0
8|2017-18|28.0|DET|NBA|PF|8.0|136.0|0|0|0|67|33|1.8|2.0|2.0|2.0|8.0|2.0|8.0|0.0|10.0|3.0|3.0
9|2018-19|29.0|DET|NBA|PF|41.0|402.0|0|0|0|71|29|-13.7|-14.9|5.0|6.0|34.0|9.0|16.0|5.0|32.0|7.0|7.0
