player_id|Rk|Unnamed: 1|Age|G|GS|MP|FG|FGA|FG%|3P|3PA|3P%|2P|2PA|2P%|eFG%|FT|FTA|FT%|ORB|DRB|TRB|AST|STL|BLK|TOV|PF|PTS|player_id
newmajo01|1|Johnny Newman|27|81|81|2477|478|1017|0.47|30|84|0.35700000000000004|448|933|0.48|0.485|385|476|0.809|94|160|254|188|100|17|189|278|1371|newmajo01
reidjr01|2|J.R. Reid|22|80|80|2467|360|773|0.466|0|2|0.0|360|771|0.467|0.466|182|259|0.703|154|348|502|89|87|47|153|286|902|reidjr01
boguemu01|3|Muggsy Bogues|26|81|46|2299|241|524|0.46|0|12|0.0|241|512|0.47100000000000003|0.46|86|108|0.7959999999999999|58|158|216|669|137|3|120|160|568|boguemu01
chapmre01|4|Rex Chapman|23|70|68|2100|410|922|0.445|48|148|0.324|362|774|0.46799999999999997|0.47100000000000003|234|282|0.83|45|146|191|250|73|16|131|167|1102|chapmre01
gillke01|5|Kendall Gill|22|82|36|1944|376|836|0.45|2|14|0.14300000000000002|374|822|0.455|0.451|152|182|0.835|105|158|263|303|104|39|163|186|906|gillke01
gattike01|6|Kenny Gattison|26|72|6|1552|243|457|0.532|0|2|0.0|243|455|0.534|0.532|164|248|0.6609999999999999|136|243|379|44|48|67|102|211|650|gattike01
curryde01|7|Dell Curry|26|76|14|1515|337|715|0.47100000000000003|32|86|0.37200000000000005|305|629|0.485|0.494|96|114|0.8420000000000001|47|152|199|166|75|25|80|125|802|curryde01
gminsmi01|8|Mike Gminski|31|50|50|1405|248|524|0.473|1|6|0.16699999999999998|247|518|0.47700000000000004|0.474|75|95|0.789|115|266|381|60|24|22|54|58|572|gminsmi01
tripuke01|9|Kelly Tripucka|31|77|1|1289|187|412|0.45399999999999996|15|45|0.33299999999999996|172|367|0.469|0.47200000000000003|152|167|0.91|46|130|176|159|33|13|92|130|541|tripuke01
gilliar01|10|Armen Gilliam|26|25|25|949|195|380|0.513|0|0||195|380|0.513|0.513|104|128|0.813|86|148|234|27|34|21|64|65|494|gilliar01
leckner01|11|Eric Leckner|24|40|2|744|92|198|0.465|0|0||92|198|0.465|0.465|46|84|0.5479999999999999|55|153|208|21|10|11|44|123|230|leckner01
keysra01|12|Randolph Keys|24|44|0|473|59|145|0.40700000000000003|3|14|0.214|56|131|0.42700000000000005|0.41700000000000004|19|33|0.5760000000000001|40|60|100|18|22|15|35|93|140|keysra01
schefst01|13|Steve Scheffler|23|39|0|227|20|39|0.513|0|0||20|39|0.513|0.513|19|21|0.905|21|24|45|9|6|2|4|20|59|schefst01
curetea01|14|Earl Cureton|33|9|1|159|8|24|0.33299999999999996|0|1|0.0|8|23|0.348|0.33299999999999996|1|3|0.33299999999999996|6|30|36|3|0|3|6|16|17|curetea01
hoppeda01|15|Dave Hoppen|26|19|0|112|18|32|0.563|0|1|0.0|18|31|0.581|0.563|8|10|0.8|14|16|30|3|2|1|12|18|44|hoppeda01
haffnsc01|16|Scott Haffner|24|7|0|50|8|21|0.381|0|2|0.0|8|19|0.42100000000000004|0.381|1|2|0.5|2|2|4|9|3|1|4|4|17|haffnsc01
sandeje01|17|Jeff Sanders|25|3|0|43|6|14|0.429|0|0||6|14|0.429|0.429|1|2|0.5|3|6|9|1|1|1|1|6|13|sandeje01
