|Season|Age|Tm|Lg|Pos|G|MP|FG%|Dist.|% of 2PA|% of 0-3|% of 3-10|% of 10-16|% of 16-3pt|% of 3P|2P %FG|0-3 %FG|3-10 %FG|10-16 %FG|16-3pt%FG|3P %FG|2P % Assisted|% of Dunks|Dunks Made|3P % Assisted|% of 3PA from Corner|Corner 3 %FG |Heaves Attempted|Heaves Made
0|2001-02|23.0|SAC|NBA|PG|16.0|661.0|0.444|15.2|0.77|0.20600000000000002|0.078|0.062|0.424|0.23|0.449|0.547|0.45|0.625|0.376|0.424|0.371|0.0|0.0|0.88|0.237|0.5710000000000001|0.0|0.0
1|2002-03|24.0|SAC|NBA|PG|12.0|404.0|0.42200000000000004|14.7|0.711|0.259|0.044000000000000004|0.07400000000000001|0.33299999999999996|0.289|0.479|0.6859999999999999|0.5|0.4|0.33299999999999996|0.282|0.37|0.0|0.0|1.0|0.385|0.2|0.0|0.0
2|2003-04|25.0|SAC|NBA|PG|12.0|497.0|0.429|14.3|0.7190000000000001|0.255|0.102|0.061|0.301|0.281|0.426|0.54|0.35|0.5|0.33899999999999997|0.436|0.41700000000000004|0.0|0.0|0.917|0.309|0.529|0.0|0.0
3|2004-05|26.0|SAC|NBA|PG|5.0|200.0|0.391|14.9|0.75|0.217|0.087|0.065|0.38|0.25|0.449|0.65|0.375|0.667|0.314|0.217|0.29|0.0|0.0|0.6|0.13|0.0|0.0|0.0
4|2005-06|27.0|SAC|NBA|PG|6.0|255.0|0.348|16.7|0.7170000000000001|0.13|0.12|0.011000000000000001|0.457|0.28300000000000003|0.348|0.5|0.455|0.0|0.28600000000000003|0.34600000000000003|0.304|0.0|0.0|0.667|0.115|0.0|0.0|0.0
5|2007-08|29.0|ATL|NBA|PG|7.0|252.0|0.33799999999999997|18.7|0.631|0.138|0.031|0.062|0.4|0.369|0.366|0.667|1.0|0.25|0.231|0.292|0.4|0.0|0.0|1.0|0.083|0.5|0.0|0.0
6|2008-09|30.0|ATL|NBA|PG|11.0|390.0|0.462|19.3|0.547|0.085|0.075|0.057|0.33|0.45299999999999996|0.397|0.556|0.5|0.0|0.4|0.542|0.435|0.0|0.0|0.885|0.125|0.33299999999999996|0.0|0.0
7|2009-10|31.0|ATL|NBA|PG|11.0|292.0|0.45|20.4|0.575|0.038|0.025|0.038|0.475|0.425|0.478|0.667|0.0|0.33299999999999996|0.5|0.41200000000000003|0.545|0.0|0.0|0.929|0.324|0.545|0.0|0.0
8|2010-11|32.0|MIA|NBA|PG|20.0|415.0|0.281|21.7|0.313|0.031|0.021|0.052000000000000005|0.20800000000000002|0.688|0.33299999999999996|0.667|0.0|0.6|0.25|0.258|0.2|0.0|0.0|1.0|0.318|0.23800000000000002|0.0|0.0
9|2011-12|33.0|NYK|NBA|PG|5.0|118.0|0.391|22.6|0.261|0.043|0.0|0.043|0.174|0.7390000000000001|0.33299999999999996|1.0||0.0|0.25|0.41200000000000003|1.0|0.0|0.0|1.0|0.353|0.667|0.0|0.0
