|Season|Age|Tm|Lg|Pos|G|MP|PG%|SG%|SF%|PF%|C%|OnCourt|On-Off|BadPass|LostBall|Shoot|Off.|Shoot.1|Off..1|PGA|And1|Blkd
0|2001-02|23.0|SAC|NBA|PG|16.0|661.0|61|39|0|0|0|4.1|7.4|19.0|13.0|11.0|3.0|25.0|0.0|180.0|3.0|15.0
1|2002-03|24.0|SAC|NBA|PG|12.0|404.0|61|39|0|0|0|1.6|-2.3|6.0|7.0|14.0|2.0|10.0|0.0|135.0|2.0|7.0
2|2003-04|25.0|SAC|NBA|PG|12.0|497.0|100|0|0|0|0|2.6|16.1|20.0|11.0|18.0|4.0|20.0|0.0|179.0|2.0|16.0
3|2004-05|26.0|SAC|NBA|PG|5.0|200.0|100|0|0|0|0|-6.0|-4.6|8.0|3.0|2.0|2.0|8.0|0.0|72.0|1.0|5.0
4|2005-06|27.0|SAC|NBA|PG|6.0|255.0|100|0|0|0|0|-6.7|27.6|12.0|2.0|6.0|4.0|12.0|2.0|66.0|1.0|4.0
5|2007-08|29.0|ATL|NBA|PG|7.0|252.0|100|0|0|0|0|-12.8|6.5|8.0|4.0|7.0|1.0|7.0|2.0|47.0|0.0|2.0
6|2008-09|30.0|ATL|NBA|PG|11.0|390.0|100|0|0|0|0|-6.8|8.9|14.0|5.0|12.0|5.0|5.0|8.0|101.0|2.0|3.0
7|2009-10|31.0|ATL|NBA|PG|11.0|292.0|100|0|0|0|0|-2.5|13.1|10.0|2.0|11.0|0.0|3.0|3.0|59.0|0.0|3.0
8|2010-11|32.0|MIA|NBA|PG|20.0|415.0|100|0|0|0|0|-6.3|-15.6|13.0|2.0|13.0|1.0|0.0|2.0|50.0|0.0|0.0
9|2011-12|33.0|NYK|NBA|PG|5.0|118.0|100|0|0|0|0|-8.8|15.1|2.0|1.0|3.0|0.0|1.0|2.0|27.0|0.0|1.0
