|Season|Age|Tm|Lg|Pos|G|MP|PER|TS%|3PAr|FTr|ORB%|DRB%|TRB%|AST%|STL%|BLK%|TOV%|USG%|OWS|DWS|WS|WS/48|OBPM|DBPM|BPM|VORP
0|2001-02|23.0|SAC|NBA|PG|16.0|661.0|18.2|0.5489999999999999|0.23|0.335|2.3|7.2|4.9|20.6|1.8|0.3|11.1|22.1|1.6|0.4|2.0|0.142|3.2|0.2|3.4|0.9
1|2002-03|24.0|SAC|NBA|PG|12.0|404.0|14.5|0.507|0.289|0.252|2.2|6.2|4.2|22.4|1.8|0.9|10.7|18.2|0.6|0.1|0.7|0.08199999999999999|1.6|-0.5|1.1|0.3
2|2003-04|25.0|SAC|NBA|PG|12.0|497.0|20.0|0.545|0.281|0.281|2.0|8.4|5.3|30.2|2.4|0.7|13.7|23.0|1.3|0.3|1.5|0.14800000000000002|4.1|-0.2|3.9|0.7
3|2004-05|26.0|SAC|NBA|PG|5.0|200.0|16.2|0.47200000000000003|0.25|0.293|2.8|11.3|6.7|26.6|1.9|0.8|11.1|25.9|0.1|-0.1|0.1|0.021|0.5|-0.9|-0.4|0.1
4|2005-06|27.0|SAC|NBA|PG|6.0|255.0|12.3|0.475|0.28300000000000003|0.326|2.7|9.4|5.7|20.8|1.9|0.0|14.6|22.7|0.0|-0.1|-0.1|-0.022000000000000002|1.1|-2.4|-1.3|0.0
5|2007-08|29.0|ATL|NBA|PG|7.0|252.0|7.8|0.455|0.369|0.49200000000000005|1.5|9.1|5.4|16.7|0.9|0.6|14.1|17.4|-0.1|-0.1|-0.2|-0.039|-0.5|-2.1|-2.6|0.0
6|2008-09|30.0|ATL|NBA|PG|11.0|390.0|15.2|0.627|0.45299999999999996|0.20800000000000002|1.8|11.0|6.0|23.5|1.5|0.5|17.2|17.9|0.7|0.2|0.8|0.10300000000000001|2.9|-0.8|2.0|0.4
7|2009-10|31.0|ATL|NBA|PG|11.0|292.0|12.1|0.551|0.425|0.125|1.9|10.2|5.7|16.5|1.7|0.0|12.4|15.7|0.3|0.1|0.4|0.066|1.1|-2.0|-0.8|0.1
8|2010-11|32.0|MIA|NBA|PG|20.0|415.0|3.6|0.373|0.688|0.042|1.5|8.8|5.3|9.1|1.5|1.2|14.8|13.5|-0.6|0.4|-0.2|-0.028999999999999998|-3.2|0.1|-3.2|-0.1
9|2011-12|33.0|NYK|NBA|PG|5.0|118.0|11.7|0.555|0.7390000000000001|0.13|3.0|19.4|10.8|19.6|0.5|0.0|14.1|11.4|0.2|0.0|0.2|0.076|2.0|0.5|2.5|0.1
