|Season|Age|Tm|Lg|Pos|G|MP|PG%|SG%|SF%|PF%|C%|OnCourt|On-Off|BadPass|LostBall|Shoot|Off.|Shoot.1|Off..1|PGA|And1|Blkd
0|2000-01|24.0|LAC|NBA|PF|39.0|584.0|0|0|0|81|19|-7.8|-5.3|5.0|11.0|26.0|4.0|25.0|0.0|40.0|7.0|29.0
1|2001-02|25.0|CLE|NBA|PF|65.0|1107.0|0|0|0|65|35|-1.5|3.1|13.0|13.0|55.0|10.0|37.0|0.0|41.0|10.0|27.0
2|2002-03|26.0|PHI|NBA|PF|77.0|1381.0|0|0|0|39|61|-0.2|-4.0|12.0|19.0|70.0|14.0|68.0|0.0|39.0|16.0|36.0
3|2003-04|27.0|MIL|NBA|C|56.0|1577.0|0|0|0|3|98|-1.6|-4.8|22.0|26.0|82.0|14.0|64.0|0.0|107.0|10.0|44.0
5|2004-05|28.0|PHI|NBA|PF|24.0|246.0|0|0|0|19|81|-7.9|-7.5|4.0|6.0|11.0|2.0|6.0|0.0|12.0|2.0|4.0
6|2004-05|28.0|SAC|NBA|C|25.0|695.0|0|0|0|1|99|-3.4|-7.1|11.0|8.0|44.0|3.0|24.0|0.0|85.0|2.0|24.0
8|2005-06|29.0|SAC|NBA|PF|38.0|429.0|0|0|0|19|82|-4.0|-6.5|3.0|5.0|29.0|7.0|10.0|1.0|40.0|3.0|7.0
9|2005-06|29.0|POR|NBA|C|27.0|515.0|0|0|0|3|97|-18.1|-8.2|7.0|6.0|35.0|9.0|14.0|0.0|30.0|1.0|4.0
10|2006-07|30.0|MIL|NBA|PF|67.0|1523.0|0|0|3|84|13|-3.8|1.5|35.0|14.0|110.0|16.0|42.0|10.0|125.0|11.0|25.0
11|2007-08|31.0|PHO|NBA|C|66.0|844.0|0|0|0|35|65|-3.0|-11.1|15.0|9.0|53.0|10.0|29.0|11.0|39.0|9.0|11.0
12|2008-09|32.0|LAC|NBA|PF|51.0|843.0|0|0|0|73|27|-17.3|-9.2|17.0|8.0|63.0|9.0|21.0|0.0|59.0|3.0|18.0
13|2009-10|33.0|LAC|NBA|PF|16.0|123.0|0|0|0|52|48|-15.2|-8.5|1.0|1.0|11.0|4.0|4.0|1.0|0.0|0.0|1.0
14|2010-11|34.0|MIL|NBA|C|2.0|6.0|0|0|0|0|100|-101.2|-100.5|0.0|0.0|0.0|0.0|0.0|0.0|0.0|0.0|0.0
15|2011-12|35.0|MEM|NBA|C|1.0|4.0|0|0|0|0|100|-77.8|-80.2|0.0|0.0|0.0|0.0|0.0|0.0|0.0|0.0|0.0
