player_id|Rk|Unnamed: 1|Age|G|MP|PER|TS%|FTr|ORB%|DRB%|TRB%|AST%|Unnamed: 12|OWS|DWS|WS|WS/48|player_id
lovebo01|1|Bob Love|30|82|3033|16.4|0.479|0.235|||8.8|6.3||2.1|4.2|6.3|0.1|lovebo01
vanlino01|2|Norm Van Lier|25|80|2882|15.7|0.48100000000000004|0.198|||7.6|27.6||2.0|5.7|7.7|0.129|vanlino01
walkech01|3|Chet Walker|32|79|2455|20.3|0.5429999999999999|0.36200000000000004|||8.1|11.5||7.2|3.6|10.9|0.213|walkech01
sloanje01|4|Jerry Sloan|30|69|2412|9.3|0.44|0.18100000000000002|||9.9|8.3||-0.9|3.9|2.9|0.057999999999999996|sloanje01
weissbo01|5|Bob Weiss|30|82|2086|12.0|0.486|0.289|||3.6|19.0||1.4|2.9|4.3|0.099|weissbo01
raycl01|6|Clifford Ray|24|73|2009|17.4|0.522|0.366|||19.9|17.9||2.5|5.6|8.1|0.19399999999999998|raycl01
awtrede01|7|Dennis Awtrey|24|79|1650|12.2|0.51|0.5|||13.1|17.0||1.3|3.6|5.0|0.145|awtrede01
heardga01|8|Gar Heard|24|78|1535|14.9|0.452|0.217|||14.6|5.8||-0.5|2.9|2.4|0.075|heardga01
kingji01|9|Jim King|31|65|785|10.9|0.483|0.198|||4.8|14.1||0.4|1.0|1.5|0.091|kingji01
porteho01|10|Howard Porter|24|43|407|15.7|0.474|0.134|||14.5|6.2||0.2|0.8|1.0|0.11199999999999999|porteho01
garrero01|11|Rowland Garrett|22|35|211|16.7|0.475|0.263|||14.5|6.0||0.1|0.4|0.5|0.115|garrero01
boerwto01|12|Tom Boerwinkle|27|8|176|14.3|0.457|0.833|||15.4|27.5||0.0|0.5|0.5|0.146|boerwto01
russefr01|13|Frank Russell|23|23|131|14.5|0.436|0.23399999999999999|||6.5|17.4||-0.1|0.2|0.1|0.03|russefr01
mcintke01|14|Kenny McIntosh|24|3|33|16.9|0.5760000000000001|0.154|||13.6|4.8||0.1|0.1|0.2|0.225|mcintke01
