|Season|Age|Tm|Lg|Pos|G|GS|MP|FG|FGA|FG%|3P|3PA|3P%|2P|2PA|2P%|FT|FTA|FT%|ORB|DRB|TRB|AST|STL|BLK|TOV|PF|PTS|ORtg|DRtg
0|1987-88|21.0|SEA|NBA|SF|5.0|0.0|109.0|10.6|16.8|0.632|0.9|2.7|0.33299999999999996|9.7|14.2|0.688|4.4|7.5|0.588|3.1|5.8|8.9|3.5|1.3|2.2|2.2|5.3|26.6|129.0|114.0
1|1988-89|22.0|SEA|NBA|SF|8.0|8.0|286.0|7.8|15.7|0.494|0.2|1.6|0.111|7.6|14.1|0.5379999999999999|3.0|3.7|0.81|3.7|5.5|9.2|3.2|1.1|2.6|4.1|5.8|18.7|103.0|113.0
2|1990-91|24.0|SEA|NBA|SF|4.0|0.0|114.0|7.0|12.3|0.5710000000000001|0.0|0.4|0.0|7.0|11.9|0.593|2.6|4.8|0.545|3.1|7.0|10.1|3.5|1.3|0.0|2.6|5.7|16.7|112.0|112.0
3|1991-92|25.0|SEA|NBA|SF|9.0|9.0|315.0|8.5|16.2|0.525|0.8|2.6|0.313|7.7|13.6|0.5660000000000001|6.2|7.4|0.8440000000000001|2.8|4.4|7.2|3.9|1.1|2.0|3.6|6.1|24.1|120.0|117.0
4|1992-93|26.0|SEA|NBA|SF|19.0|17.0|647.0|6.9|13.1|0.525|0.2|0.4|0.4|6.7|12.7|0.529|3.8|5.7|0.667|4.2|3.9|8.1|5.9|1.0|1.4|3.0|4.2|17.7|116.0|113.0
5|1993-94|27.0|IND|NBA|SF|16.0|16.0|587.0|5.4|13.2|0.408|0.7|2.2|0.33299999999999996|4.7|11.0|0.424|2.9|4.4|0.66|3.0|6.1|9.1|6.2|2.4|0.8|3.7|5.5|14.4|98.0|99.0
6|1994-95|28.0|IND|NBA|SF|17.0|17.0|592.0|7.1|16.2|0.43700000000000006|1.0|3.3|0.314|6.1|12.9|0.46799999999999997|5.0|5.8|0.871|2.7|4.8|7.5|6.0|1.6|1.0|3.4|6.1|20.2|112.0|111.0
7|1995-96|29.0|IND|NBA|SF|5.0|5.0|180.0|7.7|18.3|0.42100000000000004|1.6|3.8|0.41700000000000004|6.1|14.4|0.42200000000000004|3.5|4.2|0.846|2.6|8.0|10.6|3.2|2.2|0.3|4.5|6.4|20.5|99.0|102.0
8|1997-98|31.0|IND|NBA|SF|15.0|0.0|284.0|4.6|13.7|0.33299999999999996|0.6|2.0|0.3|4.0|11.7|0.33899999999999997|3.6|4.6|0.7829999999999999|1.6|6.3|7.9|2.2|1.8|1.6|2.2|9.9|13.3|89.0|103.0
9|1998-99|32.0|IND|NBA|SF|13.0|0.0|245.0|3.4|9.0|0.375|0.0|0.9|0.0|3.4|8.1|0.41700000000000004|3.8|5.9|0.654|3.8|5.9|9.7|4.3|2.7|0.9|2.5|8.8|10.6|102.0|101.0
10|1999-00|33.0|IND|NBA|SF|23.0|0.0|352.0|2.3|4.9|0.469|0.2|0.9|0.16699999999999998|2.1|4.0|0.5379999999999999|2.5|3.1|0.8|3.8|8.3|12.1|2.1|1.1|0.6|2.9|6.9|7.2|103.0|106.0
11|2000-01|34.0|IND|NBA|SF|4.0|0.0|35.0|3.2|7.9|0.4|1.6|1.6|1.0|1.6|6.3|0.25|1.6|3.2|0.5|6.3|7.9|14.2|6.3|1.6|0.0|1.6|11.0|9.5|121.0|106.0
12|2001-02|35.0|PHI|NBA|SF|4.0|0.0|40.0|5.5|11.0|0.5|0.0|0.0||5.5|11.0|0.5|0.0|0.0||4.1|4.1|8.3|1.4|1.4|2.8|1.4|6.9|11.0|105.0|113.0
