|Season|Age|Tm|Lg|Pos|G|GS|MP|FG|FGA|FG%|3P|3PA|3P%|2P|2PA|2P%|FT|FTA|FT%|ORB|DRB|TRB|AST|STL|BLK|TOV|PF|PTS
0|2006-07|21.0|ORL|NBA|SG|4.0|0.0|47.0|3.8|12.3|0.313|0.0|0.0||3.8|12.3|0.313|0.8|3.1|0.25|3.8|3.1|6.9|3.8|0.8|0.0|3.1|6.9|8.4
1|2007-08|22.0|LAL|NBA|SF|8.0|0.0|45.0|5.6|9.6|0.583|0.8|3.2|0.25|4.8|6.4|0.75|1.6|3.2|0.5|2.4|6.4|8.8|0.8|0.8|0.8|0.8|5.6|13.6
2|2008-09|23.0|LAL|NBA|SF|23.0|23.0|722.0|4.6|9.2|0.49700000000000005|2.0|4.2|0.47600000000000003|2.6|5.0|0.515|1.8|3.2|0.563|1.1|3.7|4.8|2.7|1.8|0.5|1.9|3.6|13.0
3|2010-11|25.0|NOH|NBA|SF|6.0|6.0|241.0|5.2|12.7|0.41200000000000003|1.0|3.1|0.33299999999999996|4.2|9.6|0.43799999999999994|2.4|3.3|0.727|1.0|4.8|5.8|3.0|1.2|0.4|1.0|2.4|13.9
4|2013-14|28.0|WAS|NBA|SF|11.0|11.0|407.0|4.6|9.6|0.48100000000000004|2.2|5.0|0.446|2.4|4.6|0.519|1.9|2.4|0.778|1.9|6.8|8.7|1.7|1.5|0.4|1.2|2.3|13.3
5|2014-15|29.0|HOU|NBA|SF|17.0|17.0|655.0|4.1|9.7|0.426|2.0|5.3|0.375|2.1|4.4|0.488|2.1|2.3|0.905|1.0|5.0|6.0|2.4|1.6|0.1|1.3|2.8|12.3
6|2015-16|30.0|HOU|NBA|SF|5.0|5.0|181.0|2.6|10.1|0.255|0.8|5.6|0.14300000000000002|1.8|4.6|0.391|0.6|0.8|0.75|1.4|2.8|4.2|0.8|2.6|0.2|2.4|3.2|6.6
7|2016-17|31.0|HOU|NBA|SF|11.0|11.0|413.0|3.6|8.5|0.423|2.0|5.3|0.377|1.6|3.1|0.5|1.1|1.2|0.929|0.7|4.2|4.9|2.0|1.2|0.2|0.8|2.2|10.3
8|2017-18|32.0|HOU|NBA|SF|17.0|17.0|582.0|3.1|8.6|0.36|1.6|5.6|0.28600000000000003|1.5|3.0|0.5|1.4|1.9|0.742|0.6|3.5|4.0|1.4|1.2|0.1|0.6|2.7|9.2
