|Season|Age|Tm|Lg|Pos|G|GS|MP|FG|FGA|FG%|3P|3PA|3P%|2P|2PA|2P%|eFG%|FT|FTA|FT%|ORB|DRB|TRB|AST|STL|BLK|TOV|PF|PTS
0|2006-07|21.0|ORL|NBA|SG|4.0|0.0|11.8|1.3|4.0|0.313|0.0|0.0||1.3|4.0|0.313|0.313|0.3|1.0|0.25|1.3|1.0|2.3|1.3|0.3|0.0|1.0|2.3|2.8
1|2007-08|22.0|LAL|NBA|SF|8.0|0.0|5.6|0.9|1.5|0.583|0.1|0.5|0.25|0.8|1.0|0.75|0.625|0.3|0.5|0.5|0.4|1.0|1.4|0.1|0.1|0.1|0.1|0.9|2.1
2|2008-09|23.0|LAL|NBA|SF|23.0|23.0|31.4|4.0|8.0|0.49700000000000005|1.7|3.7|0.47600000000000003|2.3|4.4|0.515|0.605|1.6|2.8|0.563|1.0|3.3|4.2|2.3|1.6|0.4|1.7|3.2|11.3
3|2010-11|25.0|NOH|NBA|SF|6.0|6.0|40.2|5.8|14.2|0.41200000000000003|1.2|3.5|0.33299999999999996|4.7|10.7|0.43799999999999994|0.45299999999999996|2.7|3.7|0.727|1.2|5.3|6.5|3.3|1.3|0.5|1.2|2.7|15.5
4|2013-14|28.0|WAS|NBA|SF|11.0|11.0|37.0|4.7|9.8|0.48100000000000004|2.3|5.1|0.446|2.5|4.7|0.519|0.597|1.9|2.5|0.778|1.9|7.0|8.9|1.7|1.5|0.4|1.3|2.4|13.6
5|2014-15|29.0|HOU|NBA|SF|17.0|17.0|38.5|4.4|10.4|0.426|2.1|5.6|0.375|2.3|4.7|0.488|0.528|2.2|2.5|0.905|1.1|5.4|6.4|2.6|1.8|0.1|1.4|3.0|13.2
6|2015-16|30.0|HOU|NBA|SF|5.0|5.0|36.2|2.6|10.2|0.255|0.8|5.6|0.14300000000000002|1.8|4.6|0.391|0.294|0.6|0.8|0.75|1.4|2.8|4.2|0.8|2.6|0.2|2.4|3.2|6.6
7|2016-17|31.0|HOU|NBA|SF|11.0|11.0|37.5|3.7|8.8|0.423|2.1|5.5|0.377|1.6|3.3|0.5|0.541|1.2|1.3|0.929|0.7|4.4|5.1|2.1|1.3|0.2|0.8|2.3|10.7
8|2017-18|32.0|HOU|NBA|SF|17.0|17.0|34.2|2.9|8.2|0.36|1.5|5.4|0.28600000000000003|1.4|2.8|0.5|0.45299999999999996|1.4|1.8|0.742|0.5|3.3|3.8|1.3|1.1|0.1|0.6|2.6|8.8
