|Season|Age|Tm|Lg|Pos|G|MP|FG%|Dist.|% of 2PA|% of 0-3|% of 3-10|% of 10-16|% of 16-3pt|% of 3P|2P %FG|0-3 %FG|3-10 %FG|10-16 %FG|16-3pt%FG|3P %FG|2P % Assisted|% of Dunks|Dunks Made|3P % Assisted|% of 3PA from Corner|Corner 3 %FG |Heaves Attempted|Heaves Made
0|2004-05|19.0|NYK|NBA|SF|80.0|1382.0|0.442|8.5|0.9670000000000001|0.48100000000000004|0.11599999999999999|0.057|0.314|0.033|0.449|0.578|0.222|0.22699999999999998|0.377|0.231|0.621|0.149|56.0|1.0|0.6920000000000001|0.33299999999999996|1.0|0.0
2|2005-06|20.0|NYK|NBA|SF|36.0|709.0|0.418|6.5|0.9790000000000001|0.575|0.11|0.08199999999999999|0.212|0.021|0.42|0.5479999999999999|0.188|0.33299999999999996|0.226|0.33299999999999996|0.55|0.151|20.0|0.0|0.33299999999999996|0.0|1.0|0.0
3|2005-06|20.0|ORL|NBA|SF|21.0|290.0|0.4|5.1|0.975|0.6629999999999999|0.1|0.075|0.138|0.025|0.41|0.528|0.375|0.0|0.091|0.0|0.43799999999999994|0.1|6.0||1.0|0.0|0.0|0.0
4|2006-07|21.0|ORL|NBA|SG|57.0|1278.0|0.539|6.3|0.981|0.633|0.073|0.046|0.22899999999999998|0.019|0.5489999999999999|0.677|0.222|0.17600000000000002|0.376|0.0|0.585|0.124|46.0||0.28600000000000003|0.0|1.0|0.0
6|2007-08|22.0|ORL|NBA|SF|11.0|115.0|0.452|7.6|0.903|0.5479999999999999|0.032|0.161|0.161|0.09699999999999999|0.5|0.647|0.0|0.0|0.6|0.0|0.7859999999999999|0.129|4.0||1.0|0.0|0.0|0.0
7|2007-08|22.0|LAL|NBA|SF|24.0|431.0|0.524|8.0|0.857|0.5429999999999999|0.067|0.086|0.162|0.14300000000000002|0.556|0.7190000000000001|0.429|0.33299999999999996|0.17600000000000002|0.33299999999999996|0.72|0.162|17.0|1.0|0.733|0.455|0.0|0.0
8|2008-09|23.0|LAL|NBA|SF|82.0|1999.0|0.46|12.3|0.68|0.435|0.05|0.037000000000000005|0.158|0.32|0.526|0.625|0.4|0.182|0.37200000000000005|0.319|0.5489999999999999|0.122|67.0|0.934|0.429|0.28|5.0|0.0
9|2009-10|24.0|HOU|NBA|SF|72.0|2629.0|0.39399999999999996|14.3|0.593|0.32899999999999996|0.055|0.062|0.146|0.40700000000000003|0.436|0.5710000000000001|0.218|0.19399999999999998|0.315|0.33399999999999996|0.457|0.07400000000000001|68.0|0.846|0.21600000000000003|0.375|2.0|0.0
10|2010-11|25.0|NOH|NBA|SF|75.0|2600.0|0.39799999999999996|13.5|0.644|0.28600000000000003|0.165|0.064|0.129|0.35600000000000004|0.45|0.674|0.24600000000000002|0.204|0.337|0.303|0.557|0.064|47.0|0.963|0.384|0.337|2.0|0.0
11|2011-12|26.0|NOH|NBA|SF|41.0|1350.0|0.41700000000000004|11.7|0.784|0.34|0.156|0.062|0.226|0.21600000000000003|0.44|0.591|0.317|0.24|0.35200000000000004|0.33299999999999996|0.5539999999999999|0.045|18.0|0.966|0.44799999999999995|0.41|1.0|0.0
12|2012-13|27.0|WAS|NBA|SF|56.0|1471.0|0.41700000000000004|15.9|0.537|0.273|0.057999999999999996|0.053|0.153|0.46299999999999997|0.46299999999999997|0.593|0.192|0.20800000000000002|0.42|0.364|0.634|0.038|17.0|0.961|0.40700000000000003|0.47100000000000003|0.0|0.0
13|2013-14|28.0|WAS|NBA|SF|77.0|2723.0|0.456|16.6|0.48200000000000004|0.254|0.07|0.033|0.124|0.518|0.509|0.65|0.3|0.214|0.415|0.40700000000000003|0.589|0.05|42.0|0.956|0.396|0.446|4.0|1.0
14|2014-15|29.0|HOU|NBA|SF|82.0|2930.0|0.402|17.6|0.39|0.225|0.047|0.035|0.081|0.61|0.485|0.615|0.349|0.188|0.33799999999999997|0.35|0.581|0.055999999999999994|47.0|0.9329999999999999|0.377|0.42100000000000004|0.0|0.0
15|2015-16|30.0|HOU|NBA|SF|81.0|2859.0|0.41600000000000004|16.2|0.419|0.255|0.054000000000000006|0.035|0.077|0.581|0.478|0.594|0.28300000000000003|0.267|0.318|0.371|0.599|0.068|55.0|0.914|0.415|0.43|1.0|0.0
16|2016-17|31.0|HOU|NBA|SF|80.0|2773.0|0.409|18.6|0.305|0.207|0.054000000000000006|0.013000000000000001|0.031|0.695|0.556|0.655|0.395|0.4|0.28|0.344|0.615|0.040999999999999995|29.0|0.953|0.35|0.387|1.0|0.0
17|2017-18|32.0|HOU|NBA|SF|67.0|2269.0|0.41200000000000003|18.0|0.29|0.22|0.052000000000000005|0.008|0.011000000000000001|0.71|0.519|0.636|0.17600000000000002|0.0|0.14300000000000002|0.368|0.5920000000000001|0.028999999999999998|19.0|0.953|0.392|0.431|2.0|0.0
19|2018-19|33.0|PHO|NBA|SF|26.0|884.0|0.379|16.8|0.38799999999999996|0.251|0.09699999999999999|0.013000000000000001|0.026000000000000002|0.612|0.409|0.491|0.22699999999999998|0.0|0.5|0.36|0.47200000000000003|0.04|9.0|0.94|0.28800000000000003|0.4|0.0|0.0
20|2018-19|33.0|WAS|NBA|SF|43.0|1465.0|0.409|16.5|0.42|0.267|0.08800000000000001|0.027999999999999997|0.037000000000000005|0.58|0.528|0.662|0.222|0.35700000000000004|0.42100000000000004|0.322|0.664|0.043|20.0|0.905|0.302|0.39299999999999996|1.0|0.0
