|Season|Age|Tm|Lg|Pos|G|MP|PER|TS%|3PAr|FTr|ORB%|DRB%|TRB%|AST%|STL%|BLK%|TOV%|USG%|OWS|DWS|WS|WS/48|OBPM|DBPM|BPM|VORP
0|1999-00|20.0|ORL|NBA|SF|77.0|1370.0|14.1|0.5529999999999999|0.023|0.557|9.8|14.3|12.0|7.0|0.9|1.3|19.1|22.1|1.2|1.4|2.6|0.091|-1.5|-0.8|-2.3|-0.1
1|2000-01|21.0|LAC|NBA|SF|69.0|1359.0|18.2|0.562|0.115|0.591|7.6|16.6|12.3|10.8|1.4|0.5|14.7|24.5|2.7|1.1|3.9|0.13699999999999998|0.9|-1.4|-0.5|0.5
2|2001-02|22.0|LAC|NBA|SG|63.0|1615.0|14.3|0.56|0.262|0.474|3.8|12.3|8.1|11.5|1.4|0.8|15.3|21.1|2.3|1.0|3.3|0.099|0.5|-1.2|-0.6|0.6
3|2002-03|23.0|LAC|NBA|SG|64.0|2006.0|17.4|0.564|0.22899999999999998|0.524|4.4|13.8|9.1|11.2|1.4|0.6|13.4|24.8|4.0|1.0|5.0|0.11900000000000001|1.7|-1.9|-0.2|0.9
4|2003-04|24.0|LAC|NBA|SF|73.0|2628.0|20.1|0.586|0.228|0.612|4.1|14.6|9.3|15.8|1.3|0.4|13.9|25.2|8.2|0.5|8.6|0.157|4.0|-2.2|1.8|2.5
5|2004-05|25.0|LAC|NBA|SG|66.0|2436.0|19.9|0.574|0.17|0.6659999999999999|3.6|15.5|9.7|16.6|1.5|0.2|13.3|27.9|6.0|2.2|8.1|0.16|2.9|-1.2|1.7|2.2
6|2005-06|26.0|LAC|NBA|SF|32.0|943.0|18.9|0.584|0.18899999999999997|0.6829999999999999|3.6|16.6|10.4|12.1|1.1|0.3|13.8|27.7|1.9|1.1|3.0|0.154|1.1|-1.5|-0.4|0.4
7|2006-07|27.0|LAC|NBA|SF|75.0|2291.0|18.6|0.583|0.08|0.7829999999999999|4.7|18.2|11.5|15.9|1.5|0.5|15.6|26.0|4.5|2.5|7.0|0.146|0.8|-0.6|0.2|1.3
8|2007-08|28.0|LAC|NBA|SF|70.0|2502.0|19.3|0.595|0.203|0.6809999999999999|3.6|14.7|9.1|14.3|1.5|0.2|13.0|27.6|5.1|1.8|6.9|0.133|2.7|-1.3|1.4|2.1
9|2008-09|29.0|GSW|NBA|PF|51.0|1588.0|16.9|0.5820000000000001|0.15|0.655|3.4|16.0|9.7|9.2|1.4|0.3|12.8|25.2|2.8|0.6|3.3|0.1|0.2|-2.8|-2.6|-0.2
10|2009-10|30.0|GSW|NBA|PF|70.0|2081.0|20.3|0.615|0.055999999999999994|0.622|4.9|15.2|10.0|13.2|1.2|0.1|13.0|26.7|5.6|0.7|6.3|0.14400000000000002|1.6|-2.6|-1.0|0.5
11|2010-11|31.0|MIL|NBA|SF|67.0|1401.0|15.8|0.573|0.14|0.581|3.6|16.8|10.0|11.3|0.8|0.3|15.3|27.7|1.5|1.9|3.4|0.115|-1.3|-1.4|-2.7|-0.2
12|2011-12|32.0|CHA|NBA|SF|32.0|881.0|14.1|0.517|0.177|0.5579999999999999|2.6|14.0|8.1|8.3|1.4|0.1|11.3|27.4|0.5|0.1|0.7|0.038|-1.4|-3.7|-5.2|-0.7
13|2012-13|33.0|DET|NBA|SF|18.0|257.0|7.9|0.489|0.276|0.632|2.2|9.1|5.6|11.4|1.2|0.6|14.9|20.2|0.0|0.1|0.1|0.017|-3.2|-2.7|-5.9|-0.3
