|Season|Age|Tm|Lg|Pos|G|MP|PER|TS%|3PAr|FTr|ORB%|DRB%|TRB%|AST%|STL%|BLK%|TOV%|USG%|OWS|DWS|WS|WS/48|OBPM|DBPM|BPM|VORP
0|2014-15|24.0|MIA|NBA|SF|62.0|1051.0|11.5|0.541|0.385|0.381|6.0|14.0|10.1|7.2|1.3|1.4|11.9|14.6|1.2|0.8|1.9|0.08800000000000001|-0.9|-0.5|-1.5|0.1
2|2015-16|25.0|MIA|NBA|SF|3.0|7.0|2.4||||0.0|0.0|0.0|18.0|0.0|0.0||0.0|0.0|0.0|0.0|0.07|-6.1|-4.5|-10.6|0.0
3|2015-16|25.0|MEM|NBA|SF|10.0|40.0|18.3|0.46|0.615|0.769|10.9|8.9|10.0|7.6|5.1|4.6|10.3|21.8|0.0|0.1|0.1|0.1|1.0|1.9|2.8|0.0
4|2015-16|25.0|NOP|NBA|SF|9.0|282.0|18.1|0.647|0.5|0.24|6.5|7.3|6.9|10.3|2.1|0.9|13.3|20.0|0.7|0.1|0.8|0.139|4.0|-1.3|2.7|0.3
5|2016-17|26.0|MEM|NBA|SF|64.0|1501.0|10.6|0.581|0.42700000000000005|0.34299999999999997|5.1|14.9|9.9|6.5|1.6|1.2|13.8|13.0|1.4|1.7|3.1|0.10099999999999999|-1.0|1.0|0.0|0.8
7|2017-18|27.0|MEM|NBA|SF|45.0|1053.0|11.9|0.61|0.37799999999999995|0.32899999999999996|5.7|11.7|8.6|7.0|1.5|1.1|13.0|12.5|1.5|0.6|2.0|0.09300000000000001|-0.3|-0.4|-0.7|0.3
8|2017-18|27.0|DET|NBA|SF|27.0|551.0|11.2|0.5579999999999999|0.426|0.265|3.9|9.6|6.7|5.9|1.4|1.0|9.0|16.0|0.5|0.5|1.0|0.09|-1.0|-0.7|-1.7|0.0
10|2018-19|28.0|HOU|NBA|SF|40.0|949.0|11.3|0.622|0.569|0.275|4.2|9.5|6.8|4.1|2.0|1.4|8.9|11.9|1.4|0.8|2.2|0.11199999999999999|-0.1|0.2|0.1|0.5
11|2018-19|28.0|PHI|NBA|SF|18.0|281.0|9.9|0.51|0.434|0.27699999999999997|8.9|15.4|12.2|6.7|0.5|2.0|10.6|15.5|0.2|0.2|0.4|0.071|-2.0|-1.2|-3.2|-0.1
