|Season|Age|Tm|Lg|Pos|G|MP|PG%|SG%|SF%|PF%|C%|OnCourt|On-Off|BadPass|LostBall|Shoot|Off.|Shoot.1|Off..1|PGA|And1|Blkd
0|2008-09|21.0|WAS|NBA|C|75.0|1143.0|0|0|0|0|100|-12.9|-6.5|13.0|22.0|100.0|8.0|87.0|5.0|49.0|26.0|37.0
1|2009-10|22.0|WAS|NBA|C|60.0|968.0|0|0|0|0|100|-9.4|-5.1|15.0|15.0|82.0|12.0|61.0|10.0|30.0|17.0|19.0
2|2010-11|23.0|WAS|NBA|C|79.0|2193.0|0|0|0|0|100|-5.2|6.4|36.0|30.0|140.0|20.0|117.0|19.0|78.0|29.0|38.0
4|2011-12|24.0|WAS|NBA|C|41.0|1124.0|0|0|0|0|100|-14.6|-13.3|20.0|20.0|59.0|15.0|61.0|9.0|54.0|18.0|21.0
5|2011-12|24.0|DEN|NBA|C|20.0|411.0|0|0|0|3|97|1.2|-2.4|5.0|5.0|26.0|4.0|24.0|0.0|15.0|7.0|16.0
6|2012-13|25.0|DEN|NBA|C|79.0|1433.0|0|0|0|3|97|1.8|-5.4|28.0|18.0|97.0|19.0|81.0|1.0|51.0|28.0|34.0
7|2013-14|26.0|DEN|NBA|C|5.0|79.0|0|0|0|0|100|-1.7|0.5|2.0|2.0|9.0|2.0|1.0|2.0|4.0|1.0|3.0
9|2014-15|27.0|DEN|NBA|C|17.0|195.0|0|0|0|7|93|-11.2|-7.8|5.0|3.0|13.0|2.0|10.0|2.0|2.0|1.0|8.0
10|2014-15|27.0|PHI|NBA|C|6.0|61.0|0|0|0|0|100|-23.2|-14.0|1.0|2.0|1.0|1.0|2.0|2.0|4.0|0.0|1.0
11|2015-16|28.0|DAL|NBA|C|34.0|370.0|0|0|0|1|99|-7.7|-8.3|5.0|5.0|24.0|5.0|14.0|5.0|6.0|2.0|10.0
12|2016-17|29.0|GSW|NBA|C|77.0|739.0|0|0|0|0|100|19.6|9.7|10.0|14.0|55.0|10.0|47.0|3.0|41.0|18.0|15.0
13|2017-18|30.0|GSW|NBA|C|65.0|615.0|0|0|0|0|100|3.3|-3.6|12.0|6.0|43.0|5.0|24.0|0.0|77.0|7.0|8.0
14|2018-19|31.0|LAL|NBA|C|75.0|1671.0|0|0|0|0|100|-4.0|-3.7|39.0|25.0|98.0|30.0|72.0|3.0|124.0|20.0|21.0
