|Season|Age|Tm|Lg|Pos|G|MP|FG%|Dist.|% of 2PA|% of 0-3|% of 3-10|% of 10-16|% of 16-3pt|% of 3P|2P %FG|0-3 %FG|3-10 %FG|10-16 %FG|16-3pt%FG|3P %FG|2P % Assisted|% of Dunks|Dunks Made|3P % Assisted|% of 3PA from Corner|Corner 3 %FG |Heaves Attempted|Heaves Made
0|2000-01|29.0|SEA|NBA|SG|67.0|1778.0|0.494|17.4|0.429|0.187|0.11199999999999999|0.032|0.09699999999999999|0.5710000000000001|0.517|0.8|0.267|0.154|0.385|0.47600000000000003|0.64|0.015|6.0|0.9359999999999999|0.157|0.361|0.0|0.0
1|2001-02|30.0|SEA|NBA|SG|81.0|3040.0|0.508|16.2|0.51|0.225|0.105|0.049|0.13|0.49|0.588|0.6629999999999999|0.494|0.5379999999999999|0.5529999999999999|0.424|0.565|0.033|26.0|0.9390000000000001|0.165|0.516|0.0|0.0
2|2002-03|31.0|SEA|NBA|SG|75.0|2480.0|0.45799999999999996|16.3|0.49200000000000005|0.262|0.076|0.021|0.133|0.508|0.514|0.682|0.318|0.16699999999999998|0.35100000000000003|0.40299999999999997|0.5|0.024|14.0|0.915|0.157|0.478|1.0|0.0
3|2003-04|32.0|SEA|NBA|SG|59.0|1803.0|0.504|17.8|0.41|0.22|0.068|0.027999999999999997|0.094|0.59|0.5770000000000001|0.6809999999999999|0.483|0.41700000000000004|0.45|0.452|0.446|0.027999999999999997|12.0|0.868|0.127|0.281|1.0|0.0
4|2004-05|33.0|SAS|NBA|SG|81.0|1742.0|0.423|18.3|0.39|0.174|0.094|0.02|0.102|0.61|0.525|0.713|0.395|0.33299999999999996|0.36200000000000004|0.35700000000000004|0.67|0.017|6.0|0.94|0.24600000000000002|0.275|2.0|0.0
5|2005-06|34.0|SAS|NBA|SG|74.0|1259.0|0.452|18.1|0.414|0.177|0.078|0.035|0.125|0.586|0.531|0.6890000000000001|0.40700000000000003|0.33299999999999996|0.442|0.396|0.605|0.035|10.0|0.95|0.287|0.5|0.0|0.0
6|2006-07|35.0|SAS|NBA|SG|75.0|1631.0|0.475|19.7|0.325|0.127|0.059000000000000004|0.045|0.094|0.675|0.536|0.685|0.56|0.21100000000000002|0.475|0.446|0.77|0.013999999999999999|6.0|0.977|0.265|0.474|1.0|0.0
7|2007-08|36.0|SAS|NBA|SF|31.0|554.0|0.48100000000000004|20.4|0.3|0.094|0.05|0.069|0.08800000000000001|0.7|0.604|0.9329999999999999|0.25|0.545|0.5|0.429|0.7240000000000001|0.025|4.0|0.9790000000000001|0.321|0.556|0.0|0.0
8|2008-09|37.0|HOU|NBA|SG|56.0|857.0|0.40700000000000003|21.1|0.23800000000000002|0.11599999999999999|0.040999999999999995|0.040999999999999995|0.040999999999999995|0.762|0.512|0.55|0.14300000000000002|0.429|0.857|0.374|0.7140000000000001|0.012|2.0|0.9590000000000001|0.198|0.34600000000000003|0.0|0.0
