|Season|Age|Tm|Lg|Pos|G|GS|MP|FG|FGA|FG%|3P|3PA|3P%|2P|2PA|2P%|FT|FTA|FT%|ORB|DRB|TRB|AST|STL|BLK|TOV|PF|PTS|ORtg|DRtg
0|2009-10|21.0|POR|NBA|PG|10.0|0.0|38.0|14.4|34.6|0.41700000000000004|2.9|5.8|0.5|11.5|28.8|0.4|5.8|10.1|0.5710000000000001|1.4|1.4|2.9|7.2|0.0|0.0|5.8|8.6|37.4|95.0|114.0
1|2010-11|22.0|POR|NBA|PG|64.0|0.0|783.0|9.4|22.9|0.41200000000000003|3.3|9.3|0.353|6.1|13.6|0.451|2.5|3.3|0.7659999999999999|1.3|2.2|3.6|7.6|1.9|0.1|4.3|4.4|24.6|101.0|111.0
2|2011-12|23.0|SAS|NBA|PG|16.0|3.0|261.0|12.5|25.7|0.485|4.8|11.1|0.429|7.7|14.7|0.527|3.0|3.0|1.0|0.8|4.8|5.5|7.7|2.0|0.2|5.1|2.8|32.7|110.0|105.0
3|2012-13|24.0|SAS|NBA|PG|58.0|2.0|656.0|8.8|18.7|0.469|4.0|10.1|0.4|4.7|8.6|0.55|1.2|1.5|0.8420000000000001|0.7|3.2|3.9|4.8|2.0|0.3|3.0|4.3|22.8|106.0|105.0
4|2013-14|25.0|SAS|NBA|PG|81.0|2.0|1527.0|10.2|22.0|0.46399999999999997|4.5|10.5|0.425|5.8|11.5|0.5|2.4|2.7|0.89|1.1|4.5|5.6|4.9|2.3|0.3|2.1|3.8|27.3|115.0|104.0
5|2014-15|26.0|SAS|NBA|PG|51.0|0.0|801.0|8.2|21.5|0.381|4.0|11.6|0.341|4.2|9.8|0.429|2.1|2.6|0.825|1.3|3.5|4.8|5.6|1.8|0.1|2.2|3.7|22.4|103.0|105.0
6|2015-16|27.0|SAS|NBA|PG|81.0|3.0|1662.0|8.0|18.9|0.425|3.8|9.9|0.384|4.2|9.0|0.469|1.4|1.8|0.81|0.8|4.0|4.9|7.0|1.8|0.2|2.3|3.1|21.3|109.0|102.0
7|2016-17|28.0|SAS|NBA|PG|80.0|8.0|1754.0|7.9|18.0|0.44|4.3|10.3|0.414|3.7|7.7|0.474|1.9|2.3|0.825|0.7|3.4|4.1|8.1|1.9|0.1|2.9|3.2|22.1|114.0|107.0
8|2017-18|29.0|SAS|NBA|PG|82.0|36.0|2107.0|6.7|16.4|0.41100000000000003|3.7|9.9|0.37200000000000005|3.0|6.4|0.47|2.5|2.8|0.89|0.6|3.1|3.7|5.5|1.3|0.3|2.5|3.1|19.6|109.0|109.0
9|2018-19|30.0|SAS|NBA|PG|82.0|1.0|1908.0|7.2|17.0|0.425|4.1|10.3|0.39399999999999996|3.1|6.6|0.475|2.3|2.6|0.8540000000000001|0.6|4.0|4.7|6.3|1.3|0.3|2.4|3.3|20.8|112.0|114.0
