player_id|Rk|Unnamed: 1|Age|G|GS|MP|FG|FGA|FG%|FT|FTA|FT%|TRB|AST|PF|PTS/G|player_id
thurmna01|1|Nate Thurmond|26|51||43.6|7.5|18.2|0.41100000000000003|5.5|8.6|0.644|22.0|4.2|2.7|20.5|thurmna01
larusru01|2|Rudy LaRusso|30|79||35.7|7.6|17.6|0.433|6.6|8.4|0.79|9.4|2.3|4.3|21.8|larusru01
mullije01|3|Jeff Mullins|25|79||35.5|7.7|17.6|0.439|3.5|4.4|0.794|5.7|4.4|3.4|18.9|mullije01
leecl01|4|Clyde Lee|23|82||32.9|4.5|10.9|0.41700000000000004|2.8|4.1|0.684|13.9|1.6|4.0|11.9|leecl01
kingji01|5|Jim King|26|54||32.3|6.3|14.8|0.425|4.0|5.0|0.81|4.5|4.2|3.2|16.6|kingji01
hetzefr01|6|Fred Hetzel|25|77||31.1|6.9|16.7|0.414|5.1|6.2|0.833|7.1|1.7|3.4|19.0|hetzefr01
attleal01|7|Al Attles|31|67||29.7|3.8|8.1|0.467|2.2|3.2|0.6940000000000001|4.1|5.8|4.2|9.8|attleal01
warlibo01|8|Bob Warlick|26|69||19.1|3.7|8.8|0.42100000000000004|1.4|2.5|0.5670000000000001|3.8|2.3|2.4|8.9|warlibo01
ellisjo01|9|Joe Ellis|23|51||12.2|2.2|5.9|0.368|0.6|1.0|0.64|3.8|0.7|1.6|5.0|ellisjo01
turnebi01|10|Bill Turner|23|42||11.5|1.6|3.7|0.433|0.9|1.4|0.6|3.7|0.4|1.8|4.1|turnebi01
leege01|11|George Lee|31|10||10.6|0.8|3.5|0.22899999999999998|1.7|2.4|0.708|2.7|0.4|1.6|3.3|leege01
lewisbo01|12|Bobby Lewis|22|41||8.3|1.4|3.7|0.391|1.5|1.9|0.772|1.4|1.0|1.0|4.4|lewisbo01
lattida01|13|Dave Lattin|24|44||5.8|0.8|2.3|0.363|0.5|0.8|0.6970000000000001|2.4|0.3|2.1|2.2|lattida01
