player_id|Rk|Unnamed: 1|Age|G|GS|MP|FG|FGA|FG%|3P|3PA|3P%|2P|2PA|2P%|FT|FTA|FT%|ORB|DRB|TRB|AST|STL|BLK|TOV|PF|PTS|Unnamed: 27|ORtg|DRtg|player_id
guglito01|1|Tom Gugliotta|24|78|78|2795|9.7|20.8|0.466|0.7|2.7|0.27|9.0|18.1|0.495|3.8|5.6|0.685|3.4|9.7|13.0|4.9|3.1|0.9|4.4|3.1|23.9||101|107|guglito01
macledo01|2|Don MacLean|24|75|69|2487|10.4|20.7|0.502|0.1|0.4|0.14300000000000002|10.3|20.3|0.509|6.6|8.0|0.8240000000000001|2.8|6.6|9.4|3.2|0.9|0.4|3.1|3.4|27.5||113|114|macledo01
adamsmi01|3|Michael Adams|31|70|67|2337|6.1|15.0|0.408|1.2|4.1|0.28800000000000003|4.9|10.9|0.45399999999999996|4.8|5.8|0.83|0.8|3.1|3.9|10.3|2.1|0.1|3.6|3.0|18.2||108|114|adamsmi01
chapmre01|4|Rex Chapman|26|60|59|2025|10.7|21.4|0.498|1.6|4.1|0.38799999999999996|9.1|17.3|0.524|4.2|5.1|0.816|1.4|2.2|3.6|4.6|1.5|0.2|2.9|2.1|27.0||113|116|chapmre01
cheanca01|5|Calbert Cheaney|22|65|21|1604|10.2|21.7|0.47|0.0|0.7|0.043|10.2|21.0|0.484|3.9|5.0|0.77|2.7|3.2|5.9|3.9|2.0|0.3|3.4|4.6|24.3||102|114|cheanca01
duckwke01|6|Kevin Duckworth|29|69|52|1485|6.2|14.9|0.41700000000000004|0.0|0.0||6.2|14.9|0.41700000000000004|3.0|4.4|0.667|3.5|7.5|11.0|1.9|1.2|1.2|3.4|7.5|15.4||91|111|duckwke01
walkeke01|7|Kenny Walker|29|73|4|1397|4.7|9.8|0.48200000000000004|0.0|0.1|0.0|4.7|9.7|0.48700000000000004|3.1|4.5|0.696|4.2|6.1|10.4|1.2|0.9|2.1|1.6|5.6|12.6||113|112|walkeke01
butlemi02|8|Mitchell Butler|23|75|19|1321|7.8|15.8|0.495|0.0|0.2|0.0|7.8|15.7|0.501|3.9|6.8|0.578|4.0|4.5|8.5|2.9|2.0|0.8|3.3|5.0|19.6||103|112|butlemi02
ellispe01|9|Pervis Ellison|26|47|24|1178|5.8|12.4|0.469|0.0|0.1|0.0|5.8|12.3|0.474|3.0|4.1|0.722|3.3|7.0|10.3|3.0|1.1|2.1|3.1|5.9|14.6||100|111|ellispe01
pricebr01|10|Brent Price|25|65|13|1035|6.8|15.8|0.433|2.4|7.3|0.33299999999999996|4.4|8.5|0.517|3.3|4.2|0.782|1.5|2.9|4.4|10.3|2.7|0.1|5.8|5.5|19.3||101|113|pricebr01
overtdo01|11|Doug Overton|24|61|1|749|5.8|14.4|0.40299999999999997|0.1|0.7|0.091|5.7|13.7|0.42|2.9|3.5|0.8270000000000001|1.3|3.3|4.6|6.1|1.4|0.1|3.6|3.2|14.6||93|115|overtdo01
muresgh01|12|Gheorghe Mureșan|22|54|2|650|9.9|18.1|0.545|0.0|0.0||9.9|18.1|0.545|3.7|5.5|0.6759999999999999|5.1|9.7|14.8|1.4|2.2|3.7|4.2|9.2|23.4||105|106|muresgh01
conloma01|13|Marty Conlon|26|14|1|201|7.2|13.9|0.518|0.0|0.2|0.0|7.2|13.7|0.527|3.0|3.7|0.8|4.7|7.7|12.5|1.5|1.0|0.2|2.5|8.2|17.4||111|113|conloma01
anderro01|14|Ron Anderson|35|10|0|180|5.6|12.0|0.465|0.8|3.9|0.214|4.7|8.1|0.586|2.5|3.1|0.818|2.2|5.3|7.5|3.1|0.8|0.3|2.5|1.9|14.5||106|115|anderro01
paddige01|15|Gerald Paddio|28|8|0|74|7.4|21.6|0.344|0.0|0.7|0.0|7.4|21.0|0.355|5.4|9.5|0.5710000000000001|3.4|4.1|7.4|4.7|2.0|0.0|1.4|2.7|20.3||96|114|paddige01
gazean01|16|Andrew Gaze|28|7|0|70|5.7|12.2|0.47100000000000003|2.9|5.7|0.5|2.9|6.4|0.444|1.4|1.4|1.0|0.7|4.3|5.0|3.6|1.4|0.7|2.1|6.4|15.7||117|114|gazean01
smithla02|17|LaBradford Smith|24|7|0|48|8.3|18.8|0.444|0.0|0.0||8.3|18.8|0.444|15.6|20.9|0.75|5.2|3.1|8.3|5.2|3.1|1.0|1.0|8.3|32.3||133|111|smithla02
stewala01|18|Larry Stewart|25|3|0|35|4.3|11.4|0.375|0.0|0.0||4.3|11.4|0.375|10.0|14.3|0.7|1.4|8.6|10.0|2.9|2.9|1.4|2.9|5.7|18.6||106|107|stewala01
horfoti01|19|Tito Horford|28|3|0|28|0.0|3.6|0.0|0.0|0.0||0.0|3.6|0.0|0.0|0.0||1.8|3.6|5.4|0.0|1.8|5.4|1.8|5.4|0.0||22|110|horfoti01
bolma01|20|Manute Bol|31|2|0|6|0.0|0.0||0.0|0.0||0.0|0.0||0.0|0.0||0.0|8.3|8.3|8.3|0.0|8.3|0.0|8.3|0.0||207|107|bolma01
