|Season|Age|Tm|Lg|Pos|G|MP|PG%|SG%|SF%|PF%|C%|OnCourt|On-Off|BadPass|LostBall|Shoot|Off.|Shoot.1|Off..1|PGA|And1|Blkd
0|2008-09|22.0|SAC|NBA|PF|82.0|2303.0|0|0|3|67|30|-6.7|6.5|44.0|39.0|162.0|31.0|135.0|10.0|218.0|24.0|76.0
1|2009-10|23.0|SAC|NBA|C|75.0|2357.0|0|0|0|36|64|-5.1|-1.1|47.0|40.0|117.0|39.0|133.0|8.0|281.0|32.0|68.0
2|2010-11|24.0|SAC|NBA|PF|75.0|1748.0|0|0|0|85|15|-4.1|3.1|30.0|22.0|92.0|37.0|95.0|9.0|196.0|22.0|42.0
3|2011-12|25.0|SAC|NBA|PF|64.0|1657.0|0|0|0|83|17|-3.1|6.1|16.0|22.0|58.0|17.0|90.0|6.0|177.0|22.0|49.0
4|2012-13|26.0|SAC|NBA|PF|82.0|2285.0|0|0|0|82|18|-5.3|0.2|41.0|28.0|99.0|23.0|94.0|8.0|193.0|16.0|71.0
5|2013-14|27.0|SAC|NBA|PF|82.0|2007.0|0|0|0|67|33|-0.3|5.9|21.0|28.0|105.0|32.0|64.0|9.0|121.0|11.0|35.0
6|2014-15|28.0|SAC|NBA|PF|81.0|1991.0|0|0|0|52|49|-4.7|-1.8|28.0|24.0|110.0|22.0|62.0|5.0|187.0|7.0|35.0
8|2015-16|29.0|GSW|NBA|C|28.0|179.0|0|0|0|19|81|-13.2|-25.5|3.0|3.0|22.0|1.0|12.0|0.0|42.0|0.0|6.0
9|2015-16|29.0|TOR|NBA|C|19.0|292.0|0|0|0|47|53|8.2|3.7|1.0|1.0|17.0|5.0|9.0|1.0|24.0|4.0|2.0
