|Season|Age|Tm|Lg|Pos|G|GS|MP|FG|FGA|FG%|3P|3PA|3P%|2P|2PA|2P%|eFG%|FT|FTA|FT%|ORB|DRB|TRB|AST|STL|BLK|TOV|PF|PTS
0|1977-78|24.0|MIL|NBA|SF|9.0||208.0|48.0|78.0|0.615||||48.0|78.0|0.615|0.615|25.0|32.0|0.7809999999999999|16.0|26.0|42.0|13.0|6.0|7.0|12.0|20.0|121.0
1|1981-82|28.0|DEN|NBA|SF|3.0||118.0|26.0|55.0|0.473|0.0|0.0||26.0|55.0|0.473|0.473|6.0|7.0|0.857|8.0|15.0|23.0|17.0|3.0|3.0|4.0|6.0|58.0
2|1982-83|29.0|DEN|NBA|SF|7.0||270.0|67.0|150.0|0.447|0.0|2.0|0.0|67.0|148.0|0.45299999999999996|0.447|47.0|53.0|0.887|20.0|24.0|44.0|42.0|4.0|7.0|21.0|21.0|181.0
3|1983-84|30.0|DEN|NBA|SF|5.0||203.0|60.0|102.0|0.588|0.0|1.0|0.0|60.0|101.0|0.594|0.588|25.0|28.0|0.893|16.0|24.0|40.0|28.0|3.0|2.0|7.0|17.0|145.0
4|1984-85|31.0|DEN|NBA|SF|14.0|14.0|536.0|163.0|304.0|0.536|0.0|1.0|0.0|163.0|303.0|0.5379999999999999|0.536|97.0|109.0|0.89|36.0|56.0|92.0|63.0|17.0|5.0|30.0|40.0|423.0
5|1985-86|32.0|DEN|NBA|SF|10.0|10.0|394.0|106.0|229.0|0.46299999999999997|0.0|1.0|0.0|106.0|228.0|0.465|0.46299999999999997|61.0|71.0|0.8590000000000001|18.0|17.0|35.0|52.0|4.0|4.0|28.0|29.0|273.0
6|1986-87|33.0|DEN|NBA|SF|3.0|3.0|76.0|25.0|49.0|0.51|0.0|0.0||25.0|49.0|0.51|0.51|6.0|7.0|0.857|10.0|4.0|14.0|10.0|0.0|0.0|8.0|9.0|56.0
7|1987-88|34.0|DEN|NBA|SF|11.0|11.0|438.0|116.0|255.0|0.455|0.0|3.0|0.0|116.0|252.0|0.46|0.455|35.0|43.0|0.8140000000000001|31.0|28.0|59.0|48.0|7.0|3.0|16.0|34.0|267.0
8|1988-89|35.0|DEN|NBA|SF|3.0|3.0|108.0|32.0|62.0|0.516|0.0|0.0||32.0|62.0|0.516|0.516|14.0|16.0|0.875|8.0|5.0|13.0|11.0|1.0|0.0|14.0|6.0|78.0
9|1989-90|36.0|DEN|NBA|SF|3.0|3.0|76.0|25.0|44.0|0.568|0.0|0.0||25.0|44.0|0.568|0.568|9.0|11.0|0.818|3.0|6.0|9.0|9.0|2.0|1.0|2.0|6.0|59.0
