|Season|Age|Tm|Lg|Pos|G|MP|PER|TS%|3PAr|FTr|ORB%|DRB%|TRB%|AST%|STL%|BLK%|TOV%|USG%|OWS|DWS|WS|WS/48|OBPM|DBPM|BPM|VORP
0|2010-11|24.0|CHI|NBA|C|82.0|989.0|11.8|0.5589999999999999|0.0|1.028|13.7|22.3|18.1|4.7|1.1|4.3|23.8|12.5|0.5|2.2|2.7|0.13|-3.5|3.0|-0.5|0.4
1|2011-12|25.0|CHI|NBA|C|66.0|971.0|13.4|0.509|0.0|0.66|14.9|25.1|20.1|4.8|1.7|5.0|25.2|12.6|0.1|2.5|2.6|0.129|-3.3|4.4|1.1|0.8
2|2012-13|26.0|HOU|NBA|C|82.0|2464.0|14.9|0.5579999999999999|0.002|0.48700000000000004|12.8|31.0|22.0|4.6|0.9|2.7|18.8|16.3|2.0|3.5|5.5|0.10800000000000001|-2.6|1.3|-1.3|0.5
3|2013-14|27.0|HOU|NBA|C|48.0|968.0|14.0|0.57|0.0|0.6629999999999999|12.3|30.1|21.7|3.8|0.7|2.8|19.4|13.8|1.0|1.5|2.4|0.121|-3.1|0.7|-2.4|-0.1
4|2014-15|28.0|NOP|NBA|C|76.0|1982.0|15.5|0.545|0.0|0.546|14.0|28.8|21.4|5.4|0.8|2.1|15.7|14.0|2.8|2.2|5.0|0.12|-1.3|0.6|-0.7|0.6
5|2015-16|29.0|NOP|NBA|C|68.0|1178.0|11.0|0.551|0.0|0.574|10.9|28.7|19.5|3.1|0.9|1.6|19.7|11.4|0.7|1.0|1.7|0.07|-4.0|-0.2|-4.2|-0.7
6|2016-17|30.0|NOP|NBA|C|31.0|482.0|9.8|0.517|0.0|0.6|10.4|25.3|17.8|4.2|0.5|1.7|14.6|8.8|0.4|0.6|1.0|0.1|-4.3|1.2|-3.1|-0.1
8|2017-18|31.0|NOP|NBA|C|14.0|121.0|4.5|0.423|0.0|0.75|6.5|26.0|16.6|2.0|0.4|1.3|19.0|9.4|-0.1|0.1|0.0|0.008|-7.4|-0.7|-8.1|-0.2
9|2017-18|31.0|CHI|NBA|C|4.0|61.0|0.2|0.311|0.0|0.16699999999999998|3.4|14.6|8.8|2.1|0.8|2.9|38.3|7.4|-0.1|0.0|-0.1|-0.078|-9.6|1.6|-8.0|-0.1
