player_id|Rk|Unnamed: 1|Age|G|GS|MP|FG|FGA|FG%|FT|FTA|FT%|TRB|AST|PF|PTS/G|player_id
chambwi01|1|Wilt Chamberlain|30|81||45.5|9.7|14.2|0.6829999999999999|4.8|10.8|0.441|24.2|7.8|1.8|24.1|chambwi01
greerha01|2|Hal Greer|30|80||38.6|8.7|19.1|0.45899999999999996|4.6|5.8|0.7879999999999999|5.3|3.8|3.8|22.1|greerha01
walkech01|3|Chet Walker|26|81||33.2|6.9|14.2|0.488|5.5|7.2|0.7659999999999999|8.1|2.3|2.9|19.3|walkech01
jackslu01|4|Luke Jackson|25|81||29.3|4.8|10.9|0.43799999999999994|2.4|3.2|0.759|8.9|1.4|3.4|12.0|jackslu01
joneswa02|5|Wali Jones|24|81||27.8|5.2|12.1|0.431|2.8|3.3|0.838|3.3|3.7|3.0|13.2|joneswa02
cunnibi01|6|Billy Cunningham|23|81||26.8|6.9|15.0|0.45899999999999996|4.7|6.9|0.6859999999999999|7.3|2.5|3.2|18.5|cunnibi01
costela01|7|Larry Costello|35|49||19.9|2.7|6.0|0.444|2.4|2.7|0.902|2.1|2.9|2.9|7.8|costela01
gambeda01|8|Dave Gambee|29|63||12.0|2.4|5.5|0.435|1.7|2.0|0.856|3.1|0.7|2.3|6.5|gambeda01
guokama02|9|Matt Guokas|22|69||11.7|1.1|2.9|0.389|0.7|1.2|0.605|1.2|1.5|1.2|3.0|guokama02
melchbi01|10|Bill Melchionni|22|73||9.5|1.9|4.8|0.391|0.5|0.8|0.65|1.3|1.3|1.0|4.3|melchbi01
weissbo01|11|Bob Weiss|24|6||4.8|0.8|1.7|0.5|0.3|0.8|0.4|0.5|1.7|1.3|2.0|weissbo01
