|Season|Age|Tm|Lg|Pos|G|MP|PG%|SG%|SF%|PF%|C%|OnCourt|On-Off|BadPass|LostBall|Shoot|Off.|Shoot.1|Off..1|PGA|And1|Blkd
0|2000-01|30.0|MIL|NBA|PG|82.0|2002.0|100|0|0|0|0|4.7|1.0|36.0|23.0|63.0|6.0|35.0|0.0|494.0|6.0|20.0
1|2001-02|31.0|LAL|NBA|PG|82.0|1616.0|100|0|0|0|0|3.9|-6.0|25.0|20.0|48.0|3.0|10.0|0.0|281.0|1.0|18.0
2|2002-03|32.0|TOR|NBA|PG|29.0|673.0|100|0|0|0|0|-12.3|-6.8|22.0|22.0|12.0|6.0|18.0|0.0|159.0|4.0|7.0
3|2003-04|33.0|DET|NBA|SG|33.0|661.0|31|67|2|0|0|10.2|4.5|24.0|8.0|13.0|0.0|3.0|0.0|182.0|1.0|5.0
4|2004-05|34.0|DET|NBA|SG|76.0|1144.0|39|60|1|0|0|1.1|-4.8|41.0|15.0|39.0|7.0|18.0|0.0|277.0|3.0|19.0
5|2005-06|35.0|DET|NBA|PG|30.0|353.0|100|0|0|0|0|6.4|-1.7|13.0|6.0|22.0|1.0|2.0|4.0|130.0|0.0|3.0
6|2006-07|36.0|DET|NBA|PG|52.0|745.0|100|0|0|0|0|-2.8|-9.2|23.0|6.0|23.0|4.0|12.0|8.0|196.0|2.0|8.0
7|2007-08|37.0|DET|NBA|PG|24.0|215.0|100|0|0|0|0|6.4|-2.3|10.0|1.0|11.0|1.0|2.0|5.0|72.0|0.0|3.0
8|2008-09|38.0|CHI|NBA|PG|28.0|266.0|100|0|0|0|0|-8.6|-9.0|10.0|3.0|9.0|2.0|2.0|1.0|82.0|1.0|3.0
9|2009-10|39.0|CHI|NBA|PG|13.0|122.0|33|68|0|0|0|-5.9|-4.5|3.0|0.0|3.0|1.0|1.0|2.0|20.0|0.0|0.0
