|Season|Age|Tm|Lg|MP|FG|FGA|3P|3PA|2P|2PA|FT|FTA|ORB|DRB|TRB|AST|STL|BLK|TOV|PF|PTS|GmSc
0|1991-92|23.0|SAC|NBA||6|9|0|1|6|9|6|6|3|4|4|7|6|2|3|5|12|11.4
1|1992-93|24.0|SAC|NBA||10|15|1|1|9|14|6|8|5|7|10|8|7|3|6|6|27|26.7
2|1993-94|25.0|SAC|NBA||6|11|0|1|6|11|3|6|4|4|7|7|5|2|5|6|12|12.5
3|1994-95|26.0|SAC|NBA||7|11|3|4|6|9|5|6|2|5|5|7|5|4|4|5|18|17.2
4|1995-96|27.0|CHI|NBA||7|11|1|3|7|8|2|4|3|3|3|6|6|1|4|5|16|18.4
5|1996-97|28.0|CHI|NBA||6|12|1|3|6|11|7|8|3|7|7|8|4|1|4|5|14|16.5
6|1997-98|29.0|CHI|NBA||6|9|0|1|6|9|8|11|3|6|8|7|4|2|4|4|14|16.4
7|1998-99|30.0|CHI|NBA||8|18|0|2|8|16|6|7|3|8|11|10|8|2|7|6|20|17.4
8|1999-00|31.0|CHI|NBA||8|15|1|2|7|14|7|8|2|6|7|9|4|2|5|6|18|13.5
9|2000-01|32.0|BOS|NBA||8|12|0|1|8|12|3|4|3|5|6|9|4|1|5|6|16|15.9
10|2001-02|33.0|BOS|NBA||0|1|0|0|0|1|0|0|0|0|0|2|0|1|0|1|0|1.0
11|2002-03|34.0|PHO|NBA||2|3|0|0|2|3|4|6|1|3|3|4|3|1|2|4|4|5.9
