|Season|Age|Tm|Lg|Pos|G|GS|MP|FG|FGA|FG%|3P|3PA|3P%|2P|2PA|2P%|FT|FTA|FT%|ORB|DRB|TRB|AST|STL|BLK|TOV|PF|PTS
0|1991-92|23.0|SAC|NBA|PG|56.0|0.0|535.0|5.2|11.4|0.456|0.0|0.4|0.0|5.2|11.0|0.47200000000000003|2.6|3.9|0.655|1.7|2.9|4.6|4.0|2.4|0.8|2.8|4.6|12.9
1|1992-93|24.0|SAC|NBA|PG|75.0|34.0|1726.0|4.7|10.1|0.46299999999999997|0.0|0.1|0.33299999999999996|4.7|10.0|0.465|2.4|3.3|0.732|1.6|2.9|4.4|4.1|2.3|0.7|2.5|4.3|11.8
2|1993-94|25.0|SAC|NBA|PG|61.0|2.0|1041.0|3.8|8.7|0.43799999999999994|0.0|0.1|0.0|3.8|8.5|0.445|1.8|3.0|0.609|1.4|2.5|3.9|4.6|2.2|0.5|2.6|4.6|9.4
3|1994-95|26.0|SAC|NBA|PG|67.0|2.0|1086.0|4.1|9.5|0.43200000000000005|0.5|1.6|0.298|3.6|8.0|0.45799999999999996|1.8|2.7|0.6709999999999999|0.8|2.8|3.6|4.4|3.3|0.6|2.6|5.1|10.5
4|1995-96|27.0|CHI|NBA|PG|68.0|0.0|671.0|4.2|10.3|0.406|0.1|0.6|0.091|4.1|9.7|0.425|1.5|2.5|0.609|0.9|2.6|3.5|3.9|3.1|0.6|1.7|4.7|9.9
5|1996-97|28.0|CHI|NBA|PG|72.0|3.0|1057.0|4.8|11.3|0.42|0.1|0.7|0.182|4.6|10.6|0.43700000000000006|1.9|2.9|0.679|1.2|2.6|3.8|4.5|2.8|0.6|2.0|4.0|11.6
6|1997-98|29.0|CHI|NBA|PG|71.0|6.0|1147.0|3.6|9.5|0.384|0.0|0.2|0.0|3.6|9.3|0.391|1.8|2.4|0.718|1.1|1.9|3.0|4.7|2.2|0.4|2.0|3.7|9.0
7|1998-99|30.0|CHI|NBA|PG|39.0|32.0|1139.0|4.2|10.1|0.414|0.0|0.3|0.0|4.2|9.8|0.42700000000000005|2.5|3.3|0.757|0.9|3.3|4.2|4.7|2.1|0.3|2.5|2.9|10.8
8|1999-00|31.0|CHI|NBA|PG|59.0|55.0|1625.0|3.5|9.6|0.361|0.1|0.1|0.5|3.4|9.5|0.359|1.4|1.9|0.738|0.5|2.7|3.2|4.5|1.4|0.3|2.3|2.7|8.4
9|2000-01|32.0|BOS|NBA|PG|54.0|35.0|1238.0|2.9|6.9|0.42200000000000004|0.0|0.1|0.0|2.9|6.8|0.42700000000000005|0.7|1.2|0.575|0.7|2.2|2.9|4.5|1.8|0.3|1.6|3.8|6.5
10|2001-02|33.0|BOS|NBA|PG|1.0|0.0|6.0|0.0|6.0|0.0|0.0|0.0||0.0|6.0|0.0|0.0|0.0||0.0|0.0|0.0|12.0|0.0|6.0|0.0|6.0|0.0
11|2002-03|34.0|PHO|NBA|PG|32.0|0.0|262.0|2.2|5.9|0.37200000000000005|0.0|0.0||2.2|5.9|0.37200000000000005|1.2|1.6|0.75|0.4|3.2|3.6|4.8|2.3|0.3|2.3|4.9|5.6
