player_id|Rk|Unnamed: 1|Age|G|MP|PER|TS%|FTr|ORB%|DRB%|TRB%|AST%|STL%|BLK%|TOV%|USG%|Unnamed: 16|OWS|DWS|WS|WS/48|Unnamed: 21|OBPM|DBPM|BPM|VORP|player_id
webstma01|1|Marvin Webster|25|82|2910|17.0|0.5429999999999999|0.542|12.1|24.6|18.1|9.6|0.8|3.0|19.6|17.2||3.7|5.0|8.7|0.14300000000000002||1.1|1.9|3.0|3.7|webstma01
willigu01|2|Gus Williams|24|79|2572|18.1|0.491|0.20800000000000002|3.1|7.1|5.1|18.0|3.3|0.9|11.5|24.4||3.8|3.9|7.7|0.14300000000000002||2.4|0.0|2.4|2.8|willigu01
sikmaja01|3|Jack Sikma|22|82|2238|13.5|0.509|0.32799999999999996|8.5|22.9|15.4|8.3|1.4|1.0|17.8|17.8||1.7|3.6|5.4|0.115||-0.7|0.4|-0.2|1.0|sikmaja01
johnsde01|4|Dennis Johnson|23|81|2209|15.6|0.486|0.461|6.7|6.8|6.8|14.8|2.4|1.2|13.4|21.1||2.9|2.9|5.8|0.127||1.5|0.0|1.5|1.9|johnsde01
silaspa01|5|Paul Silas|34|82|2172|10.2|0.43700000000000006|0.401|13.0|18.4|15.6|8.5|1.4|0.4|21.8|12.2||0.0|3.0|3.1|0.067||-0.9|1.1|0.2|1.2|silaspa01
brownfr01|6|Fred Brown|29|72|1965|19.6|0.528|0.188|3.0|6.9|4.9|19.9|2.6|0.7|12.7|25.0||4.1|2.5|6.7|0.163||3.1|-1.2|1.9|1.9|brownfr01
johnsjo01|7|John Johnson|30|76|1812|11.9|0.45299999999999996|0.212|5.4|12.1|8.6|17.0|1.1|0.6|15.6|22.3||0.2|2.0|2.1|0.057||-0.8|-1.3|-2.1|0.0|johnsjo01
sealsbr01|8|Bruce Seals|24|73|1322|10.3|0.455|0.318|4.6|13.2|8.7|8.8|1.4|1.3|14.1|21.1||-0.1|1.7|1.6|0.059000000000000004||-2.3|-1.1|-3.5|-0.5|sealsbr01
walkewa01|9|Wally Walker|23|68|1003|12.5|0.469|0.267|7.8|12.9|10.2|10.0|1.1|0.5|12.3|20.3||0.7|1.1|1.9|0.09||-0.7|-1.8|-2.5|-0.1|walkewa01
wattssl01|10|Slick Watts|26|32|809|9.3|0.423|0.195|2.5|7.9|5.1|22.4|3.0|0.9|23.8|18.2||-1.0|1.2|0.2|0.009000000000000001||-2.7|0.3|-2.4|-0.1|wattssl01
hassejo01|11|Joe Hassett|22|48|404|11.9|0.457|0.059000000000000004|3.4|5.8|4.5|15.7|2.4|0.0|13.9|23.0||0.0|0.5|0.5|0.054000000000000006||-1.4|-2.6|-4.0|-0.2|hassejo01
greenmi01|12|Mike Green|26|9|250|14.2|0.532|0.35600000000000004|8.6|14.0|11.2|5.7|1.1|2.8|17.9|18.7||0.2|0.3|0.6|0.106||-0.8|-0.2|-0.9|0.1|greenmi01
flemial01|13|Al Fleming|23|20|97|10.7|0.52|0.5479999999999999|13.1|18.6|15.7|10.1|0.0|2.8|29.4|21.4||-0.1|0.1|0.0|0.018000000000000002||-3.4|-1.1|-4.5|-0.1|flemial01
wisewi01|14|Willie Wise|30|2|10|-5.9|0.105|1.3330000000000002|19.5|10.6|15.3|0.0|0.0|0.0|0.0|18.1||-0.1|0.0|0.0|-0.20800000000000002||-9.5|-7.9|-17.4|0.0|wisewi01
tolsode01|15|Dean Tolson|26|1|7|-7.1|0.0|0.0|0.0|0.0|0.0|32.8|0.0|0.0|50.0|10.9||0.0|0.0|0.0|-0.196||-13.6|-9.4|-23.1|0.0|tolsode01
