|Season|Age|Tm|Lg|Pos|G|GS|MP|FG|FGA|FG%|FT|FTA|FT%|TRB|AST|PF|PTS
0|1956-57|24.0|SYR|NBA|PG|5||97|12|38|0.316|8|12|0.667|15|8|16|32
1|1957-58|25.0|SYR|NBA|SG|2||37|4|12|0.33299999999999996|3|8|0.375|7|2|4|11
2|1958-59|26.0|SYR|NBA|PG|9||192|34|74|0.45899999999999996|14|22|0.636|29|25|41|82
3|1959-60|27.0|SYR|NBA|PG|2||18|0|8|0.0|0|0||3|3|2|0
4|1960-61|28.0|SYR|NBA|PG|7||90|17|46|0.37|8|9|0.889|7|5|20|42
5|1961-62|29.0|SYR|NBA|PG|5||184|27|69|0.391|17|20|0.85|26|18|17|71
6|1962-63|30.0|SYR|NBA|SG|5||77|15|34|0.441|4|7|0.5710000000000001|8|2|17|34
7|1963-64|31.0|PHI|NBA|PG|5||68|12|29|0.414|3|4|0.75|4|4|12|27
8|1964-65|32.0|PHI|NBA|PG|11||308|45|118|0.381|14|21|0.667|16|30|45|104
9|1965-66|33.0|PHI|NBA|PG|5||64|18|43|0.419|9|12|0.75|10|4|19|45
