player_id|Rk|Unnamed: 1|Age|G|GS|MP|FG|FGA|FG%|FT|FTA|FT%|TRB|AST|PF|PTS|player_id
shuege01|1|Gene Shue|29|78||3361|650|1545|0.42100000000000004|465|543|0.856|334|530|207|1765|shuege01
howelba01|2|Bailey Howell|24|77||2952|607|1293|0.469|601|798|0.753|1111|196|297|1815|howelba01
ohldo01|3|Don Ohl|24|79||2172|427|1085|0.39399999999999996|200|278|0.7190000000000001|256|265|224|1054|ohldo01
dukeswa01|4|Walter Dukes|30|73||2044|286|706|0.405|281|400|0.703|1028|139|313|853|dukeswa01
leege01|5|George Lee|24|74||1735|310|776|0.39899999999999997|276|394|0.701|490|89|158|896|leege01
ferrybo01|6|Bob Ferry|23|79||1657|350|776|0.451|189|255|0.741|500|129|205|889|ferrybo01
noblech01|7|Chuck Noble|29|75||1655|196|566|0.34600000000000003|82|115|0.713|180|287|195|474|noblech01
mcmilsh01|8|Shellie McMillon|24|78||1636|322|752|0.428|140|201|0.6970000000000001|487|98|238|784|mcmilsh01
morelja01|9|Jackie Moreland|22|64||1003|191|477|0.4|86|132|0.652|315|52|174|468|morelja01
joneswi01|10|Willie Jones|24|35||452|78|216|0.361|40|63|0.635|94|63|90|196|joneswi01
deesar01|11|Archie Dees|24|28||308|53|135|0.39299999999999996|39|47|0.83|94|17|50|145|deesar01
johnsro01|12|Ron Johnson|22|6||60|11|30|0.36700000000000005|9|14|0.643|14|1|6|31|johnsro01
