|Season|Age|Tm|Lg|Pos|G|MP|PG%|SG%|SF%|PF%|C%|OnCourt|On-Off|BadPass|LostBall|Shoot|Off.|Shoot.1|Off..1|PGA|And1|Blkd
0|2009-10|21.0|OKC|NBA|SF|6.0|231.0|0|20|79|1|0|-1.2|6.7|5.0|10.0|4.0|4.0|22.0|0.0|32.0|2.0|7.0
1|2010-11|22.0|OKC|NBA|SF|17.0|722.0|0|0|81|19|0|2.8|6.3|11.0|24.0|28.0|5.0|53.0|1.0|110.0|8.0|17.0
2|2011-12|23.0|OKC|NBA|SF|20.0|837.0|0|0|58|42|0|3.8|-0.3|25.0|25.0|23.0|10.0|50.0|2.0|174.0|6.0|12.0
3|2012-13|24.0|OKC|NBA|SF|11.0|485.0|0|0|47|53|0|0.8|-0.3|15.0|20.0|14.0|6.0|42.0|5.0|172.0|10.0|8.0
4|2013-14|25.0|OKC|NBA|SF|19.0|815.0|0|0|62|37|1|0.1|11.1|28.0|34.0|20.0|6.0|55.0|2.0|169.0|9.0|9.0
5|2015-16|27.0|OKC|NBA|SF|18.0|726.0|0|0|84|16|0|6.2|6.6|9.0|51.0|12.0|5.0|56.0|4.0|145.0|10.0|12.0
6|2016-17|28.0|GSW|NBA|PF|15.0|533.0|0|0|40|58|2|15.5|6.0|18.0|17.0|21.0|3.0|40.0|0.0|150.0|9.0|14.0
7|2017-18|29.0|GSW|NBA|SF|21.0|807.0|0|0|9|64|27|12.4|10.7|26.0|18.0|22.0|3.0|57.0|3.0|235.0|5.0|14.0
8|2018-19|30.0|GSW|NBA|SF|12.0|442.0|0|0|46|54|0|8.6|8.9|22.0|15.0|15.0|5.0|40.0|8.0|129.0|13.0|7.0
