|Season|Age|Tm|Lg|Pos|G|GS|MP|FG|FGA|FG%|3P|3PA|3P%|2P|2PA|2P%|eFG%|FT|FTA|FT%|ORB|DRB|TRB|AST|STL|BLK|TOV|PF|PTS
0|2005-06|22.0|NYK|NBA|C|65.0|14.0|1572.0|305.0|640.0|0.47700000000000004|3.0|9.0|0.33299999999999996|302.0|631.0|0.479|0.479|189.0|229.0|0.825|138.0|236.0|374.0|53.0|30.0|47.0|97.0|200.0|802.0
1|2006-07|23.0|NYK|NBA|PF|72.0|59.0|1896.0|298.0|689.0|0.433|3.0|18.0|0.16699999999999998|295.0|671.0|0.44|0.435|85.0|108.0|0.787|91.0|304.0|395.0|67.0|36.0|42.0|100.0|216.0|684.0
2|2007-08|24.0|POR|NBA|C|78.0|20.0|1342.0|221.0|453.0|0.488|3.0|10.0|0.3|218.0|443.0|0.49200000000000005|0.491|85.0|109.0|0.78|107.0|247.0|354.0|57.0|29.0|27.0|55.0|208.0|530.0
3|2008-09|25.0|POR|NBA|PF|63.0|1.0|746.0|113.0|267.0|0.423|11.0|33.0|0.33299999999999996|102.0|234.0|0.436|0.444|26.0|36.0|0.722|41.0|99.0|140.0|24.0|17.0|16.0|29.0|106.0|263.0
4|2009-10|26.0|PHO|NBA|C|81.0|41.0|2190.0|317.0|703.0|0.451|172.0|392.0|0.439|145.0|311.0|0.466|0.573|98.0|121.0|0.81|66.0|361.0|427.0|113.0|64.0|74.0|73.0|263.0|904.0
5|2010-11|27.0|PHO|NBA|PF|77.0|64.0|2541.0|358.0|829.0|0.43200000000000005|171.0|439.0|0.39|187.0|390.0|0.479|0.535|89.0|107.0|0.8320000000000001|65.0|448.0|513.0|96.0|46.0|79.0|73.0|272.0|976.0
6|2011-12|28.0|PHO|NBA|PF|64.0|59.0|1669.0|255.0|613.0|0.41600000000000004|91.0|263.0|0.34600000000000003|164.0|350.0|0.469|0.49|73.0|82.0|0.89|71.0|308.0|379.0|88.0|42.0|70.0|63.0|176.0|674.0
7|2013-14|30.0|PHO|NBA|PF|82.0|82.0|2312.0|336.0|778.0|0.43200000000000005|160.0|432.0|0.37|176.0|346.0|0.509|0.535|78.0|95.0|0.821|73.0|343.0|416.0|98.0|60.0|63.0|89.0|245.0|910.0
8|2014-15|31.0|ORL|NBA|PF|75.0|51.0|1870.0|191.0|487.0|0.392|136.0|346.0|0.39299999999999996|55.0|141.0|0.39|0.532|31.0|35.0|0.8859999999999999|27.0|266.0|293.0|94.0|47.0|39.0|78.0|191.0|549.0
10|2015-16|32.0|ORL|NBA|PF|44.0|29.0|754.0|81.0|186.0|0.435|48.0|121.0|0.397|33.0|65.0|0.508|0.565|19.0|21.0|0.905|23.0|118.0|141.0|45.0|21.0|20.0|30.0|71.0|229.0
11|2015-16|32.0|CLE|NBA|C|26.0|3.0|446.0|71.0|161.0|0.441|43.0|114.0|0.377|28.0|47.0|0.596|0.575|11.0|14.0|0.7859999999999999|12.0|81.0|93.0|26.0|8.0|8.0|13.0|56.0|196.0
12|2016-17|33.0|CLE|NBA|C|74.0|15.0|1398.0|238.0|520.0|0.45799999999999996|137.0|335.0|0.409|101.0|185.0|0.546|0.589|63.0|74.0|0.851|37.0|253.0|290.0|45.0|33.0|37.0|53.0|138.0|676.0
14|2017-18|34.0|CLE|NBA|C|44.0|1.0|545.0|84.0|169.0|0.49700000000000005|30.0|90.0|0.33299999999999996|54.0|79.0|0.684|0.586|14.0|15.0|0.9329999999999999|10.0|100.0|110.0|28.0|17.0|12.0|17.0|54.0|212.0
15|2017-18|34.0|LAL|NBA|C|9.0|0.0|150.0|20.0|43.0|0.465|9.0|25.0|0.36|11.0|18.0|0.611|0.57|3.0|4.0|0.75|2.0|23.0|25.0|10.0|1.0|1.0|4.0|15.0|52.0
16|2018-19|35.0|CLE|NBA|C|36.0|6.0|341.0|43.0|117.0|0.368|32.0|79.0|0.405|11.0|38.0|0.289|0.504|11.0|14.0|0.7859999999999999|4.0|48.0|52.0|20.0|6.0|5.0|13.0|44.0|129.0
