|Season|Age|Tm|Lg|Pos|G|MP|FG%|Dist.|% of 2PA|% of 0-3|% of 3-10|% of 10-16|% of 16-3pt|% of 3P|2P %FG|0-3 %FG|3-10 %FG|10-16 %FG|16-3pt%FG|3P %FG|2P % Assisted|% of Dunks|Dunks Made|3P % Assisted|% of 3PA from Corner|Corner 3 %FG |Heaves Attempted|Heaves Made
0|2000-01|27.0|DAL|NBA|SF|82.0|3443.0|0.45799999999999996|13.1|0.831|0.21|0.159|0.191|0.27|0.16899999999999998|0.48100000000000004|0.755|0.37200000000000005|0.38|0.40299999999999997|0.34600000000000003|0.46799999999999997|0.039|59.0|0.879|0.285|0.373|6.0|0.0
1|2001-02|28.0|DAL|NBA|SF|69.0|2754.0|0.46299999999999997|14.1|0.818|0.18600000000000003|0.115|0.204|0.314|0.182|0.491|0.684|0.48200000000000004|0.41600000000000004|0.429|0.33899999999999997|0.529|0.047|56.0|0.9079999999999999|0.254|0.42100000000000004|4.0|0.0
2|2002-03|29.0|DAL|NBA|SF|69.0|2642.0|0.425|14.9|0.73|0.18899999999999997|0.11199999999999999|0.146|0.28300000000000003|0.27|0.445|0.596|0.366|0.425|0.38799999999999996|0.37|0.461|0.031|35.0|0.95|0.307|0.374|3.0|0.0
3|2003-04|30.0|DAL|NBA|SG|72.0|2778.0|0.44299999999999995|17.1|0.6809999999999999|0.109|0.084|0.14800000000000002|0.341|0.319|0.461|0.643|0.433|0.462|0.41|0.405|0.591|0.031|33.0|0.867|0.259|0.43799999999999994|3.0|0.0
4|2004-05|31.0|DAL|NBA|SG|64.0|2358.0|0.42700000000000005|17.0|0.6859999999999999|0.079|0.10300000000000001|0.185|0.319|0.314|0.436|0.556|0.452|0.423|0.408|0.40700000000000003|0.524|0.011000000000000001|10.0|0.879|0.28800000000000003|0.439|3.0|0.0
5|2005-06|32.0|SAS|NBA|SG|77.0|2038.0|0.41200000000000003|18.2|0.599|0.08800000000000001|0.055999999999999994|0.125|0.32899999999999996|0.401|0.423|0.705|0.308|0.402|0.376|0.39399999999999996|0.682|0.023|15.0|0.973|0.423|0.415|1.0|0.0
6|2006-07|33.0|SAS|NBA|SF|82.0|1823.0|0.41200000000000003|18.7|0.569|0.081|0.068|0.106|0.314|0.431|0.44799999999999995|0.685|0.35600000000000004|0.414|0.418|0.364|0.728|0.013999999999999999|8.0|0.981|0.39899999999999997|0.36|2.0|0.0
7|2007-08|34.0|SAS|NBA|SG|82.0|2204.0|0.414|19.3|0.531|0.057|0.049|0.11800000000000001|0.307|0.469|0.45299999999999996|0.581|0.405|0.467|0.43200000000000005|0.37|0.639|0.008|6.0|0.977|0.373|0.414|1.0|0.0
8|2008-09|35.0|SAS|NBA|SF|81.0|2336.0|0.43700000000000006|18.6|0.537|0.083|0.061|0.128|0.266|0.46299999999999997|0.45899999999999996|0.632|0.5|0.43200000000000005|0.41|0.41100000000000003|0.741|0.009000000000000001|6.0|0.985|0.46399999999999997|0.405|2.0|0.0
10|2009-10|36.0|SAS|NBA|SF|25.0|395.0|0.381|18.8|0.5770000000000001|0.062|0.07200000000000001|0.134|0.309|0.423|0.429|0.833|0.28600000000000003|0.308|0.433|0.317|0.667|0.01|0.0|1.0|0.46299999999999997|0.316|1.0|0.0
11|2009-10|36.0|BOS|NBA|SF|21.0|314.0|0.506|20.1|0.529|0.046|0.023|0.092|0.368|0.47100000000000003|0.5429999999999999|0.5|0.5|0.125|0.6559999999999999|0.46299999999999997|0.64|0.0|0.0|0.895|0.244|0.3|0.0|0.0
