|Season|Age|Tm|Lg|Pos|G|GS|MP|FG|FGA|FG%|FT|FTA|FT%|TRB|AST|PF|PTS
0|1956-57|22.0|BOS|NBA|C|48||1695|5.9|13.8|0.42700000000000005|3.2|6.6|0.49200000000000005|20.0|1.9|3.0|15.0
1|1957-58|23.0|BOS|NBA|C|69||2640|6.2|14.1|0.442|3.1|6.0|0.519|21.3|2.8|2.5|15.6
2|1958-59|24.0|BOS|NBA|C|70||2979|5.5|12.0|0.457|3.1|5.2|0.598|19.5|2.7|1.9|14.1
3|1959-60|25.0|BOS|NBA|C|74||3146|6.4|13.6|0.467|2.7|4.5|0.612|20.3|3.2|2.4|15.4
4|1960-61|26.0|BOS|NBA|C|78||3458|5.5|13.0|0.426|2.7|4.9|0.55|19.4|2.8|1.6|13.8
5|1961-62|27.0|BOS|NBA|C|76||3433|6.0|13.2|0.457|3.0|5.0|0.595|18.8|3.6|2.2|15.1
6|1962-63|28.0|BOS|NBA|C|78||3500|5.3|12.2|0.43200000000000005|3.0|5.3|0.555|19.0|3.6|1.9|13.5
7|1963-64|29.0|BOS|NBA|C|78||3482|4.8|11.1|0.433|2.4|4.4|0.55|20.0|3.8|2.0|12.1
8|1964-65|30.0|BOS|NBA|C|78||3466|4.5|10.2|0.43799999999999994|2.5|4.4|0.573|19.5|4.3|2.1|11.4
9|1965-66|31.0|BOS|NBA|C|78||3386|4.2|10.0|0.415|2.4|4.3|0.551|18.9|3.9|2.3|10.7
10|1966-67|32.0|BOS|NBA|C|81||3297|4.3|9.5|0.45399999999999996|3.1|5.1|0.61|18.6|5.2|2.8|11.7
11|1967-68|33.0|BOS|NBA|C|78||2953|4.4|10.5|0.425|3.0|5.6|0.537|17.7|4.4|3.0|11.9
12|1968-69|34.0|BOS|NBA|C|77||3291|3.1|7.1|0.433|2.2|4.2|0.526|16.2|4.1|2.5|8.3
