|Season|Age|Tm|Lg|Pos|G|GS|MP|FG|FGA|FG%|FT|FTA|FT%|TRB|AST|PF|PTS
0|1956-57|22.0|BOS|NBA|C|10||409|4.8|13.0|0.365|2.7|5.4|0.508|21.5|2.8|3.6|12.2
1|1957-58|23.0|BOS|NBA|C|9||355|4.9|13.5|0.361|4.1|6.7|0.606|22.4|2.4|2.4|13.8
2|1958-59|24.0|BOS|NBA|C|11||496|4.7|11.5|0.409|3.0|4.9|0.612|22.1|2.9|2.0|12.4
3|1959-60|25.0|BOS|NBA|C|13||572|5.9|13.0|0.456|3.3|4.7|0.7070000000000001|21.1|2.4|2.4|15.2
4|1960-61|26.0|BOS|NBA|C|10||462|5.7|13.3|0.42700000000000005|3.5|6.7|0.523|23.3|3.7|1.9|14.9
5|1961-62|27.0|BOS|NBA|C|14||672|6.2|13.6|0.45799999999999996|4.4|6.1|0.726|19.8|3.7|2.6|16.8
6|1962-63|28.0|BOS|NBA|C|13||617|5.6|12.4|0.45299999999999996|4.2|6.4|0.6609999999999999|19.0|3.9|2.1|15.4
7|1963-64|29.0|BOS|NBA|C|10||451|3.8|10.5|0.35600000000000004|3.0|5.3|0.552|21.7|3.5|2.6|10.5
8|1964-65|30.0|BOS|NBA|C|12||561|5.1|9.6|0.527|2.6|4.9|0.526|19.4|4.9|2.8|12.7
9|1965-66|31.0|BOS|NBA|C|17||814|5.5|11.5|0.475|3.4|5.4|0.618|18.9|3.8|2.7|14.3
10|1966-67|32.0|BOS|NBA|C|9||390|2.9|7.9|0.36|3.0|4.8|0.635|18.3|4.6|3.0|8.8
11|1967-68|33.0|BOS|NBA|C|19||869|4.1|10.0|0.409|3.1|5.4|0.585|18.0|4.1|3.0|11.4
12|1968-69|34.0|BOS|NBA|C|18||829|3.3|7.9|0.423|1.8|3.5|0.506|16.0|4.3|2.8|8.5
