player_id|Rk|Unnamed: 1|Age|G|MP|PER|TS%|FTr|ORB%|DRB%|TRB%|AST%|STL%|BLK%|TOV%|USG%|Unnamed: 16|OWS|DWS|WS|WS/48|Unnamed: 21|OBPM|DBPM|BPM|VORP|player_id
smithra01|1|Randy Smith|30|82|3111|16.6|0.499|0.23600000000000002|3.5|6.6|5.0|17.6|2.6|0.1|13.2|23.6||4.5|1.3|5.8|0.08900000000000001||0.3|-0.3|0.0|1.6|smithra01
freewo01|2|World B. Free|25|78|2954|22.1|0.552|0.523|4.6|6.3|5.4|17.1|1.7|0.6|12.7|29.9||9.4|0.7|10.1|0.16399999999999998||3.1|-1.7|1.3|2.5|freewo01
washike01|3|Kermit Washington|27|82|2764|15.0|0.603|0.53|11.4|19.4|15.4|5.5|1.4|2.2|19.4|13.1||4.6|2.3|6.9|0.12||0.3|2.1|2.3|3.0|washike01
weathni01|4|Nick Weatherspoon|28|82|2642|12.7|0.514|0.23800000000000002|7.2|11.1|9.1|6.7|1.4|0.7|14.3|18.5||2.8|1.0|3.7|0.068||-1.0|-0.2|-1.2|0.5|weathni01
wickssi01|5|Sidney Wicks|29|79|2022|11.1|0.49700000000000005|0.33399999999999996|8.4|13.0|10.7|7.9|1.6|0.9|18.8|17.9||0.5|1.0|1.5|0.037000000000000005||-2.2|0.4|-1.8|0.1|wickssi01
natersw01|6|Swen Nater|29|79|2006|16.9|0.605|0.263|11.5|25.6|18.6|9.1|0.9|0.7|19.5|16.4||3.9|1.6|5.5|0.133||0.2|0.6|0.7|1.4|natersw01
kunneke01|7|Kevin Kunnert|27|81|1684|12.8|0.48700000000000004|0.17|12.7|23.2|18.0|8.3|1.2|3.5|20.8|15.3||0.5|1.8|2.3|0.066||-2.5|2.4|-0.2|0.8|kunneke01
willifr01|8|Freeman Williams|22|72|1195|16.1|0.514|0.14300000000000002|4.3|4.5|4.4|10.5|1.6|0.1|12.0|26.2||1.7|0.1|1.8|0.07200000000000001||-1.1|-3.3|-4.4|-0.7|willifr01
bigelbo01|9|Bob Bigelow|25|29|413|6.0|0.428|0.233|3.9|8.0|5.9|7.1|1.3|0.2|15.4|10.8||0.0|0.1|0.0|0.003||-4.2|-0.2|-4.4|-0.2|bigelbo01
normaco01|10|Connie Norman|25|22|323|11.9|0.46|0.139|4.3|6.3|5.3|10.3|1.4|0.5|11.2|23.1||0.2|0.1|0.2|0.032||-3.0|-2.6|-5.6|-0.3|normaco01
taylobr01|11|Brian Taylor|27|20|212|11.1|0.418|0.217|6.5|6.5|6.5|11.8|5.1|0.0|15.8|19.3||-0.1|0.2|0.1|0.032||-2.9|1.4|-1.5|0.0|taylobr01
olivejo01|12|John Olive|23|34|189|2.0|0.439|0.575|1.7|9.0|5.3|1.8|1.0|0.0|20.6|12.7||-0.2|0.0|-0.2|-0.038||-6.9|-1.7|-8.6|-0.3|olivejo01
whiteje01|13|Jerome Whitehead|22|31|152|8.4|0.45299999999999996|0.529|11.2|23.8|17.5|5.5|0.9|1.3|20.8|13.2||0.0|0.1|0.1|0.026000000000000002||-4.8|-0.2|-5.0|-0.1|whiteje01
pietkst01|14|Stan Pietkiewicz|22|4|32|1.6|0.225|0.25|0.0|20.0|10.0|10.3|1.4|0.0|10.1|11.7||-0.1|0.0|0.0|-0.06||-8.7|0.2|-8.5|-0.1|pietkst01
lloydsc01|15|Scott Lloyd|26|5|31|-13.2|0.0|0.0|3.4|6.9|5.1|0.0|1.5|0.0|80.0|12.2||-0.2|0.0|-0.2|-0.363||-16.1|0.5|-15.5|-0.1|lloydsc01
