|Season|Age|Tm|Lg|Pos|G|MP|FG%|Dist.|% of 2PA|% of 0-3|% of 3-10|% of 10-16|% of 16-3pt|% of 3P|2P %FG|0-3 %FG|3-10 %FG|10-16 %FG|16-3pt%FG|3P %FG|2P % Assisted|% of Dunks|Dunks Made|3P % Assisted|% of 3PA from Corner|Corner 3 %FG |Heaves Attempted|Heaves Made
0|2000-01|28.0|BOS|NBA|SF|81.0|1745.0|0.36200000000000004|12.3|0.69|0.261|0.20800000000000002|0.11199999999999999|0.109|0.31|0.375|0.48700000000000004|0.312|0.28|0.327|0.331|0.466|0.018000000000000002|7.0|0.9570000000000001|0.7120000000000001|0.384|0.0|0.0
1|2001-02|29.0|BOS|NBA|SF|74.0|1747.0|0.374|9.5|0.777|0.366|0.252|0.086|0.073|0.223|0.401|0.489|0.381|0.273|0.179|0.27899999999999997|0.5670000000000001|0.01|3.0|0.958|0.767|0.273|0.0|0.0
2|2002-03|30.0|BOS|NBA|SF|82.0|2350.0|0.442|9.5|0.809|0.355|0.257|0.127|0.07|0.191|0.467|0.627|0.35100000000000003|0.28800000000000003|0.4|0.336|0.581|0.017|9.0|0.946|0.655|0.33299999999999996|2.0|0.0
4|2003-04|31.0|BOS|NBA|SF|21.0|513.0|0.435|10.4|0.8190000000000001|0.311|0.27699999999999997|0.107|0.124|0.18100000000000002|0.455|0.418|0.429|0.474|0.591|0.344|0.53|0.006|1.0|0.818|0.25|0.25|1.0|0.0
5|2003-04|31.0|CLE|NBA|SF|50.0|1373.0|0.366|12.5|0.774|0.183|0.29|0.209|0.09300000000000001|0.226|0.39899999999999997|0.494|0.32799999999999996|0.42|0.385|0.253|0.5770000000000001|0.006999999999999999|2.0|0.958|0.21100000000000002|0.25|3.0|0.0
7|2004-05|32.0|NJN|NBA|SG|21.0|739.0|0.47|10.7|0.784|0.314|0.23800000000000002|0.09699999999999999|0.135|0.21600000000000003|0.483|0.466|0.523|0.444|0.48|0.425|0.529|0.022000000000000002|3.0|0.941|0.45|0.556|0.0|0.0
8|2004-05|32.0|TOR|NBA|SG|34.0|583.0|0.379|11.8|0.772|0.248|0.248|0.145|0.131|0.228|0.39299999999999996|0.389|0.33299999999999996|0.524|0.368|0.33299999999999996|0.43200000000000005|0.006999999999999999|1.0|1.0|0.364|0.5|0.0|0.0
9|2005-06|33.0|TOR|NBA|SF|28.0|352.0|0.387|13.1|0.76|0.187|0.22699999999999998|0.147|0.2|0.24|0.42100000000000004|0.429|0.47100000000000003|0.182|0.5329999999999999|0.278|0.41700000000000004|0.013000000000000001|1.0|0.8|0.556|0.1|0.0|0.0
11|2006-07|34.0|SAS|NBA|SF|16.0|88.0|0.441|18.5|0.5|0.08800000000000001|0.059000000000000004|0.20600000000000002|0.147|0.5|0.41200000000000003|1.0|0.0|0.429|0.2|0.47100000000000003|0.857|0.0|0.0|1.0|0.588|0.5|0.0|0.0
12|2006-07|34.0|CHA|NBA|SF|5.0|33.0|0.308|14.3|0.846|0.154|0.077|0.385|0.231|0.154|0.364|1.0|0.0|0.2|0.33299999999999996|0.0|0.5|0.0|0.0||0.0||0.0|0.0
