|Season|Age|Tm|Lg|Pos|G|MP|PER|TS%|3PAr|FTr|ORB%|DRB%|TRB%|AST%|STL%|BLK%|TOV%|USG%|OWS|DWS|WS|WS/48|OBPM|DBPM|BPM|VORP
0|1989-90|22.0|MIN|NBA|SG|52.0|378.0|7.5|0.45299999999999996|0.081|0.237|7.2|15.6|11.1|7.5|1.4|1.1|17.2|21.0|-0.5|0.4|-0.1|-0.017|-5.6|-1.7|-7.3|-0.5
1|1990-91|23.0|MIN|NBA|SG|75.0|824.0|12.6|0.52|0.004|0.341|7.4|12.1|9.6|8.6|2.2|1.8|12.7|16.9|0.6|0.6|1.2|0.073|-2.1|-0.4|-2.5|-0.1
2|1991-92|24.0|MIN|NBA|SG|80.0|2540.0|14.6|0.56|0.026000000000000002|0.258|4.5|6.7|5.6|16.6|1.3|0.6|10.8|18.7|4.2|0.3|4.6|0.086|1.4|-1.7|-0.4|1.1
3|1992-93|25.0|MIN|NBA|SG|80.0|3104.0|14.2|0.5589999999999999|0.018000000000000002|0.237|3.5|6.1|4.8|13.6|1.4|0.4|10.7|22.1|3.8|0.4|4.3|0.066|0.7|-2.2|-1.6|0.4
4|1993-94|26.0|MIN|NBA|SG|72.0|2182.0|13.3|0.532|0.009000000000000001|0.259|3.4|8.9|6.2|14.1|1.5|0.7|12.1|22.6|1.6|0.9|2.6|0.055999999999999994|-0.6|-1.6|-2.2|-0.1
5|1994-95|27.0|MIN|NBA|SG|71.0|2328.0|11.6|0.528|0.08|0.32299999999999995|3.2|8.7|6.0|14.3|1.5|0.8|12.6|19.6|1.2|0.6|1.8|0.038|-1.4|-1.3|-2.6|-0.4
6|1995-96|28.0|MIN|NBA|SG|73.0|1639.0|7.6|0.509|0.033|0.366|3.5|8.2|5.9|11.3|0.9|0.8|15.1|14.5|0.3|0.5|0.8|0.024|-3.0|-1.4|-4.3|-1.0
7|1996-97|29.0|MIN|NBA|SG|68.0|1920.0|8.5|0.505|0.09300000000000001|0.19399999999999998|2.3|6.8|4.6|9.4|1.7|0.9|11.2|14.1|0.5|1.2|1.7|0.042|-2.3|-0.4|-2.7|-0.4
8|1997-98|30.0|MIN|NBA|SG|38.0|688.0|5.6|0.41600000000000004|0.012|0.23399999999999999|3.8|9.6|6.8|9.4|0.8|0.5|10.0|13.5|-0.2|0.2|0.1|0.004|-4.1|-1.3|-5.4|-0.6
9|1998-99|31.0|VAN|NBA|SG|14.0|294.0|11.5|0.5329999999999999|0.031|0.385|2.0|8.2|5.0|11.4|2.9|1.8|13.6|13.7|0.3|0.1|0.4|0.066|-2.0|0.2|-1.9|0.0
10|1999-00|32.0|VAN|NBA|SG|38.0|581.0|8.6|0.467|0.021|0.276|3.7|11.0|7.3|11.8|1.1|1.0|10.5|14.2|0.3|0.1|0.5|0.038|-3.0|-1.6|-4.6|-0.4
11|2000-01|33.0|VAN|NBA|SG|15.0|171.0|4.2|0.341|0.053|0.184|2.7|7.3|5.0|12.4|0.9|1.6|8.9|12.0|-0.1|0.0|-0.1|-0.027999999999999997|-5.8|-0.8|-6.6|-0.2
