|Season|Age|Tm|Lg|Pos|G|GS|MP|FG|FGA|FG%|3P|3PA|3P%|2P|2PA|2P%|FT|FTA|FT%|ORB|DRB|TRB|AST|STL|BLK|TOV|PF|PTS|ORtg|DRtg
0|2008-09|20.0|CLE|NBA|C|62.0|0.0|705.0|7.7|14.9|0.515|0.0|0.0||7.7|14.9|0.515|3.5|5.1|0.672|4.0|8.7|12.7|0.7|1.1|2.3|3.5|6.2|18.8|102.0|101.0
1|2009-10|21.0|CLE|NBA|PF|81.0|73.0|1691.0|9.0|16.2|0.5539999999999999|0.0|0.0|0.0|9.0|16.2|0.555|3.4|5.1|0.6809999999999999|3.4|9.0|12.4|1.2|1.1|1.2|2.9|4.1|21.4|109.0|104.0
2|2010-11|22.0|CLE|NBA|C|80.0|66.0|2256.0|9.8|21.4|0.45799999999999996|0.0|0.1|0.0|9.8|21.3|0.461|5.6|8.4|0.6729999999999999|5.0|10.9|15.9|2.1|1.1|1.2|4.0|4.9|25.3|98.0|109.0
4|2011-12|23.0|SAC|NBA|PF|35.0|9.0|644.0|5.0|13.6|0.37|0.0|0.1|0.0|5.0|13.5|0.37200000000000005|2.9|4.6|0.638|5.3|8.7|13.9|1.7|1.4|1.3|3.1|3.5|13.0|89.0|109.0
5|2011-12|23.0|POR|NBA|PF|19.0|10.0|600.0|10.4|19.2|0.5429999999999999|0.0|0.1|0.0|10.4|19.1|0.546|4.3|6.7|0.645|5.8|8.1|13.9|2.0|1.1|1.6|2.7|3.6|25.2|113.0|106.0
6|2012-13|24.0|POR|NBA|C|80.0|80.0|2323.0|9.5|16.8|0.562|0.0|0.0|0.0|9.5|16.8|0.563|4.1|6.1|0.679|6.0|12.7|18.7|2.0|1.1|1.2|3.3|3.6|23.0|113.0|106.0
7|2013-14|25.0|DEN|NBA|PF|69.0|52.0|1859.0|8.7|17.2|0.508|0.0|0.2|0.0|8.7|17.0|0.514|3.9|7.6|0.517|5.4|11.2|16.6|2.5|1.2|1.3|3.4|4.7|21.4|103.0|106.0
8|2014-15|26.0|DEN|NBA|C|73.0|8.0|1411.0|7.7|16.2|0.475|0.0|0.1|0.0|7.7|16.2|0.47700000000000004|4.1|7.1|0.5770000000000001|5.3|10.7|16.0|2.0|1.3|1.2|3.4|4.8|19.5|100.0|106.0
10|2015-16|27.0|DEN|NBA|C|20.0|9.0|305.0|9.0|17.9|0.505|0.0|0.0||9.0|17.9|0.505|4.4|9.7|0.45799999999999996|3.6|10.7|14.3|2.6|1.6|2.0|2.6|5.8|22.5|101.0|105.0
11|2015-16|27.0|WAS|NBA|C|15.0|0.0|131.0|9.3|17.1|0.5429999999999999|0.0|0.4|0.0|9.3|16.7|0.556|7.1|16.4|0.43200000000000005|6.3|10.4|16.7|2.6|1.9|0.7|3.3|4.5|25.7|104.0|104.0
