|Season|Age|Tm|Lg|Pos|G|GS|MP|FG|FGA|FG%|3P|3PA|3P%|2P|2PA|2P%|eFG%|FT|FTA|FT%|ORB|DRB|TRB|AST|STL|BLK|TOV|PF|PTS
0|1982-83|22.0|HOU|NBA|SG|73.0|44.0|23.4|4.5|10.6|0.428|0.1|0.4|0.345|4.4|10.2|0.431|0.434|1.2|1.7|0.696|1.0|1.6|2.7|2.1|0.7|0.2|1.9|2.3|10.4
1|1983-84|23.0|HOU|NBA|SG|68.0|0.0|9.1|2.2|4.6|0.47|0.1|0.4|0.259|2.1|4.2|0.49|0.48100000000000004|0.5|0.6|0.841|0.4|0.7|1.1|0.9|0.2|0.1|0.9|1.2|5.0
3|1984-85|24.0|DET|NBA|SG|2.0|0.0|2.5|0.5|1.0|0.5|0.0|0.0||0.5|1.0|0.5|0.5|0.0|0.0||0.0|0.0|0.0|0.0|0.0|0.0|0.5|1.0|1.0
4|1984-85|24.0|GSW|NBA|SG|19.0|3.0|18.1|3.8|7.1|0.541|0.1|0.2|0.5|3.7|6.9|0.542|0.5479999999999999|1.3|1.8|0.7140000000000001|1.2|1.1|2.3|0.7|0.7|0.3|0.7|1.8|9.1
5|1985-86|25.0|GSW|NBA|SG|82.0|52.0|26.3|5.8|11.7|0.496|0.0|0.3|0.16|5.7|11.4|0.505|0.498|2.6|3.2|0.7959999999999999|1.2|1.7|2.9|1.4|0.9|0.4|1.7|2.9|14.2
6|1986-87|26.0|GSW|NBA|SG|82.0|0.0|20.1|4.5|9.9|0.45799999999999996|0.0|0.1|0.0|4.5|9.7|0.46399999999999997|0.45799999999999996|2.2|2.9|0.778|0.8|1.3|2.1|1.3|0.8|0.2|1.4|2.3|11.2
7|1987-88|27.0|GSW|NBA|SG|47.0|4.0|20.4|5.3|11.6|0.45399999999999996|0.0|0.2|0.111|5.3|11.4|0.46|0.455|2.1|2.6|0.802|0.9|0.9|1.7|1.3|0.7|0.1|1.7|2.0|12.6
8|1988-89|28.0|GSW|NBA|SF|66.0|41.0|23.8|6.2|13.0|0.47600000000000003|0.0|0.2|0.16699999999999998|6.2|12.8|0.48100000000000004|0.47700000000000004|2.8|3.4|0.809|1.7|2.3|4.0|1.5|1.2|0.3|1.8|2.6|15.2
9|1989-90|29.0|GSW|NBA|SF|82.0|49.0|29.0|6.6|13.7|0.48|0.0|0.2|0.214|6.5|13.5|0.483|0.48100000000000004|3.0|3.6|0.83|1.4|3.1|4.5|1.9|1.1|0.2|1.8|2.8|16.1
10|1990-91|30.0|LAL|NBA|SG|82.0|0.0|18.3|4.1|9.2|0.44299999999999995|0.0|0.1|0.0|4.1|9.1|0.44799999999999995|0.44299999999999995|1.8|2.2|0.8190000000000001|1.0|1.2|2.2|1.0|0.4|0.1|1.0|2.0|9.9
11|1991-92|31.0|LAL|NBA|SG|82.0|0.0|19.5|4.4|9.8|0.452|0.0|0.0|0.25|4.4|9.8|0.45299999999999996|0.45299999999999996|1.8|2.4|0.7659999999999999|1.1|1.1|2.2|1.4|0.8|0.1|1.4|1.8|10.7
12|1992-93|32.0|HOU|NBA|SG|2.0|0.0|12.5|1.0|3.5|0.28600000000000003|0.0|0.0||1.0|3.5|0.28600000000000003|0.28600000000000003|0.5|1.0|0.5|0.0|1.5|1.5|1.0|0.0|0.0|0.5|0.5|2.5
