|Season|Age|Tm|Lg|Pos|G|MP|PER|TS%|3PAr|FTr|ORB%|DRB%|TRB%|AST%|STL%|BLK%|TOV%|USG%|OWS|DWS|WS|WS/48|OBPM|DBPM|BPM|VORP
0|1978-79|22.0|WSB|NBA|SG|29.0|153.0|9.8|0.441||0.37200000000000005|3.4|11.1|7.3|12.5|1.5|0.6|15.8|26.9|-0.2|0.2|0.0|0.001|-4.3|-2.4|-6.7|-0.2
2|1979-80|23.0|WSB|NBA|SG|50.0|971.0|14.0|0.527|0.011000000000000001|0.254|5.0|6.9|5.9|10.8|0.9|0.2|11.7|24.2|1.1|0.5|1.6|0.078|-0.4|-2.3|-2.7|-0.2
3|1979-80|23.0|NJN|NBA|SG|28.0|541.0|14.8|0.551|0.015|0.319|5.0|8.4|6.7|9.2|1.3|0.4|14.2|24.6|0.6|0.5|1.0|0.092|-0.4|-3.2|-3.6|-0.2
4|1980-81|24.0|CLE|NBA|SG|82.0|2269.0|14.3|0.545|0.028999999999999998|0.27699999999999997|4.2|8.0|6.0|11.8|1.4|0.4|13.2|22.1|2.9|0.8|3.7|0.078|-0.5|-1.0|-1.5|0.3
6|1981-82|25.0|CLE|NBA|SG|27.0|566.0|13.3|0.53|0.061|0.21|5.3|9.1|7.1|13.9|1.4|0.2|12.4|19.4|0.6|0.1|0.7|0.057999999999999996|-1.2|-0.6|-1.8|0.0
7|1981-82|25.0|SAS|NBA|SG|54.0|617.0|12.8|0.48|0.061|0.218|5.7|8.7|7.2|13.6|1.5|0.5|9.3|22.8|0.4|0.4|0.9|0.067|-0.9|-1.9|-2.7|-0.1
8|1982-83|26.0|SAS|NBA|SG|62.0|599.0|13.0|0.49|0.052000000000000005|0.21|7.4|7.9|7.6|13.6|2.3|0.7|14.4|22.7|0.3|0.5|0.8|0.063|-1.3|-1.0|-2.3|0.0
10|1983-84|27.0|SAS|NBA|SG|3.0|11.0|20.7|0.7170000000000001|0.25|0.5|0.0|19.0|9.7|22.8|0.0|0.0|17.0|20.7|0.0|0.0|0.0|0.212|2.1|-2.4|-0.3|0.0
11|1983-84|27.0|DAL|NBA|SG|10.0|76.0|2.6|0.32899999999999996|0.129|0.065|3.1|10.7|6.9|15.0|0.6|0.0|13.6|20.2|-0.2|0.0|-0.2|-0.106|-7.5|-2.7|-10.2|-0.2
