|Season|Age|Tm|Lg|Pos|G|MP|FG%|Dist.|% of 2PA|% of 0-3|% of 3-10|% of 10-16|% of 16-3pt|% of 3P|2P %FG|0-3 %FG|3-10 %FG|10-16 %FG|16-3pt%FG|3P %FG|2P % Assisted|% of Dunks|Dunks Made|3P % Assisted|% of 3PA from Corner|Corner 3 %FG |Heaves Attempted|Heaves Made
0|2000-01|26.0|DET|NBA|SG|80.0|3215.0|0.402|14.5|0.755|0.231|0.049|0.179|0.295|0.245|0.418|0.5920000000000001|0.23399999999999999|0.348|0.355|0.35100000000000003|0.431|0.025|45.0|0.777|0.28800000000000003|0.33799999999999997|0.0|0.0
1|2001-02|27.0|DET|NBA|SF|76.0|2685.0|0.397|13.9|0.773|0.249|0.05|0.19|0.28300000000000003|0.22699999999999998|0.43|0.565|0.33299999999999996|0.335|0.391|0.287|0.44299999999999995|0.055|64.0|0.7559999999999999|0.363|0.36700000000000005|1.0|0.0
2|2002-03|28.0|WAS|NBA|SG|70.0|2747.0|0.409|13.9|0.7959999999999999|0.19699999999999998|0.12|0.204|0.275|0.204|0.439|0.637|0.34700000000000003|0.371|0.38799999999999996|0.29|0.474|0.036000000000000004|42.0|0.845|0.376|0.272|0.0|0.0
3|2003-04|29.0|WAS|NBA|SF|26.0|774.0|0.39899999999999997|13.8|0.7979999999999999|0.19899999999999998|0.11199999999999999|0.221|0.265|0.20199999999999999|0.41|0.6409999999999999|0.278|0.38|0.318|0.354|0.47600000000000003|0.027999999999999997|9.0|0.9129999999999999|0.27699999999999997|0.5|0.0|0.0
4|2004-05|30.0|DAL|NBA|SG|56.0|1617.0|0.414|12.9|0.8190000000000001|0.272|0.092|0.17800000000000002|0.276|0.18100000000000002|0.446|0.539|0.426|0.39|0.39899999999999997|0.267|0.426|0.047|30.0|0.9059999999999999|0.41700000000000004|0.34|3.0|0.0
5|2005-06|31.0|DAL|NBA|SG|55.0|1525.0|0.401|14.2|0.784|0.19399999999999998|0.09|0.221|0.28|0.21600000000000003|0.436|0.53|0.40700000000000003|0.38299999999999995|0.42|0.27699999999999997|0.38299999999999995|0.032|17.0|1.0|0.47700000000000004|0.32299999999999995|1.0|0.0
6|2006-07|32.0|DAL|NBA|SF|67.0|1615.0|0.428|15.1|0.752|0.17|0.075|0.217|0.29100000000000004|0.248|0.44299999999999995|0.595|0.34700000000000003|0.331|0.46299999999999997|0.38299999999999995|0.42700000000000005|0.026000000000000002|17.0|0.9840000000000001|0.494|0.375|1.0|0.0
7|2007-08|33.0|DAL|NBA|SG|58.0|1412.0|0.405|15.2|0.65|0.228|0.038|0.16699999999999998|0.217|0.35|0.447|0.608|0.35|0.307|0.40399999999999997|0.326|0.5489999999999999|0.042|21.0|0.85|0.467|0.36|2.0|0.0
8|2008-09|34.0|DAL|NBA|SG|10.0|162.0|0.267|14.8|0.6829999999999999|0.233|0.033|0.16699999999999998|0.25|0.317|0.317|0.5|0.0|0.3|0.2|0.158|0.462|0.033|2.0|1.0|0.42100000000000004|0.125|0.0|0.0
9|2009-10|35.0|MIL|NBA|SG|42.0|855.0|0.408|17.4|0.589|0.13|0.051|0.184|0.225|0.41100000000000003|0.452|0.488|0.375|0.483|0.423|0.34600000000000003|0.655|0.016|4.0|0.978|0.49200000000000005|0.391|1.0|0.0
10|2010-11|36.0|MIA|NBA|SG|7.0|50.0|0.25|18.1|0.667|0.083|0.083|0.33299999999999996|0.16699999999999998|0.33299999999999996|0.25|1.0|0.0|0.25|0.0|0.25|0.0|0.0|0.0|1.0|0.5|0.5|1.0|0.0
11|2011-12|37.0|ATL|NBA|SF|30.0|273.0|0.37|16.3|0.62|0.18|0.06|0.13|0.25|0.38|0.387|0.444|0.667|0.231|0.36|0.342|0.708|0.04|4.0|0.9229999999999999|0.711|0.29600000000000004|0.0|0.0
12|2012-13|38.0|BRK|NBA|SF|37.0|544.0|0.384|18.9|0.483|0.057999999999999996|0.064|0.18|0.18|0.517|0.434|0.6|0.364|0.516|0.32299999999999995|0.337|0.5|0.012|2.0|0.9670000000000001|0.6629999999999999|0.39|0.0|0.0
