|Season|Age|Tm|Lg|Pos|G|MP|FG%|Dist.|% of 2PA|% of 0-3|% of 3-10|% of 10-16|% of 16-3pt|% of 3P|2P %FG|0-3 %FG|3-10 %FG|10-16 %FG|16-3pt%FG|3P %FG|2P % Assisted|% of Dunks|Dunks Made|3P % Assisted|% of 3PA from Corner|Corner 3 %FG |Heaves Attempted|Heaves Made
0|2000-01|21.0|CHI|NBA|SF|76.0|2363.0|0.401|12.2|0.818|0.325|0.10300000000000001|0.11800000000000001|0.272|0.182|0.426|0.54|0.31|0.344|0.369|0.29100000000000004|0.57|0.027999999999999997|16.0|0.884|0.162|0.45799999999999996|1.0|0.0
2|2001-02|22.0|CHI|NBA|SF|27.0|823.0|0.433|13.3|0.741|0.293|0.071|0.16|0.217|0.259|0.446|0.485|0.32|0.446|0.434|0.396|0.509|0.026000000000000002|8.0|0.861|0.099|0.222|0.0|0.0
3|2001-02|22.0|IND|NBA|SF|28.0|819.0|0.41100000000000003|13.2|0.723|0.225|0.193|0.13699999999999998|0.168|0.27699999999999997|0.485|0.672|0.4|0.436|0.375|0.215|0.44|0.046|12.0|0.882|0.316|0.12|0.0|0.0
4|2002-03|23.0|IND|NBA|SF|69.0|2317.0|0.428|11.4|0.7509999999999999|0.369|0.145|0.1|0.136|0.249|0.45799999999999996|0.609|0.228|0.282|0.426|0.336|0.47100000000000003|0.033|26.0|0.7609999999999999|0.22699999999999998|0.354|0.0|0.0
5|2003-04|24.0|IND|NBA|SF|73.0|2714.0|0.42100000000000004|11.6|0.782|0.341|0.14300000000000002|0.127|0.172|0.218|0.452|0.573|0.39|0.312|0.366|0.31|0.43799999999999994|0.039|37.0|0.8270000000000001|0.31|0.33299999999999996|0.0|0.0
6|2004-05|25.0|IND|NBA|SF|7.0|291.0|0.496|10.9|0.857|0.387|0.084|0.168|0.218|0.14300000000000002|0.51|0.609|0.4|0.45|0.423|0.41200000000000003|0.596|0.025|3.0|1.0|0.353|0.16699999999999998|0.0|0.0
8|2005-06|26.0|IND|NBA|SF|16.0|603.0|0.46|11.9|0.772|0.38799999999999996|0.08900000000000001|0.068|0.228|0.228|0.49700000000000005|0.62|0.33299999999999996|0.313|0.40700000000000003|0.33299999999999996|0.396|0.03|5.0|0.722|0.278|0.267|0.0|0.0
9|2005-06|26.0|SAC|NBA|SF|40.0|1604.0|0.38299999999999995|14.8|0.684|0.248|0.102|0.08900000000000001|0.24600000000000002|0.316|0.42|0.583|0.375|0.321|0.31|0.302|0.359|0.01|6.0|0.633|0.18600000000000003|0.243|3.0|0.0
10|2006-07|27.0|SAC|NBA|SF|70.0|2641.0|0.44|12.7|0.75|0.33899999999999997|0.087|0.071|0.253|0.25|0.46799999999999997|0.586|0.322|0.365|0.38799999999999996|0.358|0.345|0.021|21.0|0.71|0.16899999999999998|0.25|0.0|0.0
11|2007-08|28.0|SAC|NBA|SF|57.0|2172.0|0.45299999999999996|12.5|0.77|0.325|0.128|0.069|0.248|0.23|0.475|0.601|0.341|0.348|0.414|0.38|0.29|0.033|29.0|0.7020000000000001|0.18600000000000003|0.341|0.0|0.0
12|2008-09|29.0|HOU|NBA|SF|69.0|2452.0|0.401|15.5|0.631|0.249|0.068|0.076|0.237|0.369|0.402|0.496|0.225|0.36700000000000005|0.366|0.39899999999999997|0.278|0.011000000000000001|11.0|0.778|0.196|0.307|1.0|0.0
13|2009-10|30.0|LAL|NBA|SF|77.0|2605.0|0.414|14.4|0.6|0.335|0.053|0.043|0.16899999999999998|0.4|0.45299999999999996|0.508|0.308|0.531|0.368|0.355|0.557|0.019|10.0|0.857|0.331|0.38799999999999996|2.0|0.0
14|2010-11|31.0|LAL|NBA|SF|82.0|2410.0|0.397|14.4|0.6459999999999999|0.26899999999999996|0.126|0.053|0.198|0.354|0.419|0.5710000000000001|0.325|0.4|0.27699999999999997|0.35600000000000004|0.579|0.011000000000000001|5.0|0.892|0.515|0.392|0.0|0.0
15|2011-12|32.0|LAL|NBA|SF|64.0|1720.0|0.39399999999999996|14.5|0.594|0.295|0.114|0.073|0.11199999999999999|0.406|0.46|0.606|0.28300000000000003|0.41200000000000003|0.28800000000000003|0.29600000000000004|0.535|0.039|15.0|0.8390000000000001|0.32799999999999996|0.27399999999999997|1.0|0.0
16|2012-13|33.0|LAL|NBA|SF|75.0|2530.0|0.40299999999999997|15.9|0.5|0.256|0.10400000000000001|0.045|0.095|0.5|0.46399999999999997|0.588|0.256|0.45899999999999996|0.359|0.342|0.48200000000000004|0.011000000000000001|8.0|0.887|0.369|0.382|0.0|0.0
17|2013-14|34.0|NYK|NBA|SF|29.0|388.0|0.397|14.4|0.617|0.24100000000000002|0.156|0.071|0.149|0.38299999999999995|0.44799999999999995|0.618|0.318|0.3|0.381|0.315|0.256|0.013999999999999999|2.0|0.8240000000000001|0.37|0.3|0.0|0.0
18|2015-16|36.0|LAL|NBA|SF|35.0|590.0|0.311|15.0|0.525|0.254|0.107|0.062|0.102|0.475|0.312|0.33299999999999996|0.21100000000000002|0.273|0.389|0.31|0.414|0.006|1.0|0.9229999999999999|0.381|0.313|0.0|0.0
19|2016-17|37.0|LAL|NBA|SF|25.0|160.0|0.27899999999999997|19.6|0.441|0.132|0.059000000000000004|0.059000000000000004|0.191|0.5589999999999999|0.33299999999999996|0.444|0.5|0.5|0.154|0.237|0.3|0.0|0.0|0.889|0.263|0.2|1.0|0.0
