player_id|Rk|Unnamed: 1|Age|G|MP|PER|TS%|3PAr|FTr|ORB%|DRB%|TRB%|AST%|STL%|BLK%|TOV%|USG%|Unnamed: 17|OWS|DWS|WS|WS/48|Unnamed: 22|OBPM|DBPM|BPM|VORP|player_id
piercpa01|1|Paul Pierce|30|80|2874|19.6|0.599|0.332|0.442|2.3|14.0|8.5|21.8|1.9|1.0|14.4|24.8||6.7|5.7|12.4|0.207||3.3|1.5|4.7|4.9|piercpa01
allenra02|2|Ray Allen|32|73|2624|16.4|0.584|0.45799999999999996|0.24|3.6|8.3|6.1|14.6|1.3|0.5|10.4|21.6||5.6|4.1|9.7|0.177||3.2|-0.1|3.1|3.4|allenra02
garneke01|3|Kevin Garnett|31|71|2328|25.3|0.588|0.011000000000000001|0.33899999999999997|7.3|25.1|16.8|19.9|2.3|3.1|10.8|25.5||6.6|6.2|12.9|0.265||2.7|4.7|7.4|5.5|garneke01
rondora01|4|Rajon Rondo|21|77|2306|15.6|0.515|0.027000000000000003|0.245|4.3|11.9|8.3|28.2|3.0|0.5|15.7|18.9||2.3|4.9|7.2|0.15||-0.1|2.7|2.6|2.7|rondora01
perkike01|5|Kendrick Perkins|23|78|1912|13.3|0.632|0.003|0.526|9.6|19.3|14.8|6.8|0.9|4.9|22.6|13.5||1.9|4.3|6.2|0.156||-1.7|4.3|2.6|2.2|perkike01
poseyja01|6|James Posey|31|74|1821|12.0|0.5870000000000001|0.674|0.278|2.1|18.0|10.5|9.5|2.1|0.9|12.3|13.5||2.2|4.0|6.2|0.16399999999999998||0.5|2.4|2.9|2.3|poseyja01
houseed01|7|Eddie House|29|78|1480|13.0|0.534|0.561|0.068|1.6|11.2|6.7|16.9|2.1|0.6|12.2|19.6||1.1|2.8|3.9|0.127||0.5|0.3|0.8|1.1|houseed01
allento01|8|Tony Allen|26|75|1373|10.7|0.527|0.147|0.465|3.1|11.0|7.3|13.1|2.4|1.3|18.9|19.6||-0.1|2.8|2.7|0.09300000000000001||-3.2|1.8|-1.4|0.2|allento01
davisgl01|9|Glen Davis|22|69|940|11.3|0.545|0.0|0.679|12.8|13.5|13.2|4.6|1.7|1.7|18.5|17.4||0.6|1.9|2.5|0.128||-2.7|1.1|-1.6|0.1|davisgl01
powele01|10|Leon Powe|24|56|809|20.9|0.629|0.004|0.7170000000000001|14.9|18.3|16.7|3.3|1.0|1.6|10.8|22.8||2.7|1.6|4.3|0.256||0.6|-1.5|-0.9|0.2|powele01
scalabr01|11|Brian Scalabrine|29|48|512|5.1|0.428|0.489|0.213|5.4|12.5|9.2|11.2|0.9|1.3|20.2|11.7||-0.3|0.9|0.6|0.057||-3.8|1.4|-2.4|-0.1|scalabr01
cassesa01|12|Sam Cassell|38|17|299|11.0|0.461|0.16899999999999998|0.192|2.1|9.8|6.2|19.9|1.6|0.8|11.9|24.9||-0.1|0.5|0.4|0.061||-3.4|-0.6|-4.0|-0.1|cassesa01
brownpj01|13|P.J. Brown|38|18|209|10.2|0.406|0.024|0.39|17.6|21.0|19.4|6.9|1.3|3.1|17.2|12.9||0.0|0.5|0.5|0.11599999999999999||-3.5|3.0|-0.5|0.1|brownpj01
pollasc01|14|Scot Pollard|32|22|173|8.7|0.597|0.0|0.9570000000000001|10.2|14.9|12.7|2.5|0.9|2.9|13.3|10.1||0.3|0.3|0.6|0.171||-2.5|1.5|-1.0|0.0|pollasc01
pruitga01|15|Gabe Pruitt|21|15|95|8.3|0.401|0.308|0.051|1.3|8.3|5.0|22.5|2.8|0.0|11.1|22.0||-0.1|0.2|0.1|0.027999999999999997||-4.1|-0.8|-4.8|-0.1|pruitga01
