|Season|Age|Tm|Lg|Pos|G|MP|PER|TS%|FTr|ORB%|DRB%|TRB%|AST%|STL%|BLK%|OWS|DWS|WS|WS/48|OBPM|DBPM|BPM|VORP
0|1960-61|23.0|STL|NBA|PG|75.0|1898.0|13.4|0.48100000000000004|0.38299999999999995|||||||2.4|2.4|4.9|0.12300000000000001||||
1|1961-62|24.0|STL|NBA|PG|20.0|870.0|11.8|0.441|0.302|||||||0.1|0.3|0.4|0.022000000000000002||||
2|1962-63|25.0|STL|NBA|PG|75.0|2569.0|12.1|0.456|0.382|||||||0.4|3.6|4.0|0.075||||
3|1963-64|26.0|STL|NBA|PG|78.0|2526.0|12.5|0.484|0.452|||||||2.4|2.6|5.0|0.094||||
4|1964-65|27.0|STL|NBA|PG|78.0|2854.0|15.6|0.496|0.532||||21.6|||4.6|3.5|8.1|0.135||||
5|1965-66|28.0|STL|NBA|PG|69.0|2692.0|15.9|0.524|0.5579999999999999||||21.9|||5.4|2.2|7.6|0.135||||
6|1966-67|29.0|STL|NBA|PG|78.0|2974.0|15.6|0.524|0.563||||19.6|||5.2|2.4|7.6|0.12300000000000001||||
7|1967-68|30.0|STL|NBA|PG|82.0|3169.0|19.0|0.525|0.5710000000000001||||30.2|||6.3|3.8|10.1|0.153||||
8|1968-69|31.0|SEA|NBA|PG|82.0|3463.0|18.4|0.517|0.486||||27.5|||6.8|2.2|9.0|0.125||||
9|1969-70|32.0|SEA|NBA|PG|75.0|2802.0|17.3|0.509|0.522||||31.3|||3.0|1.9|4.9|0.084||||
10|1970-71|33.0|SEA|NBA|PG|71.0|2641.0|19.0|0.509|0.51|||5.5|33.0|||4.1|1.7|5.7|0.10400000000000001||||
11|1971-72|34.0|SEA|NBA|PG|80.0|2989.0|20.3|0.5529999999999999|0.604|||5.4|35.8|||7.2|2.4|9.6|0.154||||
12|1972-73|35.0|CLE|NBA|PG|75.0|2973.0|19.3|0.518|0.373|||5.6|31.4|||5.7|3.9|9.5|0.154||||
13|1973-74|36.0|CLE|NBA|PG|74.0|2483.0|18.7|0.526|0.363|3.1|8.6|5.7|30.9|1.8|0.4|5.2|1.4|6.5|0.126|3.3|-0.5|2.9|3.0
14|1974-75|37.0|POR|NBA|PG|65.0|1161.0|16.6|0.536|0.649|3.6|7.1|5.4|27.2|3.0|0.4|1.5|1.2|2.7|0.111|0.7|-0.5|0.3|0.7
