|Season|Age|Tm|Lg|Pos|G|MP|FG%|Dist.|% of 2PA|% of 0-3|% of 3-10|% of 10-16|% of 16-3pt|% of 3P|2P %FG|0-3 %FG|3-10 %FG|10-16 %FG|16-3pt%FG|3P %FG|2P % Assisted|% of Dunks|Dunks Made|3P % Assisted|% of 3PA from Corner|Corner 3 %FG |Heaves Attempted|Heaves Made
0|2005-06|22.0|SAC|NBA|PG|29.0|150.0|0.36200000000000004|17.3|0.534|0.276|0.0|0.017|0.24100000000000002|0.466|0.484|0.688||0.0|0.28600000000000003|0.222|0.6|0.10300000000000001|6.0|0.667|0.33299999999999996|0.111|1.0|0.0
1|2006-07|23.0|SAC|NBA|PG|58.0|563.0|0.39|14.5|0.622|0.308|0.057999999999999996|0.081|0.174|0.37799999999999995|0.43|0.491|0.3|0.14300000000000002|0.5|0.32299999999999995|0.5|0.035|6.0|0.81|0.138|0.222|1.0|0.0
2|2007-08|24.0|UTA|NBA|PG|61.0|588.0|0.431|15.2|0.632|0.314|0.028999999999999998|0.028999999999999998|0.26|0.368|0.48100000000000004|0.6409999999999999|0.33299999999999996|0.16699999999999998|0.34|0.34700000000000003|0.387|0.049|9.0|0.846|0.133|0.6|3.0|0.0
3|2008-09|25.0|UTA|NBA|PG|52.0|738.0|0.379|14.3|0.7|0.305|0.054000000000000006|0.064|0.276|0.3|0.408|0.484|0.273|0.385|0.35700000000000004|0.311|0.36200000000000004|0.054000000000000006|10.0|0.789|0.131|0.375|0.0|0.0
4|2009-10|26.0|UTA|NBA|PG|60.0|806.0|0.405|13.0|0.74|0.35100000000000003|0.07|0.079|0.24|0.26|0.447|0.5760000000000001|0.235|0.526|0.293|0.28600000000000003|0.4|0.057999999999999996|12.0|0.833|0.095|0.833|1.0|0.0
5|2010-11|27.0|UTA|NBA|SG|59.0|717.0|0.35200000000000004|14.9|0.6709999999999999|0.31|0.043|0.081|0.23800000000000002|0.32899999999999996|0.38299999999999995|0.569|0.111|0.059000000000000004|0.3|0.29|0.48100000000000004|0.057|9.0|0.95|0.24600000000000002|0.294|3.0|0.0
6|2011-12|28.0|PHO|NBA|PG|36.0|517.0|0.377|14.9|0.662|0.26899999999999996|0.092|0.1|0.2|0.33799999999999997|0.419|0.6|0.25|0.231|0.34600000000000003|0.295|0.19399999999999998|0.023|3.0|0.6920000000000001|0.114|0.4|0.0|0.0
7|2012-13|29.0|POR|NBA|PG|39.0|510.0|0.325|15.0|0.675|0.275|0.067|0.092|0.242|0.325|0.358|0.424|0.375|0.182|0.345|0.256|0.379|0.017|2.0|0.8|0.205|0.125|0.0|0.0
8|2013-14|30.0|ORL|NBA|SG|31.0|377.0|0.304|18.3|0.5329999999999999|0.207|0.054000000000000006|0.022000000000000002|0.25|0.467|0.38799999999999996|0.368|0.6|1.0|0.304|0.209|0.316|0.054000000000000006|4.0|0.667|0.163|0.0|1.0|0.0
9|2014-15|31.0|LAL|NBA|PG|43.0|982.0|0.345|17.4|0.511|0.19699999999999998|0.09|0.063|0.161|0.489|0.40399999999999997|0.614|0.2|0.5|0.222|0.284|0.261|0.027000000000000003|6.0|0.871|0.174|0.368|1.0|0.0
10|2015-16|32.0|PHO|NBA|PG|62.0|1211.0|0.384|19.1|0.35100000000000003|0.142|0.06|0.046|0.106|0.649|0.45299999999999996|0.628|0.278|0.429|0.313|0.34700000000000003|0.083|0.02|6.0|0.868|0.276|0.46299999999999997|1.0|0.0
11|2016-17|33.0|PHO|NBA|PG|14.0|134.0|0.16699999999999998|21.3|0.292|0.083|0.042|0.083|0.083|0.708|0.14300000000000002|0.0|0.0|0.5|0.0|0.17600000000000002|0.0|0.0|0.0|0.667|0.235|0.25|0.0|0.0
