|Season|Age|Tm|Lg|Pos|G|GS|MP|FG|FGA|FG%|3P|3PA|3P%|2P|2PA|2P%|FT|FTA|FT%|ORB|DRB|TRB|AST|STL|BLK|TOV|PF|PTS
0|1994-95|24.0|LAC|NBA|SG|81.0|11.0|1208.0|6.0|13.6|0.441|2.2|5.9|0.374|3.8|7.7|0.49200000000000005|2.7|3.4|0.7829999999999999|1.9|2.1|4.0|2.3|1.1|0.4|1.9|4.5|16.9
1|1995-96|25.0|LAC|NBA|SG|65.0|1.0|784.0|4.5|11.1|0.405|1.7|5.2|0.33299999999999996|2.8|5.9|0.469|3.1|3.8|0.8170000000000001|1.8|2.9|4.7|2.2|1.1|0.5|2.1|3.8|13.8
2|1996-97|26.0|LAC|NBA|SG|65.0|0.0|747.0|6.5|14.4|0.45|2.5|5.8|0.425|4.0|8.6|0.466|3.3|4.0|0.821|2.4|2.7|5.1|2.5|1.6|0.5|2.2|4.1|18.7
3|1997-98|27.0|LAC|NBA|SG|67.0|35.0|1740.0|5.3|11.8|0.452|2.2|5.4|0.409|3.1|6.4|0.489|2.9|3.5|0.8240000000000001|1.4|3.4|4.9|1.8|1.1|0.2|1.7|2.8|15.7
4|1998-99|28.0|LAC|NBA|SG|49.0|38.0|1242.0|5.2|12.1|0.43200000000000005|1.9|4.8|0.39399999999999996|3.3|7.3|0.456|2.6|3.0|0.863|1.1|2.9|4.1|1.5|1.3|0.2|1.5|2.5|14.9
5|1999-00|29.0|LAC|NBA|SF|75.0|23.0|1712.0|5.0|12.0|0.415|2.0|5.1|0.38299999999999995|3.0|6.9|0.439|1.8|2.1|0.85|1.6|3.1|4.7|1.7|0.9|0.3|1.2|2.9|13.8
6|2000-01|30.0|LAC|NBA|SG|81.0|40.0|2144.0|4.9|11.3|0.433|2.0|5.0|0.40399999999999997|2.9|6.3|0.456|2.7|3.0|0.873|0.9|3.1|4.0|1.6|0.8|0.3|1.3|2.1|14.4
7|2001-02|31.0|LAC|NBA|SG|71.0|64.0|1718.0|4.3|9.9|0.439|2.3|5.0|0.466|2.0|4.9|0.41200000000000003|2.1|2.4|0.894|0.9|3.0|3.9|2.3|0.9|0.3|1.3|2.3|13.1
8|2002-03|32.0|LAC|NBA|SG|62.0|26.0|1360.0|5.6|11.8|0.47100000000000003|2.1|5.3|0.39799999999999996|3.4|6.5|0.531|2.7|3.2|0.828|1.2|3.0|4.1|1.9|0.9|0.2|1.5|2.4|15.9
9|2003-04|33.0|HOU|NBA|SF|49.0|0.0|703.0|3.7|9.8|0.377|2.2|6.2|0.35200000000000004|1.5|3.5|0.42|0.7|0.8|0.875|0.5|3.2|3.7|1.3|0.8|0.3|1.5|2.2|10.3
10|2004-05|34.0|CHI|NBA|SG|68.0|11.0|841.0|4.8|11.0|0.43|2.4|5.7|0.425|2.3|5.3|0.435|1.9|2.4|0.804|0.6|2.7|3.4|2.2|1.2|0.0|1.6|2.9|13.9
11|2005-06|35.0|CHI|NBA|SG|29.0|1.0|228.0|3.8|9.6|0.39299999999999996|1.4|5.2|0.273|2.4|4.4|0.536|0.3|0.8|0.4|0.6|3.0|3.6|2.1|0.9|0.2|1.7|3.2|9.3
12|2006-07|36.0|PHO|NBA|SG|11.0|0.0|73.0|4.4|12.3|0.36|3.5|8.9|0.389|1.0|3.5|0.28600000000000003|1.0|1.0|1.0|1.0|3.5|4.4|2.0|0.0|0.5|2.5|3.0|13.3
13|2007-08|37.0|PHO|NBA|SF|16.0|0.0|113.0|3.8|10.5|0.364|3.5|8.3|0.423|0.3|2.2|0.14300000000000002|1.3|1.3|1.0|0.3|3.5|3.8|3.2|0.0|0.3|1.9|3.5|12.4
