|Season|Age|Tm|Lg|Pos|G|MP|PG%|SG%|SF%|PF%|C%|OnCourt|On-Off|BadPass|LostBall|Shoot|Off.|Shoot.1|Off..1|PGA|And1|Blkd
0|2000-01|22.0|GSW|NBA|SG|50.0|1846.0|15|75|10|0|0|-6.7|5.5|65.0|53.0|73.0|10.0|106.0|0.0|478.0|14.0|63.0
1|2001-02|23.0|GSW|NBA|SG|73.0|2049.0|53|44|2|0|0|-5.7|0.4|87.0|52.0|66.0|16.0|111.0|0.0|671.0|27.0|73.0
2|2002-03|24.0|WAS|NBA|PG|67.0|2137.0|70|29|1|0|0|-1.1|-0.1|71.0|39.0|63.0|15.0|90.0|0.0|429.0|25.0|51.0
3|2003-04|25.0|WAS|NBA|SG|61.0|2061.0|1|90|10|0|0|-5.1|1.8|69.0|51.0|55.0|21.0|151.0|0.0|324.0|27.0|75.0
4|2004-05|26.0|WAS|NBA|SG|61.0|2358.0|2|84|14|0|0|2.2|6.2|69.0|42.0|59.0|26.0|187.0|0.0|637.0|35.0|74.0
5|2005-06|27.0|CLE|NBA|SG|36.0|1281.0|1|86|13|0|0|1.4|-1.9|42.0|23.0|55.0|19.0|84.0|11.0|295.0|14.0|34.0
6|2006-07|28.0|CLE|NBA|SG|70.0|2596.0|27|65|8|0|0|4.7|0.7|67.0|46.0|75.0|20.0|147.0|11.0|564.0|36.0|55.0
8|2007-08|29.0|CLE|NBA|PG|40.0|1210.0|53|47|0|0|0|-4.4|-6.3|36.0|19.0|54.0|10.0|44.0|7.0|204.0|6.0|36.0
9|2007-08|29.0|CHI|NBA|SG|28.0|810.0|4|88|7|1|0|-4.2|-1.3|27.0|9.0|18.0|5.0|30.0|2.0|196.0|3.0|19.0
11|2008-09|30.0|CHI|NBA|SF|30.0|792.0|2|44|54|0|0|-4.0|-4.9|21.0|10.0|27.0|2.0|34.0|5.0|131.0|4.0|19.0
12|2008-09|30.0|NYK|NBA|SG|25.0|687.0|4|79|17|0|0|-7.3|-5.6|15.0|11.0|20.0|4.0|27.0|4.0|140.0|4.0|15.0
14|2009-10|31.0|NYK|NBA|SG|31.0|820.0|12|85|3|0|0|-2.6|1.5|29.0|11.0|25.0|4.0|37.0|5.0|240.0|8.0|15.0
15|2009-10|31.0|CHA|NBA|SG|14.0|295.0|3|94|3|0|0|-3.2|-5.2|10.0|5.0|6.0|1.0|14.0|2.0|65.0|3.0|8.0
16|2011-12|33.0|ORL|NBA|PG|9.0|114.0|68|32|0|0|0|-27.1|-29.1|6.0|2.0|5.0|2.0|1.0|0.0|16.0|0.0|1.0
