|Season|Age|Tm|Lg|Pos|G|MP|FG%|Dist.|% of 2PA|% of 0-3|% of 3-10|% of 10-16|% of 16-3pt|% of 3P|2P %FG|0-3 %FG|3-10 %FG|10-16 %FG|16-3pt%FG|3P %FG|2P % Assisted|% of Dunks|Dunks Made|3P % Assisted|% of 3PA from Corner|Corner 3 %FG |Heaves Attempted|Heaves Made
0|2000-01|22.0|GSW|NBA|SG|50.0|1846.0|0.38299999999999995|11.7|0.907|0.239|0.175|0.201|0.292|0.09300000000000001|0.40299999999999997|0.672|0.20600000000000002|0.302|0.37|0.187|0.551|0.035|26.0|0.857|0.17300000000000001|0.231|0.0|0.0
1|2001-02|23.0|GSW|NBA|SG|73.0|2049.0|0.423|10.4|0.885|0.316|0.205|0.128|0.23600000000000002|0.115|0.45299999999999996|0.66|0.319|0.39399999999999996|0.325|0.19399999999999998|0.37799999999999995|0.04|29.0|0.722|0.11800000000000001|0.273|2.0|0.0
2|2002-03|24.0|WAS|NBA|PG|67.0|2137.0|0.467|12.6|0.893|0.24600000000000002|0.132|0.174|0.341|0.107|0.479|0.648|0.306|0.395|0.466|0.36700000000000005|0.562|0.031|21.0|0.897|0.165|0.462|1.0|0.0
3|2003-04|25.0|WAS|NBA|SG|61.0|2061.0|0.397|13.8|0.77|0.243|0.12300000000000001|0.126|0.278|0.23|0.414|0.584|0.266|0.386|0.345|0.341|0.475|0.017|17.0|0.8859999999999999|0.159|0.35100000000000003|0.0|0.0
4|2004-05|26.0|WAS|NBA|SG|61.0|2358.0|0.43|13.0|0.8079999999999999|0.249|0.15|0.13|0.27899999999999997|0.192|0.465|0.6779999999999999|0.28800000000000003|0.376|0.413|0.282|0.365|0.053|54.0|0.746|0.172|0.33299999999999996|0.0|0.0
5|2005-06|27.0|CLE|NBA|SG|36.0|1281.0|0.409|12.3|0.838|0.309|0.11699999999999999|0.124|0.28800000000000003|0.162|0.41700000000000004|0.5379999999999999|0.309|0.414|0.33299999999999996|0.368|0.354|0.040999999999999995|16.0|0.929|0.22399999999999998|0.17600000000000002|0.0|0.0
6|2006-07|28.0|CLE|NBA|SG|70.0|2596.0|0.4|14.3|0.767|0.226|0.09300000000000001|0.125|0.32299999999999995|0.233|0.42|0.516|0.326|0.37799999999999995|0.396|0.33299999999999996|0.495|0.008|8.0|0.905|0.239|0.321|0.0|0.0
8|2007-08|29.0|CLE|NBA|PG|40.0|1210.0|0.377|15.5|0.736|0.218|0.065|0.109|0.345|0.264|0.389|0.462|0.29|0.308|0.38799999999999996|0.341|0.489|0.019|8.0|0.93|0.27|0.382|1.0|0.0
9|2007-08|29.0|CHI|NBA|SG|28.0|810.0|0.387|15.1|0.789|0.235|0.04|0.096|0.418|0.21100000000000002|0.396|0.526|0.231|0.29|0.363|0.353|0.515|0.027999999999999997|8.0|0.917|0.294|0.5|0.0|0.0
11|2008-09|30.0|CHI|NBA|SF|30.0|792.0|0.41200000000000003|17.2|0.669|0.156|0.065|0.062|0.386|0.331|0.42200000000000004|0.563|0.2|0.42100000000000004|0.40299999999999997|0.392|0.586|0.003|1.0|0.975|0.314|0.375|0.0|0.0
12|2008-09|30.0|NYK|NBA|SG|25.0|687.0|0.39|16.3|0.635|0.18100000000000002|0.076|0.084|0.293|0.365|0.392|0.5329999999999999|0.21100000000000002|0.33299999999999996|0.37|0.385|0.40299999999999997|0.004|0.0|1.0|0.33|0.433|0.0|0.0
14|2009-10|31.0|NYK|NBA|SG|31.0|820.0|0.366|15.5|0.652|0.22899999999999998|0.068|0.1|0.254|0.348|0.40700000000000003|0.531|0.368|0.25|0.366|0.289|0.297|0.004|1.0|0.9640000000000001|0.268|0.385|0.0|0.0
15|2009-10|31.0|CHA|NBA|SG|14.0|295.0|0.327|17.7|0.607|0.15|0.065|0.084|0.308|0.39299999999999996|0.308|0.43799999999999994|0.28600000000000003|0.444|0.212|0.35700000000000004|0.8|0.009000000000000001|1.0|1.0|0.405|0.529|1.0|0.0
16|2011-12|33.0|ORL|NBA|PG|9.0|114.0|0.22699999999999998|17.7|0.682|0.136|0.045|0.136|0.364|0.318|0.267|0.33299999999999996|0.0|0.33299999999999996|0.25|0.14300000000000002|0.75|0.0|0.0|1.0|0.429|0.0|0.0|0.0
