|Season|Age|Tm|Lg|MP|FG|FGA|3P|3PA|2P|2PA|FT|FTA|ORB|DRB|TRB|AST|STL|BLK|TOV|PF|PTS|GmSc
0|1983-84|22.0|WSB|NBA||11|21|2|6|11|20|8|8|||7|9||||6|30|
1|1984-85|23.0|WSB|NBA||16|28|2|5|16|28|12|12|4.0|5.0|7|7|3.0|2.0|5.0|6|40|29.6
2|1985-86|24.0|WSB|NBA||16|29|2|2|16|29|11|13|3.0|8.0|11|7|4.0|1.0|6.0|6|43|32.6
3|1986-87|25.0|WSB|NBA||17|30|1|3|17|30|14|15|4.0|6.0|7|10|4.0|1.0|6.0|5|48|39.3
4|1987-88|26.0|WSB|NBA||18|29|3|3|18|29|13|15|2.0|8.0|8|9|3.0|2.0|7.0|6|47|35.2
5|1988-89|27.0|WSB|NBA||17|30|1|2|17|30|12|12|4.0|6.0|9|10|3.0|1.0|7.0|5|38|28.1
6|1989-90|28.0|WSB|NBA||19|35|1|1|19|35|10|12|4.0|6.0|7|7|3.0|1.0|6.0|6|43|32.6
7|1990-91|29.0|UTA|NBA||18|24|1|1|18|24|10|10|4.0|7.0|9|6|5.0|2.0|5.0|5|43|37.6
8|1991-92|30.0|UTA|NBA||15|24|1|3|15|24|10|10|3.0|7.0|8|5|3.0|1.0|6.0|6|35|29.5
9|1992-93|31.0|UTA|NBA||16|25|1|1|16|25|11|12|3.0|7.0|7|6|2.0|1.0|5.0|5|40|32.2
11|1993-94|32.0|UTA|NBA||12|20|1|1|12|20|11|11|3.0|6.0|6|5|3.0|1.0|4.0|5|27|22.1
12|1993-94|32.0|PHI|NBA||11|21|1|2|11|21|10|11|3.0|5.0|7|6|3.0|0.0|4.0|4|32|24.7
13|1994-95|33.0|PHI|NBA||13|26|2|3|12|24|8|8|3.0|5.0|7|5|3.0|0.0|6.0|4|34|27.5
15|1995-96|34.0|PHI|NBA||9|20|3|4|6|16|5|5|2.0|3.0|4|4|3.0|0.0|3.0|3|21|14.3
16|1995-96|34.0|MIA|NBA||4|8|0|0|4|8|3|4|0.0|2.0|2|3|1.0|0.0|1.0|3|10|7.6
