|Season|Age|Tm|Lg|Pos|G|MP|FG%|Dist.|% of 2PA|% of 0-3|% of 3-10|% of 10-16|% of 16-3pt|% of 3P|2P %FG|0-3 %FG|3-10 %FG|10-16 %FG|16-3pt%FG|3P %FG|2P % Assisted|% of Dunks|Dunks Made|3P % Assisted|% of 3PA from Corner|Corner 3 %FG |Heaves Attempted|Heaves Made
0|2001-02|23.0|NJN|NBA|PF|28.0|290.0|0.34299999999999997|12.2|0.851|0.358|0.075|0.11900000000000001|0.299|0.149|0.35100000000000003|0.45799999999999996|0.0|0.375|0.3|0.3|0.55|0.06|3.0|1.0|0.2|0.0|1.0|0.0
1|2002-03|24.0|NJN|NBA|PF|59.0|724.0|0.402|13.1|0.769|0.29|0.11199999999999999|0.071|0.29600000000000004|0.231|0.415|0.49|0.368|0.41700000000000004|0.36|0.359|0.667|0.024|2.0|0.857|0.154|0.0|0.0|0.0
2|2003-04|25.0|NJN|NBA|PF|69.0|928.0|0.39399999999999996|13.8|0.812|0.252|0.083|0.106|0.37200000000000005|0.188|0.429|0.491|0.389|0.435|0.395|0.244|0.8029999999999999|0.037000000000000005|8.0|1.0|0.293|0.41700000000000004|0.0|0.0
3|2004-05|26.0|NJN|NBA|PF|54.0|1167.0|0.39799999999999996|12.5|0.795|0.292|0.142|0.087|0.27399999999999997|0.205|0.41700000000000004|0.5770000000000001|0.298|0.276|0.35200000000000004|0.324|0.718|0.024|7.0|1.0|0.441|0.36700000000000005|0.0|0.0
4|2005-06|27.0|BOS|NBA|PF|71.0|938.0|0.38299999999999995|17.6|0.5489999999999999|0.171|0.062|0.040999999999999995|0.275|0.451|0.406|0.5760000000000001|0.41700000000000004|0.25|0.321|0.35600000000000004|0.674|0.016|3.0|0.968|0.391|0.294|0.0|0.0
5|2006-07|28.0|BOS|NBA|PF|54.0|1027.0|0.40299999999999997|19.7|0.424|0.136|0.026000000000000002|0.047|0.215|0.5760000000000001|0.40700000000000003|0.462|0.6|0.778|0.268|0.4|0.545|0.005|1.0|1.0|0.336|0.37799999999999995|1.0|0.0
6|2007-08|29.0|BOS|NBA|PF|48.0|512.0|0.309|17.0|0.511|0.17|0.128|0.032|0.18100000000000002|0.489|0.292|0.43799999999999994|0.16699999999999998|0.33299999999999996|0.235|0.326|0.857|0.021|1.0|1.0|0.478|0.364|1.0|0.0
7|2008-09|30.0|BOS|NBA|C|39.0|504.0|0.42100000000000004|18.9|0.465|0.14|0.035|0.035|0.254|0.535|0.45299999999999996|0.813|0.25|0.5|0.276|0.39299999999999996|0.958|0.044000000000000004|5.0|0.958|0.59|0.361|0.0|0.0
8|2009-10|31.0|BOS|NBA|PF|52.0|472.0|0.341|19.7|0.424|0.11800000000000001|0.024|0.012|0.271|0.5760000000000001|0.361|0.7|0.0|0.0|0.261|0.327|0.9229999999999999|0.0|0.0|1.0|0.5710000000000001|0.429|0.0|0.0
9|2010-11|32.0|CHI|NBA|PF|18.0|88.0|0.526|18.5|0.737|0.053|0.105|0.105|0.474|0.263|0.7140000000000001|1.0|0.5|0.5|0.778|0.0|0.8|0.0|0.0||0.6|0.0|0.0|0.0
10|2011-12|33.0|CHI|NBA|PF|28.0|122.0|0.467|13.0|0.767|0.233|0.233|0.033|0.267|0.233|0.565|0.5710000000000001|0.5710000000000001|1.0|0.5|0.14300000000000002|0.6920000000000001|0.0|0.0|1.0|0.429|0.0|0.0|0.0
