player_id|Rk|Unnamed: 1|Age|G|GS|MP|FG|FGA|FG%|3P|3PA|3P%|2P|2PA|2P%|eFG%|FT|FTA|FT%|ORB|DRB|TRB|AST|STL|BLK|TOV|PF|PTS|player_id
piercpa01|1|Paul Pierce|35|77|77|2575|476|1092|0.436|145|382|0.38|331|710|0.466|0.502|333|423|0.787|45|442|487|370|84|30|214|210|1430|piercpa01
greenje02|2|Jeff Green|26|81|17|2252|376|806|0.467|70|182|0.385|306|624|0.49|0.51|214|265|0.8079999999999999|55|263|318|128|56|68|132|175|1036|greenje02
bassbr01|3|Brandon Bass|27|81|69|2239|286|589|0.486|0|2|0.0|286|587|0.48700000000000004|0.486|129|150|0.86|129|296|425|84|44|64|80|188|701|bassbr01
terryja01|4|Jason Terry|35|79|24|2124|281|648|0.434|123|331|0.37200000000000005|158|317|0.498|0.529|114|131|0.87|19|140|159|198|66|11|102|110|799|terryja01
garneke01|5|Kevin Garnett|36|68|68|2022|422|850|0.496|2|16|0.125|420|834|0.504|0.498|158|201|0.7859999999999999|75|455|530|159|78|62|110|154|1004|garneke01
leeco01|6|Courtney Lee|27|78|39|1941|246|530|0.46399999999999997|58|156|0.37200000000000005|188|374|0.503|0.519|62|72|0.861|31|159|190|143|89|21|84|139|612|leeco01
bradlav01|7|Avery Bradley|22|50|50|1435|192|478|0.402|40|126|0.317|152|352|0.43200000000000005|0.444|37|49|0.755|30|81|111|104|64|19|72|129|461|bradlav01
rondora01|8|Rajon Rondo|26|38|38|1423|225|465|0.484|12|50|0.24|213|415|0.513|0.49700000000000005|60|93|0.645|43|169|212|420|70|9|148|96|522|rondora01
sullija01|9|Jared Sullinger|20|45|5|892|111|225|0.493|1|5|0.2|110|220|0.5|0.496|47|63|0.746|92|172|264|35|22|22|29|154|270|sullija01
wilcoch01|10|Chris Wilcox|30|61|7|830|110|153|0.7190000000000001|0|1|0.0|110|152|0.7240000000000001|0.7190000000000001|39|58|0.672|55|125|180|22|32|28|34|125|259|wilcoch01
crawfjo02|11|Jordan Crawford|24|27|2|582|90|217|0.415|24|75|0.32|66|142|0.465|0.47|42|53|0.792|13|61|74|68|12|2|44|45|246|crawfjo02
barbole01|12|Leandro Barbosa|30|41|2|513|83|193|0.43|18|47|0.38299999999999995|65|146|0.445|0.47700000000000004|31|41|0.7559999999999999|8|38|46|58|17|6|21|51|215|barbole01
collija04|13|Jason Collins|34|32|7|330|8|23|0.348|0|0||8|23|0.348|0.348|21|30|0.7|21|31|52|6|10|6|16|74|37|collija04
willite01|14|Terrence Williams|25|24|0|318|48|97|0.495|5|15|0.33299999999999996|43|82|0.524|0.521|9|21|0.429|4|40|44|38|11|2|22|13|110|willite01
randosh01|15|Shavlik Randolph|29|16|0|198|28|48|0.583|0|0||28|48|0.583|0.583|11|27|0.40700000000000003|28|42|70|4|8|7|10|38|67|randosh01
whitedj01|16|D.J. White|26|12|0|86|12|23|0.522|0|0||12|23|0.522|0.522|5|9|0.556|4|9|13|4|1|6|2|5|29|whitedj01
melofa01|17|Fab Melo|22|6|0|36|3|6|0.5|0|0||3|6|0.5|0.5|1|4|0.25|0|3|3|0|2|2|1|7|7|melofa01
josepkr01|18|Kris Joseph|24|6|0|24|2|11|0.182|0|2|0.0|2|9|0.222|0.182|3|4|0.75|1|4|5|1|0|0|2|2|7|josepkr01
varnaja01|19|Jarvis Varnado|24|5|0|18|2|4|0.5|0|0||2|4|0.5|0.5|2|4|0.5|1|2|3|1|1|0|1|1|6|varnaja01
milicda01|20|Darko Miličić|27|1|0|5|0|1|0.0|0|0||0|1|0.0|0.0|0|0||0|1|1|0|0|0|2|1|0|milicda01
