|Season|Age|Tm|Lg|Pos|G|MP|PG%|SG%|SF%|PF%|C%|OnCourt|On-Off|BadPass|LostBall|Shoot|Off.|Shoot.1|Off..1|PGA|And1|Blkd
0|2002-03|21.0|PHO|NBA|SG|6.0|164.0|0|39|61|0|0|-14.6|-19.2|5.0|4.0|5.0|3.0|3.0|0.0|19.0|1.0|7.0
1|2004-05|23.0|PHO|NBA|SF|9.0|355.0|0|1|99|0|0|12.0|14.3|2.0|7.0|6.0|0.0|14.0|0.0|72.0|5.0|3.0
2|2007-08|26.0|ATL|NBA|SG|7.0|275.0|5|93|1|0|0|-16.0|-8.4|9.0|5.0|5.0|2.0|8.0|0.0|63.0|1.0|9.0
3|2008-09|27.0|ATL|NBA|SG|11.0|429.0|0|56|43|0|0|-7.6|7.7|16.0|11.0|10.0|3.0|17.0|4.0|91.0|4.0|14.0
4|2009-10|28.0|ATL|NBA|SG|11.0|440.0|0|73|27|0|0|-2.7|32.8|14.0|9.0|9.0|1.0|19.0|1.0|125.0|3.0|5.0
5|2010-11|29.0|ATL|NBA|SG|12.0|497.0|0|70|30|0|0|-6.8|-12.0|18.0|10.0|11.0|3.0|15.0|0.0|87.0|4.0|14.0
6|2011-12|30.0|ATL|NBA|SG|6.0|243.0|0|46|53|1|0|-2.0|19.2|10.0|2.0|0.0|1.0|8.0|1.0|48.0|0.0|4.0
7|2012-13|31.0|BRK|NBA|SG|7.0|271.0|0|72|28|0|0|0.1|-7.4|7.0|5.0|8.0|0.0|2.0|1.0|40.0|1.0|2.0
8|2013-14|32.0|BRK|NBA|SG|12.0|469.0|0|49|51|0|0|1.4|15.7|5.0|9.0|11.0|3.0|10.0|1.0|84.0|3.0|6.0
9|2014-15|33.0|BRK|NBA|SG|6.0|249.0|0|48|44|7|0|-13.5|-49.4|1.0|4.0|7.0|0.0|9.0|0.0|65.0|1.0|2.0
10|2015-16|34.0|MIA|NBA|SF|14.0|492.0|0|1|57|40|3|3.8|-2.8|2.0|14.0|10.0|2.0|8.0|0.0|82.0|3.0|3.0
11|2016-17|35.0|UTA|NBA|SF|11.0|326.0|0|37|61|2|0|-7.1|-6.4|2.0|9.0|8.0|0.0|5.0|0.0|66.0|1.0|4.0
12|2017-18|36.0|HOU|NBA|SF|8.0|54.0|0|25|28|47|0|-33.5|-37.8|3.0|0.0|3.0|0.0|0.0|0.0|8.0|0.0|0.0
