|Season|Age|Tm|Lg|Pos|G|GS|MP|FG|FGA|FG%|3P|3PA|3P%|2P|2PA|2P%|eFG%|FT|FTA|FT%|ORB|DRB|TRB|AST|STL|BLK|TOV|PF|PTS
1|2001-02|20.0|BOS|NBA|SG|48.0|33.0|1003.0|130.0|296.0|0.439|24.0|88.0|0.273|106.0|208.0|0.51|0.48|20.0|26.0|0.769|40.0|99.0|139.0|74.0|33.0|9.0|28.0|59.0|304.0
2|2001-02|20.0|PHO|NBA|SG|29.0|27.0|913.0|121.0|288.0|0.42|14.0|42.0|0.33299999999999996|107.0|246.0|0.435|0.444|21.0|27.0|0.778|35.0|83.0|118.0|105.0|26.0|11.0|43.0|55.0|277.0
3|2002-03|21.0|PHO|NBA|SG|82.0|34.0|2255.0|316.0|796.0|0.397|75.0|205.0|0.366|241.0|591.0|0.408|0.444|96.0|124.0|0.774|57.0|207.0|264.0|210.0|62.0|19.0|108.0|143.0|803.0
4|2003-04|22.0|PHO|NBA|SG|82.0|77.0|3331.0|555.0|1291.0|0.43|83.0|272.0|0.305|472.0|1019.0|0.46299999999999997|0.462|174.0|232.0|0.75|80.0|305.0|385.0|362.0|93.0|26.0|199.0|177.0|1367.0
5|2004-05|23.0|PHO|NBA|SF|82.0|82.0|3240.0|544.0|1179.0|0.461|177.0|370.0|0.478|367.0|809.0|0.45399999999999996|0.536|135.0|180.0|0.75|120.0|302.0|422.0|291.0|79.0|24.0|148.0|167.0|1400.0
6|2005-06|24.0|ATL|NBA|SG|82.0|82.0|3340.0|632.0|1395.0|0.45299999999999996|128.0|360.0|0.35600000000000004|504.0|1035.0|0.48700000000000004|0.499|261.0|330.0|0.7909999999999999|98.0|237.0|335.0|536.0|103.0|31.0|267.0|187.0|1653.0
7|2006-07|25.0|ATL|NBA|SG|57.0|57.0|2359.0|536.0|1139.0|0.47100000000000003|119.0|312.0|0.381|417.0|827.0|0.504|0.523|235.0|314.0|0.748|53.0|186.0|239.0|249.0|60.0|11.0|176.0|115.0|1426.0
8|2007-08|26.0|ATL|NBA|SG|82.0|82.0|3343.0|647.0|1497.0|0.43200000000000005|169.0|444.0|0.381|478.0|1053.0|0.45399999999999996|0.489|316.0|379.0|0.8340000000000001|83.0|284.0|367.0|474.0|84.0|18.0|223.0|168.0|1779.0
9|2008-09|27.0|ATL|NBA|SG|79.0|79.0|3124.0|620.0|1420.0|0.43700000000000006|149.0|414.0|0.36|471.0|1006.0|0.46799999999999997|0.489|299.0|362.0|0.826|65.0|281.0|346.0|455.0|84.0|19.0|195.0|176.0|1688.0
10|2009-10|28.0|ATL|NBA|SG|76.0|76.0|2886.0|635.0|1386.0|0.45799999999999996|129.0|350.0|0.369|506.0|1036.0|0.488|0.505|220.0|269.0|0.818|74.0|279.0|353.0|369.0|82.0|5.0|145.0|145.0|1619.0
11|2010-11|29.0|ATL|NBA|SG|72.0|72.0|2554.0|514.0|1161.0|0.44299999999999995|89.0|300.0|0.297|425.0|861.0|0.494|0.48100000000000004|195.0|243.0|0.802|59.0|232.0|291.0|338.0|47.0|7.0|146.0|131.0|1312.0
12|2011-12|30.0|ATL|NBA|SG|60.0|60.0|2127.0|423.0|931.0|0.45399999999999996|125.0|322.0|0.38799999999999996|298.0|609.0|0.489|0.521|158.0|186.0|0.8490000000000001|53.0|168.0|221.0|232.0|48.0|13.0|116.0|75.0|1129.0
13|2012-13|31.0|BRK|NBA|SG|72.0|72.0|2642.0|445.0|1052.0|0.423|148.0|395.0|0.375|297.0|657.0|0.452|0.493|132.0|161.0|0.82|53.0|165.0|218.0|253.0|49.0|14.0|123.0|99.0|1170.0
14|2013-14|32.0|BRK|NBA|SG|79.0|79.0|2575.0|462.0|1018.0|0.45399999999999996|162.0|404.0|0.401|300.0|614.0|0.489|0.5329999999999999|159.0|195.0|0.815|48.0|222.0|270.0|216.0|47.0|10.0|120.0|129.0|1245.0
15|2014-15|33.0|BRK|NBA|SG|80.0|80.0|2791.0|446.0|1025.0|0.435|121.0|337.0|0.359|325.0|688.0|0.47200000000000003|0.494|141.0|176.0|0.8009999999999999|53.0|331.0|384.0|292.0|59.0|14.0|137.0|120.0|1154.0
17|2015-16|34.0|BRK|NBA|SF|57.0|57.0|1934.0|247.0|608.0|0.406|85.0|229.0|0.371|162.0|379.0|0.42700000000000005|0.47600000000000003|92.0|108.0|0.852|34.0|190.0|224.0|232.0|40.0|2.0|116.0|100.0|671.0
18|2015-16|34.0|MIA|NBA|SF|24.0|24.0|769.0|130.0|251.0|0.518|35.0|84.0|0.41700000000000004|95.0|167.0|0.569|0.588|26.0|34.0|0.765|15.0|53.0|68.0|86.0|21.0|2.0|43.0|46.0|321.0
19|2016-17|35.0|UTA|NBA|SF|78.0|14.0|1843.0|273.0|626.0|0.436|106.0|258.0|0.41100000000000003|167.0|368.0|0.45399999999999996|0.521|63.0|77.0|0.818|33.0|210.0|243.0|144.0|36.0|18.0|69.0|93.0|715.0
21|2017-18|36.0|UTA|NBA|SF|32.0|3.0|700.0|95.0|226.0|0.42|23.0|84.0|0.27399999999999997|72.0|142.0|0.507|0.47100000000000003|20.0|24.0|0.833|12.0|95.0|107.0|45.0|12.0|6.0|31.0|32.0|233.0
22|2017-18|36.0|HOU|NBA|SF|23.0|1.0|505.0|51.0|134.0|0.381|17.0|61.0|0.27899999999999997|34.0|73.0|0.466|0.444|20.0|21.0|0.9520000000000001|2.0|63.0|65.0|38.0|6.0|1.0|18.0|35.0|139.0
