player_id|Rk|Unnamed: 1|Age|G|GS|MP|FG|FGA|FG%|3P|3PA|3P%|2P|2PA|2P%|FT|FTA|FT%|ORB|DRB|TRB|AST|STL|BLK|TOV|PF|PTS|player_id
hayesel01|1|Elvin Hayes|34|81||3183|8.6|19.0|0.45399999999999996|0.0|0.1|0.231|8.6|18.8|0.456|3.8|5.4|0.6990000000000001|3.0|7.1|10.1|1.5|0.7|2.1|2.4|3.5|21.0|hayesel01
unselwe01|2|Wes Unseld|33|82||2973|4.0|7.7|0.513|0.0|0.0|0.5|3.9|7.7|0.513|1.7|2.5|0.665|4.0|9.2|13.2|4.4|0.8|0.7|1.9|3.0|9.6|unselwe01
ballagr01|3|Greg Ballard|25|82||2438|8.0|16.3|0.495|0.2|0.7|0.34|7.8|15.6|0.502|2.5|3.4|0.753|3.5|5.9|9.4|2.3|1.3|0.5|2.0|2.9|18.9|ballagr01
greveke01|4|Kevin Grevey|26|65||1818|6.6|15.9|0.41200000000000003|0.7|1.8|0.37|5.9|14.1|0.41700000000000004|4.3|4.9|0.867|1.6|2.1|3.7|3.5|1.1|0.3|2.0|3.1|18.1|greveke01
cleamji01|5|Jim Cleamons|30|57||1535|4.3|8.9|0.483|0.1|0.5|0.174|4.2|8.4|0.503|1.7|2.3|0.735|1.0|2.1|3.1|5.8|1.0|0.2|2.2|2.8|10.4|cleamji01
porteke01|6|Kevin Porter|29|70||1494|4.8|10.6|0.45899999999999996|0.0|0.1|0.0|4.8|10.5|0.46299999999999997|2.7|3.3|0.8029999999999999|0.6|1.4|2.0|11.0|1.4|0.3|4.0|4.3|12.3|porteke01
dandrbo01|7|Bob Dandridge|32|45||1457|8.1|18.0|0.451|0.0|0.3|0.182|8.1|17.7|0.455|3.0|3.8|0.809|1.6|4.5|6.1|4.4|0.7|0.9|3.0|2.8|19.3|dandrbo01
wrighla01|8|Larry Wright|25|76||1286|6.4|14.0|0.45799999999999996|0.1|0.4|0.25|6.3|13.5|0.465|2.7|3.0|0.889|1.1|2.3|3.4|6.2|1.4|0.5|3.0|4.0|15.6|wrighla01
pheglro01|9|Roger Phegley|23|50||971|8.3|17.5|0.474|0.1|0.2|0.4|8.2|17.4|0.474|3.9|4.4|0.867|1.8|2.4|4.3|2.6|0.7|0.1|2.6|3.9|20.5|pheglro01
corzida01|10|Dave Corzine|23|78||826|3.9|9.4|0.41700000000000004|0.0|0.0||3.9|9.4|0.41700000000000004|2.0|3.0|0.662|4.5|7.2|11.8|2.7|0.4|1.4|2.6|5.2|9.8|corzida01
willijo01|11|John Williamson|28|30||603|9.1|21.3|0.43|0.2|1.0|0.188|9.0|20.3|0.441|2.4|3.0|0.8|0.8|1.9|2.7|2.3|0.6|0.6|2.9|3.9|20.8|willijo01
cheniph01|12|Phil Chenier|29|20||470|6.4|16.4|0.39299999999999996|0.2|0.5|0.5|6.2|15.9|0.389|2.4|3.1|0.7559999999999999|0.8|2.5|3.3|3.2|1.4|0.4|2.2|2.0|15.5|cheniph01
kupchmi01|13|Mitch Kupchak|25|40||451|5.3|12.8|0.419|0.0|0.2|0.0|5.3|12.6|0.424|4.2|6.0|0.693|2.6|5.8|8.4|1.3|0.6|0.6|3.2|3.9|14.8|kupchmi01
bailegu01|14|Gus Bailey|28|20||180|3.2|7.0|0.457|0.2|0.2|1.0|3.0|6.8|0.441|1.0|2.6|0.385|1.2|4.4|5.6|5.2|1.4|0.8|2.2|3.6|7.6|bailegu01
bostola01|15|Lawrence Boston|23|13||125|6.9|15.0|0.462|0.0|0.0||6.9|15.0|0.462|2.3|3.7|0.615|5.5|5.8|11.2|0.6|1.2|0.6|2.3|7.2|16.1|bostola01
behagro01|16|Ron Behagen|29|6||64|5.1|12.9|0.391|0.0|0.0||5.1|12.9|0.391|2.8|3.4|0.833|3.4|4.5|7.9|3.9|0.0|2.3|2.3|7.9|12.9|behagro01
malovst01|17|Steve Malovic|23|1||6|0.0|0.0||0.0|0.0||0.0|0.0||6.0|24.0|0.25|0.0|0.0|0.0|0.0|6.0|0.0|0.0|0.0|6.0|malovst01
