player_id|Rk|Unnamed: 1|Age|G|GS|MP|FG|FGA|FG%|FT|FTA|FT%|TRB|AST|PF|PTS/G|player_id
boozebo01|1|Bob Boozer|30|77||38.8|8.1|16.4|0.49200000000000005|5.3|6.9|0.768|9.8|1.6|3.0|21.5|boozebo01
rodgegu01|2|Guy Rodgers|32|4||32.3|4.0|13.5|0.29600000000000004|2.3|2.8|0.818|3.5|7.0|2.8|10.3|rodgegu01
sloanje01|3|Jerry Sloan|25|77||31.9|4.8|12.5|0.385|3.8|5.0|0.7490000000000001|7.7|3.0|3.8|13.3|sloanje01
washiji01|4|Jim Washington|24|82||30.8|5.1|11.2|0.457|2.3|3.3|0.682|10.1|1.4|2.8|12.5|washiji01
erickke01|5|Keith Erickson|23|78||28.9|4.8|12.1|0.401|2.5|3.3|0.755|5.4|3.4|3.5|12.2|erickke01
robinfl01|6|Flynn Robinson|26|73||27.8|6.0|13.7|0.441|3.9|4.7|0.828|3.7|2.9|2.5|16.0|robinfl01
mclemmc01|7|McCoy McLemore|25|76||27.6|4.9|12.4|0.39799999999999996|2.8|3.6|0.779|5.7|1.7|2.9|12.7|mclemmc01
mueller01|8|Erwin Mueller|23|35||23.3|2.6|6.7|0.387|1.3|2.3|0.561|4.8|2.2|2.2|6.5|mueller01
hardire01|9|Reggie Harding|25|14||21.8|1.7|5.1|0.33799999999999997|1.2|2.4|0.515|6.7|1.3|2.5|4.6|hardire01
clemeba01|10|Barry Clemens|24|78||20.9|3.9|8.6|0.449|1.6|2.2|0.7240000000000001|4.8|1.3|2.9|9.3|clemeba01
haskicl01|11|Clem Haskins|24|76||19.4|3.6|8.6|0.42|1.8|2.7|0.6579999999999999|3.0|2.2|2.3|8.9|haskicl01
barneji01|12|Jim Barnes|26|37||19.2|3.2|7.1|0.455|2.0|2.8|0.718|5.5|0.8|3.5|8.5|barneji01
wilbuke01|13|Ken Wilburn|23|3||8.7|1.7|3.0|0.556|0.3|1.3|0.25|3.3|0.7|1.3|3.7|wilbuke01
schelda01|14|Dave Schellhase|23|42||7.2|1.1|3.3|0.341|0.5|0.9|0.526|1.1|0.9|1.0|2.7|schelda01
spitzcr01|15|Craig Spitzer|22|10||4.4|0.8|2.1|0.381|0.2|0.3|0.667|2.4|0.0|0.4|1.8|spitzcr01
burnsji01|16|Jim Burns|22|3||3.7|0.7|2.3|0.28600000000000003|0.0|0.0||0.7|0.3|0.3|1.3|burnsji01
