player_id|Rk|Unnamed: 1|Age|G|MP|PER|TS%|3PAr|FTr|ORB%|DRB%|TRB%|AST%|STL%|BLK%|TOV%|USG%|Unnamed: 17|OWS|DWS|WS|WS/48|Unnamed: 22|OBPM|DBPM|BPM|VORP|player_id
anthoca01|1|Carmelo Anthony|29|77|2982|24.4|0.561|0.253|0.32899999999999996|5.6|19.4|12.3|15.8|1.7|1.5|9.5|32.4||8.1|2.5|10.7|0.172||4.6|-1.0|3.6|4.2|anthoca01
smithjr01|2|J.R. Smith|28|74|2421|14.0|0.527|0.503|0.145|1.7|13.1|7.2|15.1|1.4|0.7|9.6|21.6||2.5|1.2|3.7|0.073||1.8|-1.6|0.1|1.3|smithjr01
feltora01|3|Raymond Felton|29|65|2017|12.9|0.47600000000000003|0.321|0.201|3.1|8.6|5.7|28.1|2.1|1.2|16.3|18.2||1.1|1.1|2.2|0.053||-0.1|-0.8|-0.9|0.5|feltora01
shumpim01|4|Iman Shumpert|23|74|1962|9.6|0.48|0.47100000000000003|0.147|4.7|14.0|9.2|9.8|2.5|0.6|13.3|14.1||0.4|1.6|2.0|0.048||-0.8|0.7|-0.1|0.9|shumpim01
hardati02|5|Tim Hardaway|21|81|1875|12.7|0.5539999999999999|0.521|0.18600000000000003|1.2|6.6|3.8|5.8|1.2|0.3|5.9|19.6||2.7|0.4|3.1|0.08||1.3|-3.5|-2.3|-0.1|hardati02
chandty01|6|Tyson Chandler|31|55|1662|16.4|0.615|0.003|0.48100000000000004|10.9|27.0|18.7|5.5|1.2|3.4|15.4|12.9||3.1|1.9|4.9|0.14300000000000002||-0.6|1.8|1.3|1.4|chandty01
stoudam01|7|Amar'e Stoudemire|31|65|1466|18.8|0.596|0.0|0.364|8.7|17.2|12.8|4.2|0.8|2.2|12.3|23.4||2.9|0.9|3.8|0.124||-0.8|-2.3|-3.1|-0.4|stoudam01
prigipa01|8|Pablo Prigioni|36|66|1283|13.0|0.642|0.733|0.063|3.2|8.8|5.9|25.6|2.8|0.1|23.4|9.3||2.5|0.9|3.4|0.127||1.5|-0.9|0.6|0.8|prigipa01
bargnan01|9|Andrea Bargnani|28|42|1257|14.5|0.51|0.215|0.203|6.3|14.7|10.4|6.1|0.6|3.7|9.6|22.4||0.8|0.7|1.5|0.057999999999999996||-1.4|-1.0|-2.4|-0.1|bargnan01
martike01|10|Kenyon Martin|36|32|633|12.2|0.521|0.008|0.154|6.5|18.7|12.5|11.9|2.1|3.8|16.5|11.6||0.5|0.7|1.2|0.09||-2.0|3.1|1.1|0.5|martike01
udrihbe01|11|Beno Udrih|31|31|588|12.4|0.507|0.25|0.15|1.9|9.7|5.7|28.9|2.0|0.5|19.8|16.8||0.4|0.3|0.7|0.055999999999999994||-1.4|-1.8|-3.3|-0.2|udrihbe01
tylerje01|12|Jeremy Tyler|22|41|398|13.0|0.532|0.0|0.414|10.9|21.6|16.1|3.3|0.8|4.5|15.9|19.1||0.1|0.4|0.5|0.064||-4.3|-0.8|-5.1|-0.3|tylerje01
artesro01|13|Metta World Peace|34|29|388|11.7|0.469|0.38299999999999995|0.113|5.3|12.8|8.9|7.1|3.3|1.8|11.4|20.0||-0.2|0.4|0.3|0.032||-1.9|-0.1|-2.1|0.0|artesro01
murryto01|14|Toure' Murry|24|51|373|11.1|0.479|0.09300000000000001|0.302|4.0|10.1|6.9|21.5|2.7|0.2|18.9|22.5||-0.3|0.3|0.0|0.002||-3.4|-1.6|-4.9|-0.3|murryto01
aldrico01|15|Cole Aldrich|25|46|330|19.1|0.62|0.0|0.49200000000000005|12.8|33.8|23.0|6.4|1.3|8.1|19.5|13.0||0.6|0.6|1.2|0.17800000000000002||-2.6|3.8|1.2|0.3|aldrico01
brownsh01|16|Shannon Brown|28|19|148|8.4|0.462|0.0|0.316|4.6|7.4|6.0|4.1|4.3|0.0|18.8|16.7||-0.2|0.2|0.0|-0.013000000000000001||-5.0|0.2|-4.9|-0.1|brownsh01
clarkea01|17|Earl Clark|26|9|70|13.5|0.45299999999999996|0.28600000000000003|0.47600000000000003|3.3|24.2|13.4|4.3|0.8|7.6|3.8|17.5||0.0|0.1|0.1|0.08||-4.8|0.9|-3.9|0.0|clarkea01
smithch05|18|Chris Smith|26|2|2|0.0||||0.0|0.0|0.0|0.0|0.0|0.0||0.0||0.0|0.0|0.0|-0.02||-5.8|-0.5|-6.2|0.0|smithch05
