|Season|Age|Tm|Lg|Pos|G|GS|MP|FG|FGA|FG%|3P|3PA|3P%|2P|2PA|2P%|eFG%|FT|FTA|FT%|ORB|DRB|TRB|AST|STL|BLK|TOV|PF|PTS
0|2009-10|22.0|CLE|NBA|SG|20.0|0.0|5.8|0.8|2.0|0.385|0.3|1.1|0.273|0.5|0.9|0.529|0.462|0.2|0.3|0.667|0.4|0.5|0.9|0.3|0.3|0.2|0.3|0.5|2.0
1|2010-11|23.0|SAS|NBA|SG|8.0|0.0|11.5|2.1|4.4|0.486|0.9|2.4|0.368|1.3|2.0|0.625|0.586|0.0|0.0||0.4|1.5|1.9|0.3|0.3|0.1|0.6|0.9|5.1
2|2011-12|24.0|SAS|NBA|SG|66.0|38.0|23.1|3.2|7.2|0.442|1.5|3.5|0.436|1.7|3.7|0.449|0.5489999999999999|1.2|1.5|0.79|0.8|2.6|3.5|1.3|0.9|0.7|1.0|1.6|9.1
3|2012-13|25.0|SAS|NBA|SG|80.0|80.0|27.5|3.7|8.3|0.44799999999999995|2.2|5.2|0.429|1.5|3.1|0.48|0.581|0.8|1.0|0.848|0.5|2.6|3.1|1.8|1.2|0.7|1.2|1.6|10.5
4|2013-14|26.0|SAS|NBA|SG|68.0|59.0|24.3|3.2|7.4|0.43200000000000005|1.9|4.7|0.415|1.3|2.8|0.46|0.562|0.7|0.9|0.794|0.4|3.0|3.4|1.5|1.0|0.9|1.1|1.6|9.1
5|2014-15|27.0|SAS|NBA|SG|81.0|80.0|28.5|4.0|9.1|0.436|2.4|5.6|0.418|1.6|3.5|0.466|0.5660000000000001|1.4|1.6|0.8740000000000001|0.7|3.6|4.2|2.0|1.2|1.1|1.1|2.0|11.7
6|2015-16|28.0|SAS|NBA|SG|79.0|79.0|26.1|2.7|7.1|0.376|1.5|4.4|0.332|1.2|2.7|0.44799999999999995|0.48|0.4|0.6|0.7390000000000001|0.6|3.2|3.8|1.8|1.0|0.8|0.9|1.8|7.2
7|2016-17|29.0|SAS|NBA|SG|68.0|68.0|26.6|2.6|6.6|0.392|1.7|4.6|0.379|0.9|2.0|0.42|0.523|0.4|0.5|0.8440000000000001|0.5|2.8|3.3|1.8|1.0|0.8|1.1|1.8|7.3
8|2017-18|30.0|SAS|NBA|SG|70.0|60.0|25.6|3.1|8.0|0.387|1.7|4.6|0.363|1.4|3.4|0.419|0.49|0.7|0.9|0.769|0.6|3.0|3.6|1.6|0.9|1.1|1.1|1.7|8.6
9|2018-19|31.0|TOR|NBA|SG|80.0|80.0|27.7|3.7|7.9|0.465|2.5|5.4|0.455|1.2|2.4|0.48700000000000004|0.622|0.5|0.6|0.841|0.8|3.2|4.0|1.6|0.9|0.7|0.9|2.1|10.3
