|Season|Age|Tm|Lg|Pos|G|GS|MP|FG|FGA|FG%|FT|FTA|FT%|TRB|AST|PF|PTS
0|1956-57|23.0|NYK|NBA||9.0||10.1|2.0|5.4|0.36700000000000005|0.9|1.3|0.667|3.8|0.2|1.7|4.9
2|1957-58|24.0|NYK|NBA||12.0||6.3|1.3|2.8|0.47100000000000003|0.4|0.5|0.833|2.0|0.4|0.9|3.1
3|1957-58|24.0|DET|NBA|C|46.0||17.9|3.8|9.4|0.409|1.3|1.9|0.6779999999999999|6.0|0.7|2.1|9.0
4|1958-59|25.0|DET|NBA|PF|72.0||28.6|5.5|13.4|0.413|3.2|4.2|0.762|8.3|1.2|2.7|14.3
5|1959-60|26.0|CIN|NBA|C|75.0||27.5|5.1|12.9|0.39299999999999996|3.2|4.5|0.716|8.3|2.8|3.0|13.4
7|1960-61|27.0|CIN|NBA|C|48.0||23.8|4.2|10.6|0.395|2.4|3.3|0.731|8.8|2.2|3.1|10.9
8|1960-61|27.0|NYK|NBA|C|31.0||29.8|5.1|13.6|0.374|2.9|4.1|0.701|8.1|2.4|4.0|13.1
9|1961-62|28.0|NYK|NBA|C|76.0||28.9|5.3|13.5|0.392|1.3|2.2|0.5710000000000001|6.3|2.1|3.4|11.9
10|1962-63|29.0|STL|NBA|C|73.0||19.5|2.9|7.2|0.4|0.8|1.4|0.5539999999999999|4.4|1.4|2.4|6.5
