player_id|Rk|Unnamed: 1|Age|G|GS|MP|FG|FGA|FG%|FT|FTA|FT%|ORB|DRB|TRB|AST|STL|BLK|PF|PTS/G|player_id
tomjaru01|1|Rudy Tomjanovich|26|81||38.7|8.6|16.3|0.525|3.6|4.5|0.79|2.3|5.3|7.6|2.9|0.9|0.3|2.8|20.7|tomjaru01
newlimi01|2|Mike Newlin|26|79||34.3|5.5|11.5|0.48200000000000004|3.4|3.9|0.8690000000000001|0.7|2.6|3.3|5.1|1.4|0.1|3.6|14.4|newlimi01
murphca01|3|Calvin Murphy|26|78||32.2|7.1|14.8|0.484|4.4|4.9|0.883|0.7|1.6|2.2|4.9|1.6|0.1|3.6|18.7|murphca01
ratleed01|4|Ed Ratleff|24|80||32.0|4.9|10.6|0.461|2.0|2.4|0.826|2.3|3.4|5.7|3.2|1.8|0.6|2.9|11.8|ratleed01
kunneke01|5|Kevin Kunnert|23|75||24.0|4.6|9.0|0.512|1.5|2.3|0.6859999999999999|2.9|5.6|8.4|1.4|0.5|1.1|3.0|10.8|kunneke01
wohlda01|6|Dave Wohl|25|75||23.0|2.7|6.2|0.439|1.1|1.4|0.745|0.3|1.1|1.5|4.5|1.0|0.1|2.5|6.5|wohlda01
abdulza01|7|Zaid Abdul-Aziz|28|65||22.3|3.6|8.3|0.43700000000000006|2.4|3.1|0.7829999999999999|2.4|5.1|7.5|1.3|0.6|1.1|2.0|9.7|abdulza01
rileyro01|8|Ron Riley|24|77||20.5|2.5|6.1|0.41700000000000004|0.9|1.3|0.732|1.8|3.2|4.9|1.7|0.7|0.3|2.6|6.0|rileyro01
hawesst01|9|Steve Hawes|24|55||16.3|2.5|5.1|0.502|0.8|1.0|0.818|1.5|3.5|5.0|1.6|0.7|0.7|1.8|5.9|hawesst01
meelycl01|10|Cliff Meely|27|48||15.7|3.3|7.3|0.447|1.4|2.0|0.723|1.1|2.3|3.4|0.9|0.4|0.4|2.4|7.9|meelycl01
bailegu01|11|Gus Bailey|23|47||9.5|1.1|2.7|0.405|0.4|0.9|0.488|0.5|1.3|1.7|1.3|0.4|0.3|1.1|2.6|bailegu01
wellsow01|12|Owen Wells|24|33||6.5|1.3|3.0|0.42|0.5|0.7|0.682|0.4|0.7|1.1|0.7|0.3|0.1|1.2|3.0|wellsow01
