player_id|Rk|Unnamed: 1|Age|G|GS|MP|FG|FGA|FG%|3P|3PA|3P%|2P|2PA|2P%|eFG%|FT|FTA|FT%|ORB|DRB|TRB|AST|STL|BLK|TOV|PF|PTS|player_id
odomla01|1|Lamar Odom|24|80|80|3003|485|1127|0.43|61|205|0.298|424|922|0.46|0.457|340|458|0.742|160|616|776|327|85|71|236|273|1371|odomla01
jonesed02|2|Eddie Jones|32|81|81|2998|473|1156|0.409|177|479|0.37|296|677|0.43700000000000006|0.486|278|333|0.835|38|270|308|258|92|34|129|226|1401|jonesed02
alstora01|3|Rafer Alston|27|82|28|2581|287|764|0.376|161|434|0.371|126|330|0.382|0.48100000000000004|103|134|0.769|26|200|226|372|114|18|128|212|838|alstora01
grantbr01|4|Brian Grant|31|76|76|2303|289|613|0.47100000000000003|0|1|0.0|289|612|0.47200000000000003|0.47100000000000003|86|110|0.782|174|350|524|69|51|35|82|254|664|grantbr01
wadedw01|5|Dwyane Wade|22|61|56|2126|371|798|0.465|16|53|0.302|355|745|0.47700000000000004|0.475|233|312|0.747|85|162|247|275|86|34|196|140|991|wadedw01
butleca01|6|Caron Butler|23|68|56|2030|240|631|0.38|10|42|0.23800000000000002|230|589|0.39|0.38799999999999996|133|176|0.7559999999999999|92|234|326|126|75|13|91|162|623|butleca01
hasleud01|7|Udonis Haslem|23|75|24|1795|205|447|0.45899999999999996|0|3|0.0|205|444|0.462|0.45899999999999996|140|183|0.765|189|284|473|51|33|24|74|197|550|hasleud01
butlera01|8|Rasual Butler|24|45|0|675|119|250|0.47600000000000003|50|108|0.46299999999999997|69|142|0.486|0.5760000000000001|16|21|0.762|4|57|61|23|10|13|28|72|304|butlera01
allenma01|9|Malik Allen|25|45|6|616|83|198|0.419|0|0||83|198|0.419|0.419|25|33|0.758|42|77|119|16|12|28|27|81|191|allenma01
woodslo01|10|Loren Woods|25|38|2|506|44|96|0.45799999999999996|0|0||44|96|0.45799999999999996|0.45799999999999996|33|55|0.6|65|69|134|10|11|19|26|52|121|woodslo01
walkesa01|11|Samaki Walker|27|33|0|418|38|99|0.384|0|2|0.0|38|97|0.392|0.384|29|44|0.659|42|70|112|6|9|11|15|54|105|walkesa01
wallajo01|12|John Wallace|29|37|0|368|61|145|0.42100000000000004|5|13|0.385|56|132|0.424|0.43799999999999994|31|40|0.775|12|47|59|14|5|8|24|38|158|wallajo01
colesbi01|13|Bimbo Coles|35|22|1|170|12|34|0.353|0|0||12|34|0.353|0.353|4|6|0.667|2|8|10|15|3|0|9|27|28|colesbi01
zhizhwa01|14|Wang Zhizhi|26|14|0|105|17|45|0.37799999999999995|4|14|0.28600000000000003|13|31|0.419|0.42200000000000004|5|6|0.833|4|10|14|2|3|4|6|13|43|zhizhwa01
hillty01|15|Tyrone Hill|35|5|0|38|3|5|0.6|0|0||3|5|0.6|0.6|3|4|0.75|5|3|8|0|0|1|2|10|9|hillty01
penneki01|16|Kirk Penney|23|2|0|18|1|6|0.16699999999999998|1|3|0.33299999999999996|0|3|0.0|0.25|0|0||0|1|1|1|1|0|3|1|3|penneki01
beaslje01|17|Jerome Beasley|23|2|0|5|1|3|0.33299999999999996|0|0||1|3|0.33299999999999996|0.33299999999999996|0|0||0|1|1|0|0|0|0|0|2|beaslje01
