|Season|Age|Tm|Lg|Pos|G|MP|PG%|SG%|SF%|PF%|C%|OnCourt|On-Off|BadPass|LostBall|Shoot|Off.|Shoot.1|Off..1|PGA|And1|Blkd
0|2006-07|23.0|HOU|NBA|SF|35.0|191.0|0|0|18|80|2|-9.3|-15.7|1.0|0.0|11.0|1.0|1.0|3.0|16.0|0.0|0.0
1|2007-08|24.0|HOU|NBA|SF|35.0|264.0|0|5|57|38|0|-5.1|-11.4|3.0|0.0|15.0|0.0|0.0|3.0|15.0|0.0|0.0
2|2008-09|25.0|LAC|NBA|PF|71.0|1161.0|0|0|21|76|4|-11.1|-1.6|16.0|4.0|51.0|0.0|4.0|6.0|94.0|2.0|1.0
3|2009-10|26.0|LAC|NBA|SF|54.0|362.0|0|0|58|42|0|-15.5|-9.3|0.0|1.0|15.0|0.0|2.0|4.0|16.0|0.0|0.0
5|2010-11|27.0|DAL|NBA|SF|7.0|18.0|0|0|38|62|0|-46.5|-51.6|0.0|0.0|2.0|0.0|0.0|0.0|0.0|0.0|0.0
6|2010-11|27.0|SAS|NBA|SF|23.0|197.0|0|0|31|70|0|-5.5|-12.6|3.0|0.0|8.0|1.0|3.0|0.0|7.0|0.0|0.0
7|2011-12|28.0|NYK|NBA|PF|54.0|1020.0|0|0|16|83|1|7.1|5.5|7.0|5.0|36.0|1.0|3.0|5.0|30.0|2.0|4.0
8|2012-13|29.0|NYK|NBA|SF|81.0|1641.0|0|0|58|42|0|5.7|2.1|5.0|4.0|63.0|0.0|6.0|9.0|91.0|1.0|4.0
9|2013-14|30.0|TOR|NBA|PF|54.0|540.0|0|0|3|67|30|1.3|-2.8|1.0|2.0|20.0|1.0|1.0|4.0|32.0|0.0|0.0
11|2014-15|31.0|UTA|NBA|SF|22.0|109.0|0|0|30|67|3|-20.8|-21.6|1.0|2.0|7.0|0.0|0.0|0.0|15.0|0.0|1.0
12|2014-15|31.0|OKC|NBA|PF|13.0|88.0|0|0|9|88|3|-17.3|-19.8|1.0|0.0|5.0|0.0|0.0|0.0|12.0|0.0|1.0
14|2015-16|32.0|OKC|NBA|PF|7.0|24.0|0|0|12|88|0|20.5|13.4|1.0|0.0|1.0|0.0|0.0|0.0|0.0|0.0|0.0
15|2015-16|32.0|MIL|NBA|PF|3.0|20.0|0|0|8|92|0|-4.5|-0.5|0.0|0.0|1.0|0.0|0.0|0.0|0.0|0.0|0.0
16|2016-17|33.0|MIL|NBA|PF|8.0|22.0|0|0|83|18|0|-5.7|-5.8|0.0|0.0|1.0|0.0|0.0|0.0|0.0|0.0|0.0
