|Season|Age|Tm|Lg|Pos|G|GS|MP|FG|FGA|FG%|3P|3PA|3P%|2P|2PA|2P%|FT|FTA|FT%|ORB|DRB|TRB|AST|STL|BLK|TOV|PF|PTS|ORtg|DRtg
0|1991-92|22.0|CHH|NBA|PF|82.0|77.0|3047.0|9.5|19.5|0.49|0.1|0.3|0.22699999999999998|9.5|19.2|0.494|5.3|6.3|0.8290000000000001|5.0|8.9|13.9|4.5|1.3|0.8|2.5|3.5|24.4|116.0|110.0
1|1992-93|23.0|CHH|NBA|PF|82.0|82.0|3323.0|10.5|20.0|0.526|0.3|1.0|0.254|10.2|18.9|0.54|4.8|6.3|0.767|4.0|8.4|12.5|5.1|0.8|0.4|3.3|2.7|26.1|115.0|110.0
2|1993-94|24.0|CHH|NBA|PF|51.0|51.0|1757.0|9.7|18.8|0.515|0.1|0.6|0.23800000000000002|9.6|18.2|0.524|3.8|5.5|0.695|4.0|8.5|12.5|5.2|0.8|0.4|3.2|3.7|23.4|110.0|109.0
3|1994-95|25.0|CHH|NBA|PF|81.0|81.0|3234.0|9.5|19.8|0.48|1.3|3.4|0.386|8.2|16.4|0.5|4.5|5.8|0.774|3.1|6.4|9.5|6.0|1.3|0.5|3.4|2.8|24.8|111.0|108.0
4|1995-96|26.0|CHH|NBA|PF|81.0|81.0|3274.0|9.3|19.6|0.47600000000000003|1.1|2.9|0.366|8.3|16.7|0.495|6.8|9.0|0.757|4.0|6.9|10.9|5.7|0.9|0.7|2.9|2.8|26.6|118.0|113.0
5|1996-97|27.0|NYK|NBA|SF|76.0|76.0|2613.0|7.6|14.9|0.512|0.7|2.1|0.324|6.9|12.8|0.5429999999999999|3.9|5.6|0.693|3.3|4.6|8.0|3.5|1.3|0.7|2.8|5.1|19.8|113.0|104.0
6|1997-98|28.0|NYK|NBA|SF|70.0|70.0|2412.0|9.7|19.9|0.485|0.3|1.4|0.23800000000000002|9.3|18.5|0.504|4.8|6.4|0.7559999999999999|3.9|5.1|9.0|3.4|0.9|0.3|2.9|4.4|24.5|109.0|104.0
7|1998-99|29.0|NYK|NBA|PF|49.0|48.0|1639.0|7.1|15.4|0.45899999999999996|1.1|3.1|0.359|6.0|12.3|0.484|4.5|5.5|0.8170000000000001|3.1|6.5|9.6|4.0|1.1|0.3|3.0|5.0|19.8|109.0|100.0
8|1999-00|30.0|NYK|NBA|PF|70.0|68.0|2281.0|6.7|15.4|0.433|1.4|4.1|0.33299999999999996|5.3|11.3|0.469|3.0|3.9|0.7659999999999999|2.1|6.9|9.0|4.1|1.0|0.2|2.2|4.8|17.7|105.0|103.0
9|2000-01|31.0|NYK|NBA|PF|65.0|65.0|2105.0|6.5|15.7|0.41100000000000003|1.3|4.3|0.313|5.1|11.4|0.44799999999999995|2.7|3.4|0.797|2.4|7.2|9.5|3.3|1.0|0.8|2.6|5.5|17.0|99.0|99.0
