|Season|Age|Tm|Lg|Pos|G|GS|MP|FG|FGA|FG%|FT|FTA|FT%|TRB|AST|PF|PTS
0|1960-61|22.0|BOS|NBA|SF|10||21.6|3.7|7.5|0.493|1.5|2.4|0.625|8.4|0.7|4.2|8.9
1|1961-62|23.0|BOS|NBA|SF|14||31.4|4.0|9.3|0.431|2.1|2.6|0.8059999999999999|8.2|1.0|4.6|10.1
2|1962-63|24.0|BOS|NBA|SF|13||29.8|4.0|9.2|0.43700000000000006|1.8|2.4|0.774|7.4|1.5|4.7|9.8
3|1963-64|25.0|BOS|NBA|PF|10||30.2|3.4|9.4|0.36200000000000004|2.3|3.4|0.6759999999999999|6.8|0.6|4.5|9.1
4|1964-65|26.0|BOS|NBA|PF|12||30.4|5.3|12.7|0.42100000000000004|2.6|3.6|0.721|8.5|1.6|4.8|13.3
5|1965-66|27.0|BOS|NBA|PF|17||29.4|5.7|11.8|0.483|2.1|2.8|0.75|6.5|1.6|4.1|13.5
6|1966-67|28.0|BOS|NBA|SF|9||16.0|2.3|6.8|0.344|0.2|0.6|0.4|4.8|0.6|3.4|4.9
7|1967-68|29.0|BOS|NBA|SF|14||20.6|3.6|7.1|0.505|1.1|1.5|0.762|4.5|0.9|3.8|8.3
8|1968-69|30.0|BOS|NBA|SF|15||13.1|2.1|4.9|0.43799999999999994|1.5|2.1|0.742|3.2|0.5|2.7|5.8
9|1971-72|33.0|BOS|NBA|SF|11||16.9|1.5|4.8|0.321|1.2|1.9|0.619|2.4|0.9|3.3|4.3
10|1972-73|34.0|BOS|NBA|SF|5||4.8|1.0|1.8|0.556|0.0|0.4|0.0|1.0|0.2|1.4|2.0
