|Season|Age|Tm|Lg|Pos|G|MP|PG%|SG%|SF%|PF%|C%|OnCourt|On-Off|BadPass|LostBall|Shoot|Off.|Shoot.1|Off..1|PGA|And1|Blkd
0|2005-06|22.0|POR|NBA|SG|79.0|1599.0|16|80|4|0|0|-12.6|-2.6|47.0|28.0|65.0|16.0|64.0|13.0|482.0|16.0|20.0
1|2006-07|23.0|POR|NBA|PG|79.0|2651.0|94|6|0|0|0|-6.4|-4.1|81.0|53.0|83.0|24.0|78.0|12.0|920.0|19.0|31.0
2|2007-08|24.0|POR|NBA|SG|82.0|2229.0|43|57|0|0|0|-4.3|-6.9|82.0|50.0|56.0|23.0|98.0|16.0|696.0|28.0|38.0
3|2008-09|25.0|IND|NBA|SG|82.0|2716.0|38|62|0|0|0|-0.4|2.5|97.0|48.0|72.0|16.0|94.0|16.0|796.0|24.0|46.0
4|2009-10|26.0|TOR|NBA|PG|82.0|2243.0|83|17|0|0|0|-2.4|-0.7|90.0|44.0|69.0|13.0|90.0|26.0|911.0|22.0|38.0
6|2010-11|27.0|TOR|NBA|PG|13.0|347.0|95|5|0|0|0|-8.6|-1.9|18.0|9.0|12.0|2.0|16.0|7.0|129.0|5.0|7.0
7|2010-11|27.0|NOH|NBA|SG|70.0|1375.0|66|34|0|0|0|-5.1|-8.8|38.0|23.0|31.0|10.0|62.0|10.0|401.0|8.0|33.0
8|2011-12|28.0|NOH|NBA|PG|45.0|1530.0|98|2|0|0|0|-9.4|-10.0|49.0|37.0|42.0|9.0|45.0|15.0|609.0|9.0|29.0
9|2012-13|29.0|GSW|NBA|SG|79.0|2349.0|34|66|0|0|0|1.2|0.4|90.0|44.0|58.0|11.0|57.0|18.0|1005.0|11.0|26.0
10|2013-14|30.0|CLE|NBA|PG|80.0|2252.0|50|50|0|0|0|-5.5|-4.6|79.0|32.0|63.0|6.0|49.0|8.0|749.0|10.0|34.0
11|2014-15|31.0|BRK|NBA|PG|80.0|2241.0|70|30|0|0|0|-7.9|-10.9|111.0|51.0|55.0|14.0|75.0|9.0|837.0|13.0|28.0
12|2015-16|32.0|BRK|NBA|PG|32.0|1027.0|89|11|0|0|0|-6.0|2.1|64.0|23.0|25.0|4.0|33.0|5.0|509.0|3.0|23.0
13|2016-17|33.0|NOP|NBA|PG|2.0|33.0|90|10|0|0|0|-13.6|-11.8|1.0|1.0|1.0|0.0|1.0|0.0|12.0|0.0|0.0
14|2017-18|34.0|NYK|NBA|PG|62.0|1548.0|97|3|0|0|0|-0.9|4.9|72.0|34.0|40.0|5.0|29.0|9.0|794.0|7.0|20.0
