|Season|Age|Tm|Lg|Pos|G|MP|FG%|Dist.|% of 2PA|% of 0-3|% of 3-10|% of 10-16|% of 16-3pt|% of 3P|2P %FG|0-3 %FG|3-10 %FG|10-16 %FG|16-3pt%FG|3P %FG|2P % Assisted|% of Dunks|Dunks Made|3P % Assisted|% of 3PA from Corner|Corner 3 %FG |Heaves Attempted|Heaves Made
0|2005-06|22.0|POR|NBA|SG|79.0|1599.0|0.442|13.3|0.8220000000000001|0.25|0.129|0.121|0.322|0.17800000000000002|0.48|0.579|0.473|0.423|0.428|0.263|0.254|0.002|1.0|1.0|0.32899999999999996|0.28|1.0|0.0
1|2006-07|23.0|POR|NBA|PG|79.0|2651.0|0.45399999999999996|14.0|0.745|0.264|0.10400000000000001|0.095|0.282|0.255|0.49|0.597|0.534|0.40299999999999997|0.402|0.35|0.128|0.0|0.0|0.873|0.233|0.429|5.0|0.0
2|2007-08|24.0|POR|NBA|SG|82.0|2229.0|0.431|13.6|0.6940000000000001|0.239|0.174|0.095|0.185|0.306|0.47|0.534|0.41700000000000004|0.49200000000000005|0.426|0.342|0.243|0.002|1.0|0.892|0.374|0.39399999999999996|2.0|0.0
3|2008-09|25.0|IND|NBA|SG|82.0|2716.0|0.45299999999999996|13.6|0.741|0.253|0.141|0.10400000000000001|0.243|0.259|0.48700000000000004|0.537|0.442|0.506|0.45399999999999996|0.353|0.289|0.002|2.0|0.9229999999999999|0.326|0.34700000000000003|1.0|0.0
4|2009-10|26.0|TOR|NBA|PG|82.0|2243.0|0.48100000000000004|13.6|0.703|0.27399999999999997|0.139|0.11199999999999999|0.179|0.297|0.511|0.603|0.5379999999999999|0.44|0.392|0.41200000000000003|0.187|0.004|2.0|0.6829999999999999|0.29600000000000004|0.441|3.0|0.0
6|2010-11|27.0|TOR|NBA|PG|13.0|347.0|0.39299999999999996|12.6|0.8029999999999999|0.23|0.19699999999999998|0.19699999999999998|0.18|0.19699999999999998|0.449|0.536|0.41700000000000004|0.542|0.273|0.16699999999999998|0.159|0.008|1.0|0.5|0.20800000000000002|0.2|0.0|0.0
7|2010-11|27.0|NOH|NBA|SG|70.0|1375.0|0.41200000000000003|13.8|0.8370000000000001|0.128|0.233|0.20600000000000002|0.27|0.163|0.425|0.636|0.35|0.368|0.43200000000000005|0.345|0.213|0.002|1.0|0.9309999999999999|0.33299999999999996|0.35700000000000004|3.0|0.0
8|2011-12|28.0|NOH|NBA|PG|45.0|1530.0|0.456|14.0|0.8079999999999999|0.125|0.23800000000000002|0.161|0.28300000000000003|0.192|0.48200000000000004|0.616|0.46799999999999997|0.479|0.436|0.348|0.185|0.002|1.0|0.769|0.161|0.389|0.0|0.0
9|2012-13|29.0|GSW|NBA|SG|79.0|2349.0|0.452|15.8|0.763|0.08900000000000001|0.18|0.187|0.308|0.237|0.466|0.5920000000000001|0.442|0.456|0.451|0.40399999999999997|0.22|0.0|0.0|0.6829999999999999|0.16699999999999998|0.441|4.0|1.0
10|2013-14|30.0|CLE|NBA|PG|80.0|2252.0|0.41|16.3|0.735|0.083|0.168|0.17800000000000002|0.307|0.265|0.435|0.603|0.479|0.371|0.402|0.341|0.32299999999999995|0.003|2.0|0.794|0.308|0.42100000000000004|5.0|0.0
11|2014-15|31.0|BRK|NBA|PG|80.0|2241.0|0.439|14.2|0.821|0.131|0.214|0.204|0.272|0.179|0.47700000000000004|0.607|0.503|0.395|0.455|0.267|0.191|0.001|1.0|0.872|0.295|0.465|7.0|0.0
12|2015-16|32.0|BRK|NBA|PG|32.0|1027.0|0.391|15.4|0.715|0.109|0.201|0.098|0.307|0.285|0.426|0.615|0.319|0.34299999999999997|0.455|0.304|0.174|0.0|0.0|0.5479999999999999|0.235|0.33299999999999996|2.0|0.0
13|2016-17|33.0|NOP|NBA|PG|2.0|33.0|0.667|15.3|0.667|0.33299999999999996|0.0|0.0|0.33299999999999996|0.33299999999999996|1.0|1.0|||1.0|0.0|0.5|0.0|0.0||1.0|0.0|0.0|0.0
14|2017-18|34.0|NYK|NBA|PG|62.0|1548.0|0.42700000000000005|14.2|0.8059999999999999|0.124|0.212|0.174|0.29600000000000004|0.19399999999999998|0.45899999999999996|0.655|0.457|0.41600000000000004|0.405|0.29100000000000004|0.195|0.0|0.0|0.6|0.128|0.273|2.0|0.0
