|Season|Age|Tm|Lg|MP|FG|FGA|3P|3PA|2P|2PA|FT|FTA|ORB|DRB|TRB|AST|STL|BLK|TOV|PF|PTS|GmSc
0|1987-88|23.0|LAC|NBA||15|27|2|4|13|24|9|9|5|7|9|6|4|4|8|6|34|24.1
1|1988-89|24.0|LAC|NBA||12|20|3|6|9|15|8|10|5|6|8|6|6|3|9|6|29|23.2
3|1989-90|25.0|LAC|NBA||8|21|0|2|8|20|8|9|4|2|5|3|5|1|3|3|24|20.4
4|1989-90|25.0|CLE|NBA||7|14|3|4|7|14|4|6|3|4|7|4|4|2|5|6|17|13.4
5|1989-90|25.0|SAS|NBA||6|12|0|3|6|9|2|2|2|2|2|3|1|2|2|5|13|6.5
7|1990-91|26.0|SAS|NBA||9|14|3|3|9|14|8|9|2|6|7|8|4|3|5|6|22|20.8
8|1990-91|26.0|DEN|NBA||11|22|3|7|10|19|8|9|7|8|13|5|7|3|4|6|28|22.1
9|1991-92|27.0|DEN|NBA||15|27|3|6|14|23|8|11|7|8|11|9|7|5|5|6|32|31.9
10|1992-93|28.0|DEN|NBA||12|26|4|6|12|23|11|12|6|10|12|9|6|4|7|6|35|35.3
11|1993-94|29.0|DEN|NBA||11|19|4|7|9|16|9|13|6|8|11|11|6|5|5|6|27|23.0
12|1994-95|30.0|DEN|NBA||12|20|4|9|11|15|9|10|5|8|11|12|6|5|4|6|31|28.4
13|1995-96|31.0|DEN|NBA||11|16|3|7|9|11|5|5|5|8|8|8|3|3|5|6|27|23.3
15|1996-97|32.0|IND|NBA||2|7|0|1|2|6|1|2|1|6|7|1|0|0|1|3|5|1.5
16|1996-97|32.0|NJN|NBA||5|11|2|5|3|6|3|4|2|4|4|2|3|2|4|5|14|9.8
