|Season|Age|Tm|Lg|Pos|G|GS|MP|FG|FGA|FG%|3P|3PA|3P%|2P|2PA|2P%|FT|FTA|FT%|ORB|DRB|TRB|AST|STL|BLK|TOV|PF|PTS|ORtg|DRtg
0|1987-88|23.0|LAC|NBA|SF|35.0|14.0|857.0|8.4|23.7|0.35600000000000004|0.7|3.2|0.22399999999999998|7.7|20.5|0.377|2.7|3.7|0.727|3.1|3.5|6.6|3.2|1.6|1.2|3.5|6.0|20.3|84.0|110.0
1|1988-89|24.0|LAC|NBA|SF|63.0|17.0|1303.0|9.2|21.0|0.43799999999999994|1.1|3.7|0.28800000000000003|8.1|17.3|0.469|3.2|4.3|0.754|2.5|3.8|6.3|3.6|2.9|1.0|4.0|6.4|22.6|95.0|110.0
3|1989-90|25.0|LAC|NBA|SF|5.0|5.0|133.0|7.6|20.7|0.368|0.0|1.8|0.0|7.6|18.9|0.40399999999999997|6.6|7.6|0.857|2.9|2.5|5.5|3.6|3.3|0.4|3.3|2.5|21.8|96.0|108.0
4|1989-90|25.0|CLE|NBA|SF|32.0|12.0|542.0|8.5|22.3|0.381|0.6|2.5|0.222|7.9|19.8|0.401|2.8|3.8|0.732|1.6|4.0|5.6|3.5|2.1|0.9|3.0|7.4|20.3|89.0|108.0
5|1989-90|25.0|SAS|NBA|SF|10.0|0.0|68.0|13.6|30.1|0.452|0.0|3.6|0.0|13.6|26.5|0.514|2.9|4.3|0.667|2.2|3.6|5.7|3.6|0.7|2.2|2.9|11.5|30.1|98.0|108.0
7|1990-91|26.0|SAS|NBA|SF|22.0|0.0|354.0|8.4|17.5|0.48|1.9|3.6|0.5379999999999999|6.5|13.9|0.465|4.8|5.6|0.8540000000000001|2.3|5.8|8.1|6.3|2.8|1.5|5.0|8.8|23.5|108.0|101.0
8|1990-91|26.0|DEN|NBA|SF|51.0|46.0|1542.0|8.8|19.9|0.444|1.2|3.6|0.32799999999999996|7.7|16.3|0.469|3.6|4.3|0.84|3.2|3.6|6.8|2.4|2.5|0.8|2.1|5.2|22.5|110.0|114.0
9|1991-92|27.0|DEN|NBA|SF|81.0|80.0|2623.0|11.2|23.7|0.47100000000000003|1.0|2.9|0.359|10.1|20.8|0.486|4.0|5.0|0.8029999999999999|2.7|4.8|7.5|4.4|2.7|1.3|3.2|5.0|27.4|109.0|107.0
10|1992-93|28.0|DEN|NBA|SF|79.0|79.0|2722.0|9.5|20.6|0.45799999999999996|0.6|2.2|0.27|8.9|18.5|0.48|4.2|5.2|0.804|2.3|5.2|7.6|5.2|2.2|1.3|3.4|5.0|23.7|106.0|106.0
11|1993-94|29.0|DEN|NBA|SF|82.0|68.0|2654.0|7.9|19.1|0.41200000000000003|1.2|4.3|0.278|6.7|14.7|0.452|3.1|4.2|0.733|1.8|5.5|7.4|5.6|2.2|1.2|3.1|5.4|20.0|101.0|103.0
12|1994-95|30.0|DEN|NBA|SF|74.0|70.0|2198.0|9.3|20.2|0.45899999999999996|2.0|6.4|0.32|7.2|13.8|0.522|3.2|4.2|0.759|2.2|5.6|7.9|5.5|2.7|1.6|3.0|6.3|23.7|111.0|107.0
13|1995-96|31.0|DEN|NBA|SF|52.0|5.0|817.0|6.0|16.2|0.37|1.3|5.7|0.225|4.7|10.5|0.44799999999999995|2.1|2.5|0.846|1.6|6.2|7.8|4.7|2.2|1.3|3.2|8.7|15.4|91.0|107.0
15|1996-97|32.0|IND|NBA|SF|2.0|0.0|33.0|3.3|14.7|0.222|0.0|1.6|0.0|3.3|13.1|0.25|1.6|3.3|0.5|1.6|9.8|11.4|3.3|0.0|0.0|3.3|8.2|8.2|60.0|107.0
16|1996-97|32.0|NJN|NBA|SF|11.0|0.0|167.0|8.4|20.8|0.40299999999999997|2.8|10.3|0.273|5.6|10.6|0.529|2.5|3.1|0.8|1.2|6.2|7.5|2.5|2.5|1.2|3.1|8.7|22.1|100.0|108.0
