|Season|Age|Tm|Lg|Pos|G|MP|PG%|SG%|SF%|PF%|C%|OnCourt|On-Off|BadPass|LostBall|Shoot|Off.|Shoot.1|Off..1|PGA|And1|Blkd
0|2003-04|19.0|ORL|NBA|C|59.0|664.0|0|0|0|0|100|-4.8|3.7|11.0|17.0|36.0|3.0|35.0|0.0|28.0|8.0|25.0
1|2004-05|20.0|MIL|NBA|C|74.0|1397.0|0|0|0|0|100|-0.4|4.4|24.0|22.0|73.0|12.0|77.0|0.0|136.0|17.0|43.0
2|2005-06|21.0|ATL|NBA|C|78.0|2452.0|0|0|0|0|100|-5.6|-0.6|35.0|57.0|110.0|54.0|185.0|31.0|281.0|34.0|90.0
3|2006-07|22.0|ATL|NBA|C|72.0|2026.0|0|0|0|0|100|-3.3|4.1|42.0|44.0|122.0|36.0|176.0|10.0|230.0|34.0|70.0
4|2007-08|23.0|ATL|NBA|C|62.0|944.0|0|0|0|0|100|-1.4|0.8|16.0|21.0|67.0|16.0|67.0|8.0|79.0|8.0|22.0
5|2008-09|24.0|ATL|NBA|C|77.0|1473.0|0|0|0|0|100|4.3|3.8|14.0|27.0|95.0|26.0|111.0|12.0|130.0|16.0|39.0
6|2009-10|25.0|ATL|NBA|C|78.0|1089.0|0|0|0|1|99|0.4|-6.4|11.0|18.0|92.0|17.0|65.0|6.0|95.0|10.0|29.0
7|2010-11|26.0|ATL|NBA|C|79.0|1244.0|0|0|0|0|100|-5.4|-6.5|16.0|17.0|95.0|21.0|83.0|5.0|124.0|14.0|44.0
8|2011-12|27.0|ATL|NBA|C|58.0|1640.0|0|0|0|0|100|2.1|-3.4|21.0|24.0|69.0|20.0|73.0|11.0|180.0|13.0|43.0
9|2012-13|28.0|ATL|NBA|C|52.0|1134.0|0|0|0|0|100|-0.7|-1.6|19.0|19.0|49.0|21.0|44.0|2.0|178.0|9.0|34.0
10|2013-14|29.0|MIL|NBA|C|53.0|1325.0|0|0|0|1|99|-7.7|1.9|35.0|27.0|41.0|19.0|41.0|16.0|292.0|7.0|36.0
11|2014-15|30.0|MIL|NBA|C|73.0|1730.0|0|0|0|0|100|7.0|11.0|53.0|41.0|61.0|28.0|64.0|12.0|391.0|15.0|40.0
12|2015-16|31.0|DAL|NBA|C|76.0|2004.0|0|0|0|0|100|0.1|0.6|30.0|45.0|45.0|28.0|108.0|10.0|301.0|13.0|48.0
13|2016-17|32.0|GSW|NBA|C|70.0|1268.0|0|0|0|1|99|16.0|6.2|39.0|17.0|73.0|27.0|60.0|6.0|303.0|9.0|34.0
14|2017-18|33.0|GSW|NBA|C|69.0|972.0|0|0|0|0|100|10.2|5.2|33.0|9.0|53.0|21.0|47.0|2.0|264.0|11.0|34.0
15|2018-19|34.0|DET|NBA|C|68.0|878.0|0|0|0|0|100|-4.5|-5.3|12.0|10.0|56.0|27.0|48.0|7.0|206.0|11.0|17.0
