|Season|Age|Tm|Lg|Pos|G|GS|MP|FG|FGA|FG%|3P|3PA|3P%|2P|2PA|2P%|FT|FTA|FT%|ORB|DRB|TRB|AST|STL|BLK|TOV|PF|PTS
0|2007-08|23.0|ATL|NBA|C|7.0|0.0|105.0|2.4|8.6|0.28|0.0|0.3|0.0|2.4|8.2|0.292|5.1|7.2|0.7140000000000001|3.1|3.8|6.9|0.7|0.7|0.0|3.1|7.5|9.9
1|2008-09|24.0|ATL|NBA|C|11.0|1.0|260.0|3.0|7.3|0.415|0.0|0.0||3.0|7.3|0.415|4.4|5.8|0.762|3.9|6.6|10.5|0.4|0.7|0.4|1.9|5.5|10.5
2|2009-10|25.0|ATL|NBA|C|11.0|0.0|161.0|4.0|7.8|0.514|0.0|0.0||4.0|7.8|0.514|3.4|5.4|0.625|4.2|4.2|8.5|0.7|0.4|1.6|2.0|7.6|11.4
3|2010-11|26.0|ATL|NBA|C|11.0|0.0|195.0|2.0|4.2|0.478|0.0|0.0||2.0|4.2|0.478|3.1|4.1|0.773|3.1|6.8|10.0|2.4|0.4|0.2|1.7|6.8|7.2
4|2014-15|30.0|MIL|NBA|C|6.0|6.0|129.0|4.5|11.2|0.4|0.0|0.0||4.5|11.2|0.4|2.2|3.6|0.615|3.1|8.1|11.2|2.5|2.8|0.8|1.4|4.2|11.2
5|2015-16|31.0|DAL|NBA|C|5.0|4.0|112.0|2.9|7.7|0.375|0.0|0.0||2.9|7.7|0.375|4.8|5.5|0.882|3.2|5.5|8.7|5.1|1.0|0.3|0.6|4.2|10.6
6|2016-17|32.0|GSW|NBA|C|15.0|15.0|212.0|5.4|10.2|0.5329999999999999|0.0|0.2|0.0|5.4|10.0|0.542|2.2|2.9|0.765|3.1|6.6|9.7|2.0|1.4|0.7|2.4|5.4|13.1
7|2017-18|33.0|GSW|NBA|C|7.0|0.0|26.0|5.5|9.7|0.5710000000000001|0.0|0.0||5.5|9.7|0.5710000000000001|12.5|16.6|0.75|8.3|8.3|16.6|1.4|4.2|1.4|4.2|1.4|23.5
8|2018-19|34.0|DET|NBA|C|2.0|0.0|22.0|3.3|9.8|0.33299999999999996|0.0|0.0||3.3|9.8|0.33299999999999996|1.6|3.3|0.5|1.6|13.1|14.7|0.0|0.0|0.0|1.6|4.9|8.2
