player_id|Rk|Unnamed: 1|Age|G|GS|MP|FG|FGA|FG%|FT|FTA|FT%|ORB|DRB|TRB|AST|STL|BLK|PF|PTS|Unnamed: 20|ORtg|DRtg|player_id
cowenda01|1|Dave Cowens|25|80||3352|8.4|19.2|0.43700000000000006|3.0|3.6|0.8320000000000001|3.4|12.9|16.4|4.6|1.2|1.3|3.8|19.8|||91|cowenda01
whitejo01|2|Jo Jo White|27|82||3238|8.7|19.5|0.449|2.6|3.1|0.8370000000000001|1.3|3.4|4.7|6.0|1.4|0.3|2.5|20.1|||97|whitejo01
havlijo01|3|John Havlicek|33|76||3091|9.7|21.2|0.456|4.9|5.9|0.8320000000000001|1.9|4.9|6.9|6.3|1.3|0.5|2.8|24.2|||96|havlijo01
silaspa01|4|Paul Silas|30|82||2599|5.7|13.0|0.44|4.4|5.7|0.7829999999999999|5.6|9.8|15.4|3.1|1.1|0.3|4.1|15.9|||94|silaspa01
chanedo01|5|Don Chaney|27|81||2258|6.7|14.5|0.46399999999999997|2.9|3.5|0.828|4.1|3.2|7.3|3.4|1.6|1.2|4.8|16.3|||96|chanedo01
nelsodo01|6|Don Nelson|33|82||1748|9.1|17.9|0.508|5.4|6.8|0.7879999999999999|2.2|6.4|8.6|4.0|0.5|0.3|4.7|23.5|||97|nelsodo01
westppa01|7|Paul Westphal|23|82||1165|8.9|17.8|0.501|4.2|5.7|0.732|1.8|3.5|5.4|6.4|1.5|1.3|6.5|22.0|||96|westppa01
kuberst01|8|Steve Kuberski|26|78||985|7.0|16.3|0.42700000000000005|3.8|4.9|0.775|4.3|6.2|10.5|1.7|0.3|0.3|5.5|17.7|||98|kuberst01
williar01|9|Art Williams|34|67||617|5.2|11.9|0.435|1.9|2.3|0.8440000000000001|1.4|6.7|8.1|11.5|3.1|0.2|7.1|12.2|||92|williar01
finkeha01|10|Hank Finkel|31|60||427|6.1|13.3|0.462|2.9|4.4|0.6509999999999999|4.2|9.6|13.8|2.8|0.3|0.7|6.3|15.1|||95|finkeha01
hankiph01|11|Phil Hankinson|22|28||163|13.4|27.6|0.485|2.7|3.5|0.769|5.9|7.5|13.4|1.1|0.8|0.3|4.8|29.5|||96|hankiph01
downist01|12|Steve Downing|23|24||137|6.7|20.4|0.32799999999999996|7.0|12.1|0.579|4.5|8.0|12.4|3.5|1.6|0.0|10.5|20.4|||94|downist01
