player_id|Rk|Unnamed: 1|Age|G|GS|MP|FG|FGA|FG%|FT|FTA|FT%|ORB|DRB|TRB|AST|STL|BLK|PF|PTS/G|player_id
cowenda01|1|Dave Cowens|25|80||41.9|8.1|18.4|0.43700000000000006|2.9|3.4|0.8320000000000001|3.3|12.4|15.7|4.4|1.2|1.3|3.7|19.0|cowenda01
havlijo01|2|John Havlicek|33|76||40.7|9.0|19.8|0.456|4.6|5.5|0.8320000000000001|1.8|4.6|6.4|5.9|1.3|0.4|2.6|22.6|havlijo01
whitejo01|3|Jo Jo White|27|82||39.5|7.9|17.6|0.449|2.3|2.8|0.8370000000000001|1.2|3.1|4.3|5.5|1.3|0.3|2.3|18.1|whitejo01
silaspa01|4|Paul Silas|30|82||31.7|4.1|9.4|0.44|3.2|4.1|0.7829999999999999|4.1|7.1|11.2|2.3|0.8|0.2|3.0|11.5|silaspa01
chanedo01|5|Don Chaney|27|81||27.9|4.3|9.3|0.46399999999999997|1.8|2.2|0.828|2.6|2.1|4.7|2.2|1.0|0.8|3.0|10.4|chanedo01
nelsodo01|6|Don Nelson|33|82||21.3|4.4|8.7|0.508|2.6|3.3|0.7879999999999999|1.1|3.1|4.2|2.0|0.2|0.2|2.3|11.5|nelsodo01
westppa01|7|Paul Westphal|23|82||14.2|2.9|5.8|0.501|1.4|1.9|0.732|0.6|1.1|1.7|2.1|0.5|0.4|2.1|7.2|westppa01
kuberst01|8|Steve Kuberski|26|78||12.6|2.0|4.7|0.42700000000000005|1.1|1.4|0.775|1.2|1.8|3.0|0.5|0.1|0.1|1.6|5.1|kuberst01
williar01|9|Art Williams|34|67||9.2|1.1|2.5|0.435|0.4|0.5|0.8440000000000001|0.3|1.4|1.7|2.4|0.7|0.0|1.5|2.6|williar01
finkeha01|10|Hank Finkel|31|60||7.1|1.0|2.2|0.462|0.5|0.7|0.6509999999999999|0.7|1.6|2.3|0.5|0.1|0.1|1.0|2.5|finkeha01
hankiph01|11|Phil Hankinson|22|28||5.8|1.8|3.7|0.485|0.4|0.5|0.769|0.8|1.0|1.8|0.1|0.1|0.0|0.6|3.9|hankiph01
downist01|12|Steve Downing|23|24||5.7|0.9|2.7|0.32799999999999996|0.9|1.6|0.579|0.6|1.0|1.6|0.5|0.2|0.0|1.4|2.7|downist01
