|Season|Age|Tm|Lg|Pos|G|MP|PG%|SG%|SF%|PF%|C%|OnCourt|On-Off|BadPass|LostBall|Shoot|Off.|Shoot.1|Off..1|PGA|And1|Blkd
0|2000-01|21.0|SEA|NBA|PF|78.0|2720.0|0|0|53|45|3|1.6|5.4|54.0|41.0|87.0|18.0|80.0|0.0|284.0|17.0|54.0
1|2001-02|22.0|SEA|NBA|SF|71.0|2585.0|0|0|51|48|2|5.7|6.8|34.0|33.0|84.0|13.0|89.0|0.0|287.0|26.0|53.0
2|2002-03|23.0|SEA|NBA|SF|77.0|3044.0|0|2|68|30|1|-1.1|-5.5|44.0|52.0|86.0|35.0|121.0|0.0|296.0|25.0|57.0
3|2003-04|24.0|SEA|NBA|SF|80.0|2931.0|0|0|79|20|1|-0.1|1.9|48.0|47.0|121.0|29.0|103.0|0.0|434.0|31.0|48.0
4|2004-05|25.0|SEA|NBA|SF|71.0|2697.0|0|3|84|13|0|6.0|10.4|48.0|33.0|63.0|31.0|98.0|0.0|221.0|26.0|36.0
5|2005-06|26.0|SEA|NBA|SF|78.0|2876.0|0|1|88|11|1|-3.9|-2.4|55.0|37.0|83.0|34.0|163.0|5.0|420.0|34.0|52.0
6|2006-07|27.0|SEA|NBA|SF|60.0|2348.0|0|0|74|25|1|-0.6|6.5|42.0|31.0|67.0|23.0|112.0|1.0|327.0|21.0|40.0
7|2007-08|28.0|ORL|NBA|PF|81.0|3076.0|0|0|1|98|1|6.7|3.6|68.0|31.0|112.0|23.0|97.0|14.0|466.0|31.0|41.0
8|2008-09|29.0|ORL|NBA|PF|79.0|2859.0|0|0|5|95|0|10.5|10.1|91.0|37.0|98.0|18.0|96.0|12.0|498.0|28.0|29.0
9|2009-10|30.0|ORL|NBA|PF|72.0|2369.0|0|0|2|96|1|7.7|-1.6|49.0|23.0|93.0|23.0|63.0|1.0|257.0|15.0|21.0
11|2010-11|31.0|ORL|NBA|PF|25.0|810.0|0|0|10|90|1|3.0|-4.0|17.0|7.0|27.0|7.0|15.0|1.0|72.0|3.0|11.0
12|2010-11|31.0|WAS|NBA|SF|32.0|1014.0|0|0|60|40|0|-5.3|3.8|21.0|15.0|48.0|13.0|20.0|3.0|142.0|4.0|5.0
13|2011-12|32.0|WAS|NBA|SF|28.0|729.0|0|0|72|28|0|-12.6|-8.6|13.0|13.0|23.0|4.0|20.0|1.0|59.0|5.0|15.0
14|2012-13|33.0|MIA|NBA|PF|55.0|792.0|0|0|5|76|20|-0.5|-12.0|17.0|8.0|40.0|6.0|13.0|2.0|71.0|1.0|9.0
15|2013-14|34.0|MIA|NBA|SF|60.0|971.0|0|0|55|45|0|3.2|-2.8|19.0|4.0|50.0|7.0|12.0|5.0|139.0|3.0|6.0
