player_id|Rk|Unnamed: 1|Age|G|GS|MP|FG|FGA|FG%|FT|FTA|FT%|ORB|DRB|TRB|AST|STL|BLK|TOV|PF|PTS|Unnamed: 21|ORtg|DRtg|player_id
smithra01|1|Randy Smith|29|82||3314|11.0|23.6|0.465|6.1|7.7|0.8|1.5|2.8|4.3|6.4|2.4|0.2|4.0|3.1|28.1||104|105|smithra01
natersw01|2|Swen Nater|28|78||2778|8.3|16.5|0.504|3.4|4.5|0.765|4.6|12.4|17.0|3.6|0.7|0.8|3.7|4.5|20.0||104|101|natersw01
knighbi01|3|Billy Knight|25|53||2155|9.8|19.8|0.494|6.4|7.9|0.809|2.7|5.5|8.2|3.4|1.8|0.3|3.6|2.9|25.9||108|104|knighbi01
willich02|4|Chuck Williams|31|73||2002|4.8|10.0|0.47700000000000004|2.6|3.2|0.826|0.7|2.5|3.1|7.3|1.1|0.1|3.6|3.1|12.2||98|108|willich02
joneswi02|5|Wil Jones|30|79||1711|6.1|13.8|0.44|2.3|3.2|0.706|2.8|6.1|9.0|3.1|1.9|1.2|3.7|6.9|14.4||90|103|joneswi02
barnema01|6|Marvin Barnes|25|48||1377|7.5|18.1|0.41600000000000004|3.8|5.1|0.745|3.6|8.1|11.6|3.9|1.9|2.4|3.6|6.6|18.9||94|100|barnema01
willobi01|7|Bill Willoughby|20|56||1079|6.7|15.5|0.43|2.7|3.4|0.8|3.2|6.1|9.3|1.6|1.0|2.0|2.4|5.6|16.0||97|104|willobi01
glennmi01|8|Mike Glenn|22|56||947|9.5|18.0|0.527|2.5|3.2|0.785|0.7|3.2|3.8|3.8|1.7|0.2|2.4|4.8|21.4||107|106|glennmi01
mcneila01|9|Larry McNeill|27|37||873|8.2|17.8|0.462|6.8|8.2|0.833|4.1|5.8|9.9|2.4|0.9|0.5|3.2|5.3|23.3||108|105|mcneila01
mcclate01|10|Ted McClain|31|41||727|5.1|11.6|0.44|3.2|4.0|0.794|0.7|4.0|4.7|7.8|2.7|0.1|4.3|5.6|13.4||93|103|mcclate01
mcdanji01|11|Jim McDaniels|29|42||694|6.6|15.5|0.42700000000000005|2.4|2.8|0.857|3.0|8.9|12.0|2.9|0.3|2.5|3.3|7.4|15.6||92|103|mcdanji01
averibi01|12|Bird Averitt|25|34||676|8.8|20.1|0.436|4.4|6.5|0.667|0.7|2.7|3.4|8.7|1.5|0.5|6.0|5.9|21.9||89|106|averibi01
shumajo01|13|John Shumate|25|18||590|5.8|11.8|0.49700000000000005|5.8|7.7|0.747|2.5|7.5|10.0|4.5|1.1|0.7|3.6|4.5|17.5||107|104|shumajo01
lloydsc01|14|Scott Lloyd|25|56||566|5.5|13.0|0.425|3.5|4.7|0.741|3.7|6.0|9.7|2.8|0.9|0.7|2.9|6.7|14.5||97|105|lloydsc01
brokaga01|15|Gary Brokaw|24|13||130|6.4|15.2|0.419|6.4|8.5|0.75|1.1|3.2|4.2|7.1|1.1|1.8|4.2|3.9|19.1||98|106|brokaga01
gerargu01|16|Gus Gerard|24|10||85|8.7|21.6|0.4|6.0|8.1|0.733|3.2|4.3|7.6|4.9|1.1|1.6|3.8|7.0|23.3||96|105|gerargu01
owensed01|17|Eddie Owens|24|8||63|6.6|15.3|0.429|2.2|4.4|0.5|3.7|3.7|7.3|3.7|0.7|0.0|2.2|6.6|15.3||96|108|owensed01
johnsla01|18|Larry Johnson|23|4||38|3.6|15.7|0.231|0.0|2.4|0.0|1.2|4.8|6.1|8.5|6.1|2.4|3.6|3.6|7.3||59|94|johnsla01
