|Season|Age|Tm|Lg|Pos|G|MP|PER|TS%|3PAr|FTr|ORB%|DRB%|TRB%|AST%|STL%|BLK%|TOV%|USG%|OWS|DWS|WS|WS/48|OBPM|DBPM|BPM|VORP
0|2008-09|22.0|SAS|NBA|PG|77.0|1270.0|11.6|0.502|0.196|0.392|2.9|11.9|7.4|16.6|1.9|1.2|14.5|19.5|0.2|2.0|2.1|0.08|-2.8|1.0|-1.8|0.1
1|2009-10|23.0|SAS|NBA|PG|78.0|2276.0|14.7|0.5720000000000001|0.255|0.321|2.2|8.2|5.3|15.5|1.6|0.8|10.7|19.0|4.1|2.6|6.7|0.142|1.3|0.2|1.5|2.0
2|2010-11|24.0|SAS|NBA|PG|76.0|2148.0|14.6|0.588|0.322|0.42700000000000005|1.3|9.2|5.4|13.6|1.6|0.7|11.6|18.2|4.0|2.1|6.1|0.136|1.1|-0.1|1.1|1.7
3|2011-12|25.0|IND|NBA|PG|50.0|1274.0|15.7|0.557|0.387|0.308|2.8|10.5|6.7|18.8|1.7|1.1|10.8|17.2|2.8|1.3|4.0|0.152|2.6|-0.3|2.3|1.4
4|2012-13|26.0|IND|NBA|PG|76.0|2620.0|16.6|0.5579999999999999|0.405|0.245|2.0|9.9|6.0|23.4|1.6|0.7|10.7|18.8|5.9|3.8|9.7|0.177|2.8|0.3|3.1|3.4
5|2013-14|27.0|IND|NBA|PG|76.0|2434.0|13.4|0.563|0.42200000000000004|0.28600000000000003|2.6|10.1|6.5|17.2|1.6|0.7|11.7|14.8|3.8|4.0|7.8|0.154|1.0|1.4|2.4|2.7
6|2014-15|28.0|IND|NBA|PG|43.0|1267.0|21.5|0.579|0.361|0.267|2.2|13.3|7.8|31.4|1.8|0.9|10.3|23.8|3.7|1.6|5.4|0.203|5.4|0.2|5.6|2.4
7|2015-16|29.0|IND|NBA|PG|74.0|2524.0|13.2|0.555|0.425|0.203|2.5|10.3|6.5|15.5|1.6|0.5|11.1|15.8|3.4|2.8|6.2|0.11800000000000001|1.1|0.5|1.5|2.2
8|2016-17|30.0|UTA|NBA|PG|49.0|1544.0|19.3|0.599|0.384|0.32299999999999995|1.8|10.5|6.2|22.8|1.7|0.6|10.9|23.5|4.0|1.9|5.9|0.182|3.9|-0.2|3.6|2.2
10|2017-18|31.0|SAC|NBA|PG|43.0|1143.0|14.0|0.597|0.39299999999999996|0.304|2.1|9.9|5.8|15.5|1.7|1.0|14.0|16.9|1.6|0.6|2.1|0.09|0.4|-1.0|-0.6|0.4
11|2017-18|31.0|CLE|NBA|PG|24.0|669.0|12.2|0.551|0.41200000000000003|0.21899999999999997|3.4|7.3|5.4|14.0|1.6|1.9|12.0|15.4|0.8|0.3|1.1|0.077|0.0|-0.6|-0.6|0.2
13|2018-19|32.0|CLE|NBA|PG|13.0|344.0|13.5|0.604|0.262|0.187|3.7|5.1|4.4|16.2|1.7|0.3|14.7|17.3|0.5|0.0|0.5|0.066|0.3|-2.6|-2.3|0.0
14|2018-19|32.0|MIL|NBA|PG|47.0|958.0|11.6|0.534|0.465|0.242|3.0|9.4|6.4|13.3|1.9|0.6|9.4|14.4|1.0|1.4|2.3|0.11699999999999999|-0.9|0.4|-0.5|0.4
