|Season|Age|Tm|Lg|Pos|G|GS|MP|FG|FGA|FG%|3P|3PA|3P%|2P|2PA|2P%|eFG%|FT|FTA|FT%|ORB|DRB|TRB|AST|STL|BLK|TOV|PF|PTS
0|2008-09|22.0|SAS|NBA|PG|4.0|0.0|19.0|1.8|5.3|0.33299999999999996|0.8|2.0|0.375|1.0|3.3|0.308|0.405|1.5|1.8|0.857|0.8|1.3|2.0|0.5|0.5|0.3|0.5|1.5|5.8
1|2009-10|23.0|SAS|NBA|PG|10.0|8.0|34.4|4.6|10.2|0.451|1.1|2.9|0.379|3.5|7.3|0.479|0.505|3.1|3.7|0.838|0.5|2.6|3.1|0.7|1.0|0.2|0.8|2.1|13.4
2|2010-11|24.0|SAS|NBA|PG|6.0|1.0|31.5|3.3|8.3|0.4|0.7|2.5|0.267|2.7|5.8|0.457|0.44|4.3|5.0|0.867|0.8|4.2|5.0|2.3|1.5|0.3|1.3|2.5|11.7
3|2011-12|25.0|IND|NBA|PG|11.0|11.0|31.5|4.3|9.5|0.44799999999999995|1.4|3.6|0.375|2.9|5.9|0.49200000000000005|0.519|3.5|4.2|0.848|0.8|1.5|2.3|2.9|1.2|0.3|2.0|1.9|13.5
4|2012-13|26.0|IND|NBA|PG|18.0|18.0|38.1|4.6|11.5|0.401|1.9|5.3|0.358|2.7|6.2|0.43799999999999994|0.483|3.5|4.2|0.8290000000000001|0.3|3.4|3.7|4.3|1.2|0.2|2.2|2.3|14.6
5|2013-14|27.0|IND|NBA|PG|19.0|19.0|36.2|4.2|9.4|0.444|1.5|4.1|0.364|2.7|5.3|0.505|0.522|2.3|3.2|0.721|0.7|3.1|3.7|3.0|1.2|0.2|1.5|2.3|12.1
6|2015-16|29.0|IND|NBA|PG|7.0|7.0|33.6|4.6|8.1|0.561|1.9|3.9|0.48100000000000004|2.7|4.3|0.633|0.675|2.6|3.1|0.818|0.9|1.9|2.7|2.1|0.9|0.1|1.1|2.3|13.6
7|2016-17|30.0|UTA|NBA|PG|8.0|8.0|35.1|5.8|12.3|0.469|1.5|3.9|0.387|4.3|8.4|0.507|0.531|2.6|3.6|0.7240000000000001|1.0|3.1|4.1|3.6|0.3|0.1|1.6|3.1|15.6
8|2017-18|31.0|CLE|NBA|PG|19.0|18.0|29.3|3.1|6.9|0.45|0.8|2.7|0.314|2.3|4.2|0.5379999999999999|0.511|2.2|2.8|0.774|0.7|1.5|2.2|2.2|0.5|0.4|1.2|2.7|9.2
9|2018-19|32.0|MIL|NBA|PG|15.0|0.0|26.3|4.2|7.9|0.534|1.3|3.2|0.41700000000000004|2.9|4.7|0.614|0.619|1.8|2.2|0.818|1.0|2.5|3.5|2.8|0.9|0.3|0.4|2.3|11.5
