player_id|Rk|Unnamed: 1|Age|G|MP|PER|TS%|FTr|ORB%|DRB%|TRB%|AST%|Unnamed: 12|OWS|DWS|WS|WS/48|player_id
vanardi01|1|Dick Van Arsdale|28|82|3096|16.0|0.557|0.531|||5.2|13.2||7.4|3.0|10.4|0.161|vanardi01
silaspa01|2|Paul Silas|28|80|3082|18.3|0.5489999999999999|0.5429999999999999|||14.8|14.9||6.1|5.0|11.0|0.172|silaspa01
hawkico01|3|Connie Hawkins|29|76|2798|18.7|0.535|0.45399999999999996|||10.8|15.1||5.8|3.8|9.6|0.165|hawkico01
haskicl01|4|Clem Haskins|28|79|2453|15.4|0.53|0.245|||5.3|16.9||4.3|2.6|6.8|0.133|haskicl01
walkne01|5|Neal Walk|23|81|2142|18.4|0.525|0.325|||14.9|10.5||3.9|3.2|7.1|0.159|walkne01
laytomo01|6|Mo Layton|23|80|1849|10.6|0.462|0.23|||4.2|18.0||0.0|1.9|1.9|0.049|laytomo01
mooreot01|7|Otto Moore|25|81|1624|12.1|0.461|0.261|||15.9|7.3||-0.2|2.4|2.3|0.067|mooreot01
greenla01|8|Lamar Green|24|67|991|12.1|0.49200000000000005|0.302|||16.8|5.9||0.5|1.5|2.0|0.09699999999999999|greenla01
countme01|9|Mel Counts|30|76|906|13.8|0.48700000000000004|0.40700000000000003|||13.6|14.3||0.5|1.4|1.9|0.10099999999999999|countme01
wetzejo01|10|John Wetzel|27|51|419|7.3|0.452|0.366|||7.4|16.1||0.0|0.5|0.5|0.055999999999999994|wetzejo01
scottch01|11|Charlie Scott|23|6|177|16.4|0.462|0.18600000000000003|||6.2|23.2||0.0|0.2|0.2|0.054000000000000006|scottch01
harriar01|12|Art Harris|25|21|145|4.8|0.34700000000000003|0.3|||4.3|16.6||-0.5|0.1|-0.4|-0.11900000000000001|harriar01
webbje01|13|Jeff Webb|23|27|129|13.3|0.483|0.154|||6.3|18.7||0.1|0.1|0.2|0.08|webbje01
taylofr01|14|Fred Taylor|23|13|69|2.6|0.244|0.48100000000000004|||11.8|12.4||-0.4|0.1|-0.3|-0.20600000000000002|taylofr01
