player_id|Rk|Unnamed: 1|Age|G|GS|MP|FG|FGA|FG%|FT|FTA|FT%|TRB|AST|PF|PTS/G|player_id
silaspa01|1|Paul Silas|28|80||38.5|6.1|12.9|0.47|5.4|7.0|0.773|11.9|4.3|2.5|17.5|silaspa01
vanardi01|2|Dick Van Arsdale|28|82||37.8|6.6|14.4|0.46299999999999997|6.5|7.6|0.845|4.1|3.6|2.8|19.7|vanardi01
hawkico01|3|Connie Hawkins|29|76||36.8|7.5|16.4|0.45899999999999996|6.0|7.4|0.807|8.3|3.9|3.1|21.0|hawkico01
haskicl01|4|Clem Haskins|28|79||31.1|6.4|13.3|0.483|2.8|3.3|0.853|3.4|3.7|2.5|15.7|haskicl01
scottch01|5|Charlie Scott|23|6||29.5|8.0|18.8|0.425|2.8|3.5|0.81|3.8|4.3|3.2|18.8|scottch01
walkne01|6|Neal Walk|23|81||26.4|6.2|13.0|0.479|3.2|4.2|0.7440000000000001|8.2|1.9|3.6|15.7|walkne01
laytomo01|7|Mo Layton|23|80||23.1|3.8|9.0|0.424|1.5|2.1|0.7390000000000001|2.1|3.1|2.7|9.1|laytomo01
mooreot01|8|Otto Moore|25|81||20.0|3.2|7.4|0.436|1.2|1.9|0.603|6.7|1.1|2.6|7.6|mooreot01
greenla01|9|Lamar Green|24|67||14.8|2.0|4.4|0.446|1.0|1.3|0.733|5.2|0.7|2.0|5.0|greenla01
countme01|10|Mel Counts|30|76||11.9|1.9|4.5|0.42700000000000005|1.3|1.8|0.721|3.4|1.3|2.1|5.2|countme01
wetzejo01|11|John Wetzel|27|51||8.2|0.6|1.6|0.37799999999999995|0.5|0.6|0.8|1.3|1.1|1.4|1.7|wetzejo01
harriar01|12|Art Harris|25|21||6.9|1.1|3.3|0.32899999999999996|0.4|1.0|0.429|0.6|0.9|1.2|2.6|harriar01
taylofr01|13|Fred Taylor|23|13||5.3|0.5|2.1|0.222|0.3|1.0|0.308|1.3|0.5|0.6|1.2|taylofr01
webbje01|14|Jeff Webb|23|27||4.8|1.1|2.4|0.47700000000000004|0.2|0.4|0.5|0.6|0.6|0.8|2.5|webbje01
