player_id|Rk|Unnamed: 1|Age|G|GS|MP|FG|FGA|FG%|FT|FTA|FT%|TRB|AST|PF|PTS|player_id
vanardi01|1|Dick Van Arsdale|28|82||3096|545|1178|0.46299999999999997|529|626|0.845|334|297|232|1619|vanardi01
silaspa01|2|Paul Silas|28|80||3082|485|1031|0.47|433|560|0.773|955|343|201|1403|silaspa01
hawkico01|3|Connie Hawkins|29|76||2798|571|1244|0.45899999999999996|456|565|0.807|633|296|235|1598|hawkico01
haskicl01|4|Clem Haskins|28|79||2453|509|1054|0.483|220|258|0.853|270|290|194|1238|haskicl01
walkne01|5|Neal Walk|23|81||2142|506|1057|0.479|256|344|0.7440000000000001|665|151|295|1268|walkne01
laytomo01|6|Mo Layton|23|80||1849|304|717|0.424|122|165|0.7390000000000001|164|247|219|730|laytomo01
mooreot01|7|Otto Moore|25|81||1624|260|597|0.436|94|156|0.603|540|88|212|614|mooreot01
greenla01|8|Lamar Green|24|67||991|133|298|0.446|66|90|0.733|348|45|134|332|greenla01
countme01|9|Mel Counts|30|76||906|147|344|0.42700000000000005|101|140|0.721|257|96|159|395|countme01
wetzejo01|10|John Wetzel|27|51||419|31|82|0.37799999999999995|24|30|0.8|65|56|71|86|wetzejo01
scottch01|11|Charlie Scott|23|6||177|48|113|0.425|17|21|0.81|23|26|19|113|scottch01
harriar01|12|Art Harris|25|21||145|23|70|0.32899999999999996|9|21|0.429|13|18|26|55|harriar01
webbje01|13|Jeff Webb|23|27||129|31|65|0.47700000000000004|5|10|0.5|17|16|21|67|webbje01
taylofr01|14|Fred Taylor|23|13||69|6|27|0.222|4|13|0.308|17|7|8|16|taylofr01
