|Season|Age|Tm|Lg|Pos|G|GS|MP|FG|FGA|FG%|3P|3PA|3P%|2P|2PA|2P%|eFG%|FT|FTA|FT%|ORB|DRB|TRB|AST|STL|BLK|TOV|PF|PTS
0|1993-94|22.0|DEN|NBA|SF|12.0|0.0|190.0|19.0|49.0|0.38799999999999996|6.0|19.0|0.316|13.0|30.0|0.433|0.449|17.0|27.0|0.63|8.0|13.0|21.0|16.0|7.0|6.0|8.0|25.0|61.0
1|1994-95|23.0|DEN|NBA|PF|3.0|3.0|76.0|12.0|22.0|0.545|1.0|4.0|0.25|11.0|18.0|0.611|0.568|1.0|4.0|0.25|1.0|11.0|12.0|5.0|3.0|4.0|5.0|13.0|26.0
2|1996-97|25.0|LAC|NBA|SF|3.0|3.0|85.0|12.0|29.0|0.414|2.0|10.0|0.2|10.0|19.0|0.526|0.44799999999999995|6.0|8.0|0.75|3.0|4.0|7.0|6.0|4.0|3.0|7.0|13.0|32.0
3|1999-00|28.0|PHO|NBA|PF|9.0|0.0|263.0|48.0|115.0|0.41700000000000004|8.0|36.0|0.222|40.0|79.0|0.506|0.452|23.0|31.0|0.742|16.0|45.0|61.0|14.0|10.0|10.0|15.0|31.0|127.0
4|2000-01|29.0|PHO|NBA|SF|4.0|0.0|82.0|12.0|40.0|0.3|2.0|10.0|0.2|10.0|30.0|0.33299999999999996|0.325|9.0|14.0|0.643|3.0|11.0|14.0|2.0|2.0|3.0|5.0|16.0|35.0
5|2001-02|30.0|BOS|NBA|SF|16.0|0.0|394.0|46.0|108.0|0.426|19.0|52.0|0.365|27.0|56.0|0.48200000000000004|0.514|31.0|35.0|0.8859999999999999|28.0|60.0|88.0|34.0|16.0|7.0|22.0|42.0|142.0
6|2002-03|31.0|NJN|NBA|PF|20.0|0.0|350.0|45.0|121.0|0.37200000000000005|17.0|42.0|0.405|28.0|79.0|0.354|0.442|27.0|38.0|0.711|22.0|34.0|56.0|27.0|6.0|3.0|25.0|51.0|134.0
7|2003-04|32.0|NJN|NBA|PF|11.0|0.0|228.0|23.0|72.0|0.319|5.0|22.0|0.22699999999999998|18.0|50.0|0.36|0.354|16.0|20.0|0.8|9.0|46.0|55.0|12.0|6.0|3.0|17.0|31.0|67.0
8|2004-05|33.0|PHI|NBA|PF|4.0|0.0|49.0|6.0|13.0|0.462|3.0|8.0|0.375|3.0|5.0|0.6|0.5770000000000001|5.0|7.0|0.7140000000000001|0.0|4.0|4.0|1.0|0.0|2.0|1.0|4.0|20.0
