|Season|Age|Tm|Lg|MP|FG|FGA|3P|3PA|2P|2PA|FT|FTA|ORB|DRB|TRB|AST|STL|BLK|TOV|PF|PTS|GmSc
0|1998-99|23.0|ATL|NBA||0|1|0|0|0|1|3|4|0|0|0|1|0|0|0|0|3|2.6
1|1999-00|24.0|SEA|NBA||9|18|5|8|8|14|5|8|2|5|6|10|4|0|5|4|28|23.5
2|2000-01|25.0|SEA|NBA||7|17|4|8|4|10|6|6|4|5|7|8|3|1|5|4|21|19.8
3|2001-02|26.0|SEA|NBA||5|9|3|7|4|7|4|4|2|6|8|6|4|1|4|4|16|18.6
5|2002-03|27.0|BOS|NBA||8|17|4|9|5|10|8|9|2|9|9|7|6|1|3|5|21|19.4
6|2002-03|27.0|DEN|NBA||9|14|4|8|6|10|5|7|2|6|7|10|3|2|6|4|22|21.8
8|2003-04|28.0|ORL|NBA||6|11|3|9|4|6|8|9|2|4|4|8|3|1|3|4|17|16.2
9|2003-04|28.0|NOH|NBA||5|14|2|5|3|10|5|6|0|4|4|11|4|1|4|5|14|12.5
10|2006-07|31.0|LAL|NBA|22:53|5|7|4|6|3|3|2|2|2|6|6|6|3|0|4|4|14|14.8
