|Season|Age|Tm|Lg|Pos|G|GS|MP|FG|FGA|FG%|3P|3PA|3P%|2P|2PA|2P%|eFG%|FT|FTA|FT%|ORB|DRB|TRB|AST|STL|BLK|TOV|PF|PTS
0|2004-05|21.0|BOS|NBA|SG|39.0|7.0|507.0|66.0|155.0|0.426|24.0|67.0|0.358|42.0|88.0|0.47700000000000004|0.503|19.0|27.0|0.7040000000000001|14.0|51.0|65.0|53.0|21.0|8.0|24.0|69.0|175.0
1|2005-06|22.0|BOS|NBA|PG|71.0|71.0|2418.0|333.0|684.0|0.48700000000000004|84.0|218.0|0.385|249.0|466.0|0.534|0.5479999999999999|86.0|101.0|0.851|57.0|232.0|289.0|329.0|84.0|46.0|133.0|197.0|836.0
2|2006-07|23.0|BOS|NBA|SG|69.0|47.0|2219.0|306.0|717.0|0.42700000000000005|65.0|178.0|0.365|241.0|539.0|0.447|0.47200000000000003|168.0|197.0|0.853|32.0|176.0|208.0|304.0|74.0|34.0|140.0|152.0|845.0
4|2007-08|24.0|SEA|NBA|PG|35.0|5.0|727.0|97.0|250.0|0.38799999999999996|19.0|56.0|0.33899999999999997|78.0|194.0|0.402|0.426|26.0|39.0|0.667|13.0|83.0|96.0|113.0|30.0|10.0|66.0|44.0|239.0
5|2007-08|24.0|CLE|NBA|PG|26.0|26.0|806.0|99.0|225.0|0.44|29.0|79.0|0.36700000000000005|70.0|146.0|0.479|0.504|41.0|52.0|0.7879999999999999|18.0|79.0|97.0|116.0|29.0|19.0|51.0|59.0|268.0
6|2008-09|25.0|CLE|NBA|SG|64.0|64.0|2152.0|285.0|624.0|0.457|91.0|228.0|0.39899999999999997|194.0|396.0|0.49|0.53|90.0|108.0|0.833|31.0|172.0|203.0|226.0|94.0|13.0|92.0|125.0|751.0
7|2009-10|26.0|CLE|NBA|SG|60.0|3.0|1500.0|194.0|436.0|0.445|25.0|77.0|0.325|169.0|359.0|0.47100000000000003|0.474|115.0|142.0|0.81|29.0|140.0|169.0|196.0|55.0|28.0|90.0|86.0|528.0
8|2010-11|27.0|BOS|NBA|PG|24.0|2.0|453.0|55.0|120.0|0.45799999999999996|12.0|33.0|0.364|43.0|87.0|0.494|0.508|13.0|15.0|0.867|6.0|31.0|37.0|64.0|20.0|10.0|30.0|29.0|135.0
9|2011-12|28.0|DAL|NBA|PG|44.0|33.0|1060.0|166.0|360.0|0.461|27.0|76.0|0.355|139.0|284.0|0.489|0.499|62.0|70.0|0.8859999999999999|13.0|88.0|101.0|139.0|58.0|11.0|76.0|67.0|421.0
