player_id|Rk|Unnamed: 1|Age|G|GS|MP|FG|FGA|FG%|FT|FTA|FT%|ORB|DRB|TRB|AST|STL|BLK|PF|PTS|Unnamed: 20|ORtg|DRtg|player_id
dandrbo01|1|Bob Dandridge|27|80||3031|10.7|22.6|0.473|3.3|4.1|0.805|2.2|6.3|8.5|3.8|1.9|0.7|5.1|24.7|||97|dandrbo01
abdulka01|2|Kareem Abdul-Jabbar|27|65||2747|13.9|27.1|0.513|5.6|7.3|0.763|3.3|12.3|15.6|4.5|1.1|3.6|3.5|33.4|||92|abdulka01
warneco01|3|Cornell Warner|26|79||2519|4.6|10.1|0.45799999999999996|2.0|2.9|0.684|4.4|10.7|15.2|2.4|0.9|1.0|5.0|11.2|||96|warneco01
thompge01|4|George Thompson|27|73||1983|7.3|16.4|0.44299999999999995|4.0|5.1|0.785|1.2|3.1|4.3|5.3|1.6|0.1|4.8|18.5|||101|thompge01
mcglojo01|5|Jon McGlocklin|31|79||1853|8.2|16.5|0.496|1.6|1.8|0.875|0.6|2.4|3.0|6.5|1.3|0.2|3.6|18.0|||102|mcglojo01
restake01|6|Kevin Restani|23|76||1755|5.0|11.4|0.44|0.9|1.3|0.7140000000000001|3.5|7.3|10.8|3.2|1.0|0.5|4.6|11.0|||99|restake01
brokaga01|7|Gary Brokaw|21|73||1639|6.7|14.7|0.455|3.6|5.3|0.685|1.0|3.2|4.2|6.3|0.9|0.5|5.0|17.0|||102|brokaga01
priceji01|8|Jim Price|25|41||1531|7.4|16.9|0.44|3.9|4.6|0.8590000000000001|1.4|3.4|4.8|6.8|2.8|0.6|4.5|18.8|||98|priceji01
davismi02|9|Mickey Davis|24|75||1077|7.6|15.8|0.479|3.4|3.8|0.8859999999999999|3.0|7.4|10.3|3.4|1.3|0.2|4.5|18.6|||98|davismi02
williro01|10|Ron Williams|30|46||526|5.5|14.7|0.376|2.1|2.6|0.828|0.9|2.9|3.8|6.3|2.1|0.2|6.3|13.2|||100|williro01
kuberst01|11|Steve Kuberski|27|59||517|5.6|14.5|0.39|4.0|5.1|0.7859999999999999|4.7|6.5|11.2|3.2|1.0|0.3|5.4|15.3|||100|kuberst01
allenlu01|12|Lucius Allen|27|10||342|9.3|22.5|0.415|4.3|5.1|0.838|1.2|3.0|4.3|7.3|1.9|0.1|3.2|23.0|||100|allenlu01
weslewa01|13|Walt Wesley|30|41||214|8.1|18.5|0.44|3.1|5.1|0.609|3.1|9.0|12.1|2.4|1.5|1.1|9.4|19.3|||96|weslewa01
driscte01|14|Terry Driscoll|27|11||52|2.7|11.8|0.231|0.9|1.8|0.5|6.3|8.1|14.5|2.7|0.9|0.0|6.3|6.3|||99|driscte01
rulebo01|15|Bob Rule|30|1||11|0.0|4.3|0.0|0.0|0.0||0.0|0.0|0.0|8.5|0.0|0.0|8.5|0.0|||106|rulebo01
cunnidi01|16|Dick Cunningham|28|2||8|0.0|0.0||0.0|0.0||0.0|11.8|11.8|5.9|0.0|0.0|5.9|0.0|||98|cunnidi01
