player_id|Rk|Unnamed: 1|Age|G|GS|MP|FG|FGA|FG%|FT|FTA|FT%|ORB|DRB|TRB|AST|STL|BLK|PF|PTS|player_id
dandrbo01|1|Bob Dandridge|27|80||3031|691|1460|0.473|211|262|0.805|142|409|551|243|122|48|330|1593|dandrbo01
abdulka01|2|Kareem Abdul-Jabbar|27|65||2747|812|1584|0.513|325|426|0.763|194|718|912|264|65|212|205|1949|abdulka01
warneco01|3|Cornell Warner|26|79||2519|248|541|0.45799999999999996|106|155|0.684|238|574|812|127|49|54|267|602|warneco01
thompge01|4|George Thompson|27|73||1983|306|691|0.44299999999999995|168|214|0.785|50|131|181|225|66|6|203|780|thompge01
mcglojo01|5|Jon McGlocklin|31|79||1853|323|651|0.496|63|72|0.875|25|94|119|255|51|6|142|709|mcglojo01
restake01|6|Kevin Restani|23|76||1755|188|427|0.44|35|49|0.7140000000000001|131|272|403|119|36|19|172|411|restake01
brokaga01|7|Gary Brokaw|21|73||1639|234|514|0.455|126|184|0.685|36|111|147|221|31|18|176|594|brokaga01
priceji01|8|Jim Price|25|41||1531|242|550|0.44|128|149|0.8590000000000001|45|110|155|223|90|21|146|612|priceji01
davismi02|9|Mickey Davis|24|75||1077|174|363|0.479|78|88|0.8859999999999999|68|169|237|79|30|5|103|426|davismi02
williro01|10|Ron Williams|30|46||526|62|165|0.376|24|29|0.828|10|33|43|71|23|2|70|148|williro01
kuberst01|11|Steve Kuberski|27|59||517|62|159|0.39|44|56|0.7859999999999999|52|71|123|35|11|3|59|168|kuberst01
allenlu01|12|Lucius Allen|27|10||342|68|164|0.415|31|37|0.838|9|22|31|53|14|1|23|167|allenlu01
weslewa01|13|Walt Wesley|30|41||214|37|84|0.44|14|23|0.609|14|41|55|11|7|5|43|88|weslewa01
driscte01|14|Terry Driscoll|27|11||52|3|13|0.231|1|2|0.5|7|9|16|3|1|0|7|7|driscte01
rulebo01|15|Bob Rule|30|1||11|0|1|0.0|0|0||0|0|0|2|0|0|2|0|rulebo01
cunnidi01|16|Dick Cunningham|28|2||8|0|0||0|0||0|2|2|1|0|0|1|0|cunnidi01
