|Season|Age|Tm|Lg|Pos|G|MP|FG%|Dist.|% of 2PA|% of 0-3|% of 3-10|% of 10-16|% of 16-3pt|% of 3P|2P %FG|0-3 %FG|3-10 %FG|10-16 %FG|16-3pt%FG|3P %FG|2P % Assisted|% of Dunks|Dunks Made|3P % Assisted|% of 3PA from Corner|Corner 3 %FG |Heaves Attempted|Heaves Made
0|2006-07|22.0|CHI|NBA|SG|71.0|868.0|0.426|12.4|0.836|0.336|0.066|0.098|0.336|0.16399999999999998|0.439|0.5579999999999999|0.353|0.4|0.349|0.35700000000000004|0.638|0.043|11.0|0.9329999999999999|0.35700000000000004|0.5329999999999999|0.0|0.0
1|2007-08|23.0|CHI|NBA|SG|69.0|1436.0|0.428|13.2|0.7909999999999999|0.34|0.043|0.102|0.306|0.209|0.45299999999999996|0.5589999999999999|0.444|0.27899999999999997|0.395|0.33|0.616|0.045|19.0|1.0|0.409|0.389|4.0|0.0
3|2008-09|24.0|CHI|NBA|SF|43.0|735.0|0.434|13.4|0.725|0.35200000000000004|0.049|0.066|0.258|0.275|0.485|0.578|0.778|0.25|0.36200000000000004|0.3|0.688|0.066|10.0|1.0|0.36|0.278|1.0|0.0
4|2008-09|24.0|OKC|NBA|SG|23.0|718.0|0.41700000000000004|11.9|0.789|0.331|0.091|0.10300000000000001|0.263|0.21100000000000002|0.46399999999999997|0.638|0.563|0.33299999999999996|0.261|0.243|0.609|0.034|6.0|1.0|0.568|0.28600000000000003|0.0|0.0
5|2009-10|25.0|OKC|NBA|SG|82.0|2348.0|0.44|12.5|0.703|0.35100000000000003|0.061|0.08199999999999999|0.21100000000000002|0.297|0.494|0.619|0.33299999999999996|0.306|0.39799999999999996|0.313|0.6409999999999999|0.054000000000000006|23.0|0.976|0.489|0.32799999999999996|0.0|0.0
6|2010-11|26.0|OKC|NBA|SG|79.0|2049.0|0.47100000000000003|12.5|0.6940000000000001|0.36|0.105|0.039|0.18899999999999997|0.306|0.5579999999999999|0.675|0.371|0.6920000000000001|0.413|0.275|0.628|0.07200000000000001|22.0|0.929|0.539|0.255|0.0|0.0
7|2011-12|27.0|OKC|NBA|SG|42.0|914.0|0.43200000000000005|14.8|0.542|0.297|0.071|0.032|0.142|0.45799999999999996|0.429|0.5870000000000001|0.182|0.2|0.273|0.43700000000000006|0.583|0.057999999999999996|9.0|0.935|0.451|0.469|0.0|0.0
8|2012-13|28.0|OKC|NBA|SG|81.0|2229.0|0.48100000000000004|16.1|0.446|0.28300000000000003|0.043|0.032|0.08800000000000001|0.5539999999999999|0.5579999999999999|0.742|0.1|0.4|0.244|0.419|0.612|0.034|15.0|0.981|0.512|0.462|0.0|0.0
9|2013-14|29.0|OKC|NBA|SG|61.0|1584.0|0.415|14.3|0.5529999999999999|0.315|0.068|0.068|0.10300000000000001|0.447|0.495|0.626|0.261|0.304|0.371|0.316|0.5479999999999999|0.053|16.0|0.9790000000000001|0.546|0.337|0.0|0.0
10|2014-15|30.0|ATL|NBA|SF|52.0|976.0|0.418|11.3|0.687|0.41|0.133|0.04|0.1|0.313|0.462|0.578|0.39399999999999996|0.3|0.16|0.321|0.684|0.044000000000000004|9.0|0.96|0.551|0.326|0.0|0.0
11|2015-16|31.0|ATL|NBA|SF|75.0|1758.0|0.505|12.1|0.667|0.41700000000000004|0.067|0.048|0.13699999999999998|0.33299999999999996|0.589|0.665|0.44|0.444|0.47100000000000003|0.33899999999999997|0.705|0.043|16.0|0.9520000000000001|0.508|0.444|2.0|1.0
12|2016-17|32.0|ATL|NBA|SF|62.0|1596.0|0.441|12.5|0.696|0.365|0.08900000000000001|0.084|0.157|0.304|0.484|0.625|0.34299999999999997|0.273|0.355|0.342|0.647|0.053|18.0|0.951|0.475|0.35100000000000003|0.0|0.0
13|2017-18|33.0|UTA|NBA|SF|38.0|806.0|0.49200000000000005|12.3|0.65|0.33299999999999996|0.121|0.096|0.1|0.35|0.551|0.688|0.379|0.435|0.41700000000000004|0.381|0.64|0.042|9.0|0.9059999999999999|0.5479999999999999|0.457|0.0|0.0
14|2018-19|34.0|UTA|NBA|SF|50.0|609.0|0.47700000000000004|15.5|0.47700000000000004|0.262|0.107|0.04|0.067|0.523|0.521|0.59|0.5|0.33299999999999996|0.4|0.436|0.8109999999999999|0.04|4.0|0.971|0.564|0.43200000000000005|0.0|0.0
