|Season|Age|Tm|Lg|MP|FG|FGA|3P|3PA|2P|2PA|FT|FTA|ORB|DRB|TRB|AST|STL|BLK|TOV|PF|PTS|GmSc
0|2007-08|23.0|HOU|NBA|28:00|8|10|4|8|5|6|4|4|1|4|4|7|2|1|4|4|22|20.8
1|2008-09|24.0|HOU|NBA|44:02|11|20|5|10|7|15|7|8|3|10|10|10|4|1|5|6|30|21.3
2|2009-10|25.0|HOU|NBA|59:25|14|30|7|13|12|21|12|13|4|6|8|13|5|1|8|6|43|29.6
4|2010-11|26.0|HOU|NBA|41:39|8|19|5|10|6|10|8|8|1|4|4|10|2|1|3|6|24|23.0
5|2010-11|26.0|PHO|NBA|33:39|9|16|4|7|8|13|5|7|2|3|4|10|3|1|4|4|25|23.4
7|2012-13|28.0|SAC|NBA|35:09|9|13|3|7|6|10|6|8|2|5|5|6|4|1|4|6|23|22.5
8|2012-13|28.0|HOU|NBA|9:40|3|5|1|2|2|3|0|0|1|1|1|4|1|2|3|2|7|6.7
10|2013-14|29.0|HOU|NBA|34:26|10|18|6|7|4|13|5|5|2|4|4|7|3|1|4|5|26|23.3
11|2013-14|29.0|DEN|NBA|47:03|11|24|6|8|9|17|6|7|3|6|8|17|4|2|9|5|27|27.6
12|2014-15|30.0|CHI|NBA|38:10|12|23|4|8|9|15|7|8|3|6|6|10|4|3|7|6|31|23.9
13|2015-16|31.0|CHI|NBA|40:55|11|20|4|7|7|13|4|5|2|7|8|10|3|2|6|5|29|17.0
14|2016-17|32.0|IND|NBA|28:28|6|15|4|5|4|10|4|4|2|3|4|7|3|1|4|5|19|19.6
15|2017-18|33.0|MIN|NBA|20:58|4|12|2|6|2|6|2|3|2|1|3|2|1|0|2|5|12|5.4
