|Season|Age|Tm|Lg|Pos|G|GS|MP|FG|FGA|FG%|3P|3PA|3P%|2P|2PA|2P%|FT|FTA|FT%|ORB|DRB|TRB|AST|STL|BLK|TOV|PF|PTS|ORtg|DRtg
1|2003-04|23.0|POR|NBA|SG|13.0|0.0|48.0|5.8|12.8|0.455|1.2|3.5|0.33299999999999996|4.6|9.3|0.5|2.3|2.3|1.0|0.0|3.5|3.5|1.2|0.0|0.0|2.3|3.5|15.1|100.0|112.0
2|2003-04|23.0|SAS|NBA|SG|3.0|0.0|22.0|4.9|12.2|0.4|0.0|0.0||4.9|12.2|0.4|4.9|9.8|0.5|2.4|4.9|7.3|2.4|2.4|0.0|9.8|12.2|14.7|63.0|96.0
3|2004-05|24.0|CHA|NBA|SG|25.0|0.0|430.0|8.5|21.8|0.389|1.6|4.7|0.33299999999999996|6.9|17.1|0.40399999999999997|8.6|10.0|0.855|1.6|5.7|7.3|2.1|2.1|0.2|3.0|4.5|27.1|104.0|108.0
4|2005-06|25.0|CHA|NBA|SG|78.0|6.0|1275.0|7.7|19.2|0.40299999999999997|2.9|7.5|0.389|4.8|11.7|0.41200000000000003|5.6|6.8|0.821|1.4|5.0|6.3|1.4|1.9|0.4|1.9|4.8|23.9|108.0|108.0
5|2006-07|26.0|CHA|NBA|SG|72.0|47.0|1878.0|7.9|18.3|0.433|3.1|7.4|0.41600000000000004|4.8|10.9|0.445|5.2|5.8|0.904|1.0|4.8|5.7|2.5|1.5|0.2|2.0|4.9|24.1|114.0|110.0
6|2007-08|27.0|CHA|NBA|SG|80.0|18.0|2016.0|6.5|15.3|0.428|2.7|6.2|0.436|3.8|9.0|0.42200000000000004|2.9|3.6|0.804|0.9|5.0|5.9|1.9|1.2|0.5|1.5|4.8|18.7|110.0|112.0
8|2008-09|28.0|CHA|NBA|SG|34.0|10.0|475.0|6.4|15.8|0.406|1.4|5.1|0.267|5.0|10.6|0.473|1.7|2.2|0.789|0.6|5.7|6.3|2.7|2.1|0.6|3.0|6.1|15.9|90.0|106.0
9|2008-09|28.0|DAL|NBA|SG|21.0|0.0|141.0|3.3|12.3|0.273|0.4|3.0|0.125|3.0|9.3|0.32|2.2|2.2|1.0|0.7|4.5|5.2|1.1|1.1|0.4|2.6|5.2|9.3|69.0|112.0
10|2009-10|29.0|DAL|NBA|SG|25.0|0.0|121.0|7.7|21.4|0.36|1.7|8.1|0.21100000000000002|6.0|13.3|0.452|2.6|2.6|1.0|1.7|3.4|5.1|2.6|2.1|0.0|3.0|5.6|19.7|87.0|108.0
11|2010-11|30.0|CHA|NBA|SG|54.0|1.0|582.0|8.2|18.3|0.447|1.6|4.2|0.37|6.6|14.1|0.47100000000000003|3.7|4.8|0.769|1.1|5.2|6.3|2.1|1.6|0.6|2.1|4.0|21.6|103.0|109.0
12|2011-12|31.0|CHA|NBA|SG|53.0|2.0|596.0|4.6|13.9|0.331|0.7|3.8|0.18600000000000003|3.9|10.1|0.386|2.7|3.4|0.789|0.7|4.4|5.1|3.4|1.4|0.6|2.1|4.6|12.6|84.0|112.0
13|2012-13|32.0|CHA|NBA|SG|1.0|0.0|6.0|0.0|0.0||0.0|0.0||0.0|0.0||0.0|0.0||0.0|0.0|0.0|8.7|0.0|0.0|0.0|8.7|0.0|217.0|121.0
