player_id|Rk|Unnamed: 1|Age|G|MP|PER|TS%|FTr|ORB%|DRB%|TRB%|AST%|STL%|BLK%|TOV%|USG%|Unnamed: 16|OWS|DWS|WS|WS/48|Unnamed: 21|OBPM|DBPM|BPM|VORP|player_id
ervinju01|1|Julius Erving|28|78|2802|20.1|0.5379999999999999|0.344|7.7|13.1|10.5|19.6|2.1|1.9|15.8|27.7||3.6|4.4|7.9|0.136||3.1|0.5|3.6|4.0|ervinju01
bibbyhe01|2|Henry Bibby|29|82|2538|11.2|0.493|0.386|3.1|6.8|5.0|19.2|1.3|0.1|16.2|18.6||1.3|2.4|3.7|0.069||-0.6|-1.8|-2.4|-0.2|bibbyhe01
cheekma01|3|Maurice Cheeks|22|82|2409|12.6|0.541|0.245|2.8|7.9|5.5|22.8|3.2|0.3|23.3|13.4||1.3|3.6|4.9|0.09699999999999999||0.1|0.6|0.7|1.6|cheekma01
jonesbo01|4|Bobby Jones|27|80|2304|16.7|0.584|0.39299999999999996|9.4|14.4|12.0|11.8|2.1|2.2|16.7|16.8||3.9|3.8|7.7|0.16||2.3|1.6|3.8|3.4|jonesbo01
jonesca01|5|Caldwell Jones|28|78|2171|13.4|0.512|0.254|8.8|26.2|17.9|9.1|0.8|3.8|18.0|15.5||0.8|4.2|5.0|0.111||-1.5|2.1|0.6|1.4|jonesca01
dawkida01|6|Darryl Dawkins|22|78|2035|15.6|0.545|0.28300000000000003|6.6|24.9|16.1|9.1|0.7|3.6|17.4|21.7||0.8|3.8|4.6|0.10800000000000001||-1.3|0.6|-0.8|0.6|dawkida01
collido01|7|Doug Collins|27|47|1595|16.0|0.555|0.344|2.4|5.5|4.0|17.6|1.5|0.7|13.7|23.4||2.6|1.6|4.2|0.125||1.8|-2.3|-0.5|0.6|collido01
mixst01|8|Steve Mix|31|74|1269|19.4|0.594|0.408|9.3|14.5|12.0|13.7|2.0|0.7|14.7|20.9||3.0|1.9|4.9|0.18600000000000003||2.9|-0.6|2.2|1.4|mixst01
bryanjo01|9|Joe Bryant|24|70|1064|13.1|0.48200000000000004|0.35600000000000004|9.8|15.3|12.7|13.6|2.1|0.4|17.1|24.4||-0.1|1.6|1.5|0.067||-1.0|-1.1|-2.1|0.0|bryanjo01
moneyer01|10|Eric Money|23|23|545|11.8|0.565|0.249|3.0|4.0|3.5|21.9|1.1|0.2|22.3|22.1||0.1|0.4|0.5|0.048||-0.6|-3.6|-4.2|-0.3|moneyer01
simpsra01|11|Ralph Simpson|29|37|452|11.2|0.473|0.204|3.8|4.2|4.0|18.0|2.5|0.1|18.0|22.5||-0.3|0.5|0.2|0.021||-2.3|-2.6|-4.9|-0.3|simpsra01
skinnal01|12|Al Skinner|26|22|309|8.0|0.48|0.36|5.3|9.4|7.4|16.4|2.6|0.2|24.8|17.3||-0.2|0.4|0.2|0.035||-2.7|-0.4|-3.1|-0.1|skinnal01
catchha01|13|Harvey Catchings|27|25|289|9.9|0.457|0.25|11.2|23.5|17.6|7.7|1.2|6.3|32.9|15.2||-0.5|0.6|0.1|0.021||-5.3|3.2|-2.1|0.0|catchha01
redmoma01|14|Marlon Redmond|23|4|23|-13.4|0.083|0.0|0.0|4.3|2.3|5.0|0.0|0.0|7.7|22.0||-0.2|0.0|-0.2|-0.369||-15.9|-5.7|-21.6|-0.1|redmoma01
