player_id|Rk|Unnamed: 1|Age|G|GS|MP|FG|FGA|FG%|FT|FTA|FT%|ORB|DRB|TRB|AST|STL|BLK|TOV|PF|PTS|player_id
ervinju01|1|Julius Erving|28|78||2802|9.2|18.7|0.491|4.8|6.4|0.745|2.5|4.7|7.2|4.6|1.7|1.3|4.0|2.7|23.2|ervinju01
bibbyhe01|2|Henry Bibby|29|82||2538|5.2|12.3|0.423|3.8|4.8|0.794|1.0|2.4|3.5|5.3|1.0|0.1|2.8|2.8|14.2|bibbyhe01
cheekma01|3|Maurice Cheeks|22|82||2409|4.4|8.5|0.51|1.5|2.1|0.721|0.9|2.9|3.8|6.4|2.6|0.2|2.9|3.0|10.2|cheekma01
jonesbo01|4|Bobby Jones|27|80||2304|5.9|11.0|0.537|3.3|4.3|0.755|3.1|5.2|8.3|3.1|1.7|1.5|2.6|3.8|15.1|jonesbo01
jonesca01|5|Caldwell Jones|28|78||2171|5.0|10.6|0.474|2.0|2.7|0.747|2.9|9.5|12.4|2.5|0.6|2.6|2.6|5.0|12.0|jonesca01
dawkida01|6|Darryl Dawkins|22|78||2035|7.6|14.7|0.517|2.8|4.2|0.672|2.2|9.0|11.2|2.3|0.6|2.5|3.5|5.2|18.0|dawkida01
collido01|7|Doug Collins|27|47||1595|8.1|16.2|0.499|4.5|5.6|0.8140000000000001|0.8|2.0|2.8|4.3|1.2|0.5|3.0|3.1|20.7|collido01
mixst01|8|Steve Mix|31|74||1269|7.5|14.0|0.5379999999999999|4.6|5.7|0.8009999999999999|3.1|5.2|8.3|3.4|1.6|0.5|2.8|3.2|19.6|mixst01
bryanjo01|9|Joe Bryant|24|70||1064|6.9|16.2|0.429|4.2|5.8|0.7240000000000001|3.2|5.5|8.8|3.5|1.7|0.3|3.9|5.8|18.0|bryanjo01
moneyer01|10|Eric Money|23|23||545|7.9|14.3|0.5479999999999999|2.2|3.6|0.63|1.0|1.5|2.4|5.4|0.9|0.1|4.6|4.6|18.0|moneyer01
simpsra01|11|Ralph Simpson|29|37||452|6.9|15.6|0.444|2.2|3.2|0.7|1.3|1.5|2.8|4.6|2.0|0.1|3.7|2.2|16.1|simpsra01
skinnal01|12|Al Skinner|26|22||309|4.2|10.4|0.40399999999999997|3.1|3.7|0.8440000000000001|1.7|3.4|5.1|4.7|2.1|0.1|4.0|7.1|11.5|skinnal01
catchha01|13|Harvey Catchings|27|25||289|3.5|8.5|0.41200000000000003|1.6|2.1|0.765|3.7|8.5|12.2|2.2|1.0|4.4|4.6|5.2|8.6|catchha01
redmoma01|14|Marlon Redmond|23|4||23|1.6|18.8|0.083|0.0|0.0||0.0|1.6|1.6|1.6|0.0|0.0|1.6|4.7|3.1|redmoma01
