player_id|Rk|Unnamed: 1|Age|G|GS|MP|FG|FGA|FG%|FT|FTA|FT%|ORB|DRB|TRB|AST|STL|BLK|TOV|PF|PTS|player_id
collido01|1|Doug Collins|26|79||2770|643|1223|0.526|267|329|0.812|87|143|230|320|128|25|250|228|1553|collido01
mcginge01|2|George McGinnis|27|78||2533|588|1270|0.46299999999999997|411|574|0.716|282|528|810|294|137|27|312|287|1587|mcginge01
bibbyhe01|3|Henry Bibby|28|82||2518|286|659|0.434|171|219|0.7809999999999999|62|189|251|464|91|6|153|207|743|bibbyhe01
ervinju01|4|Julius Erving|27|74||2429|611|1217|0.502|306|362|0.845|179|302|481|279|135|97|238|207|1528|ervinju01
freewo01|5|World B. Free|24|76||2050|390|857|0.455|411|562|0.731|92|120|212|306|68|41|200|199|1191|freewo01
mixst01|6|Steve Mix|30|82||1819|291|560|0.52|175|220|0.795|96|201|297|174|87|3|131|158|757|mixst01
dawkida01|7|Darryl Dawkins|21|70||1722|332|577|0.575|156|220|0.7090000000000001|117|438|555|85|34|125|123|268|820|dawkida01
jonesca01|8|Caldwell Jones|27|80||1636|169|359|0.47100000000000003|96|153|0.627|165|405|570|92|26|127|128|281|434|jonesca01
bryanjo01|9|Joe Bryant|23|81||1236|190|436|0.436|111|144|0.7709999999999999|103|177|280|129|56|24|115|185|491|bryanjo01
catchha01|10|Harvey Catchings|26|61||748|70|178|0.39299999999999996|34|55|0.618|105|145|250|34|20|67|44|124|174|catchha01
mcclate01|11|Ted McClain|31|29||293|42|96|0.43799999999999994|7|10|0.7|9|28|37|34|16|4|22|36|91|mcclate01
washiwi01|12|Wilson Washington|22|14||38|8|19|0.42100000000000004|3|6|0.5|2|12|14|1|1|2|10|3|19|washiwi01
moslegl01|13|Glenn Mosley|22|6||21|5|13|0.385|3|7|0.429|0|5|5|2|0|0|5|5|13|moslegl01
dunlemi01|14|Mike Dunleavy|23|4||17|3|7|0.429|2|2|1.0|0|1|1|6|1|0|3|0|8|dunlemi01
