|Season|Age|Tm|Lg|Pos|G|MP|PER|TS%|3PAr|FTr|ORB%|DRB%|TRB%|AST%|STL%|BLK%|TOV%|USG%|OWS|DWS|WS|WS/48|OBPM|DBPM|BPM|VORP
0|1976-77|23.0|ATL|NBA|PG|81.0|1825.0|11.9|0.474||0.396|2.2|6.2|4.2|30.0|2.1|0.2|||-0.1|1.0|0.8|0.022000000000000002|-1.8|-0.8|-2.5|-0.2
1|1977-78|24.0|ATL|NBA|PG|82.0|2530.0|11.0|0.48||0.305|2.5|7.7|5.0|23.4|2.8|0.4|22.4|17.0|-0.1|2.7|2.6|0.05|-1.2|0.2|-1.0|0.6
2|1978-79|25.0|ATL|NBA|PG|82.0|2527.0|11.8|0.518||0.42200000000000004|1.7|5.5|3.5|24.8|1.9|0.4|20.0|15.8|2.4|1.8|4.2|0.08|-0.4|-1.2|-1.5|0.3
3|1979-80|26.0|ATL|NBA|PG|79.0|2092.0|9.2|0.484|0.009000000000000001|0.33899999999999997|1.6|5.5|3.5|27.4|2.5|0.2|25.7|13.0|0.1|2.4|2.5|0.057|-1.6|-0.9|-2.5|-0.3
5|1980-81|27.0|ATL|NBA|PG|24.0|624.0|7.2|0.435|0.009000000000000001|0.431|1.8|7.6|4.7|24.8|2.0|0.3|29.6|13.0|-0.5|0.4|-0.2|-0.013000000000000001|-4.5|-0.3|-4.7|-0.4
6|1980-81|27.0|SEA|NBA|PG|51.0|1114.0|8.4|0.46799999999999997|0.027000000000000003|0.557|3.1|7.4|5.3|20.2|1.7|0.4|20.2|12.5|0.3|0.9|1.2|0.052000000000000005|-2.5|-0.3|-2.8|-0.2
8|1981-82|28.0|SEA|NBA|PG|21.0|243.0|7.4|0.584|0.0|0.622|2.8|8.2|5.6|12.8|1.0|0.5|22.9|10.4|0.1|0.3|0.4|0.083|-2.2|-0.9|-3.2|-0.1
9|1981-82|28.0|SDC|NBA|PG|19.0|480.0|4.6|0.43700000000000006|0.022000000000000002|0.36|1.4|5.4|3.3|20.4|1.6|0.4|33.5|13.2|-0.7|0.0|-0.8|-0.078|-6.9|-0.4|-7.3|-0.6
10|1982-83|29.0|MIL|NBA|PG|14.0|169.0|12.6|0.645|0.0|0.846|3.4|9.3|6.5|20.1|2.6|0.0|26.7|11.9|0.2|0.2|0.5|0.13699999999999998|-0.3|-0.3|-0.5|0.1
11|1983-84|30.0|ATL|NBA|PG|15.0|181.0|6.5|0.40700000000000003|0.0|0.457|1.2|5.1|3.2|26.3|1.9|0.0|20.2|16.5|-0.2|0.1|0.0|-0.012|-4.8|-2.5|-7.3|-0.2
