|Season|Age|Tm|Lg|Pos|G|MP|PG%|SG%|SF%|PF%|C%|OnCourt|On-Off|BadPass|LostBall|Shoot|Off.|Shoot.1|Off..1|PGA|And1|Blkd
0|2006-07|21.0|TOR|NBA|PF|65.0|1629.0|0|0|6|64|30|1.4|0.3|27.0|24.0|94.0|21.0|64.0|27.0|113.0|14.0|23.0
1|2007-08|22.0|TOR|NBA|PF|78.0|1861.0|0|0|0|80|20|3.5|0.3|17.0|20.0|84.0|28.0|78.0|14.0|207.0|11.0|24.0
2|2008-09|23.0|TOR|NBA|PF|78.0|2453.0|0|0|9|77|14|-5.6|-6.9|34.0|37.0|113.0|29.0|113.0|20.0|209.0|20.0|41.0
3|2009-10|24.0|TOR|NBA|PF|80.0|2799.0|0|0|0|68|32|-4.1|-6.7|33.0|39.0|111.0|24.0|102.0|16.0|214.0|21.0|43.0
4|2010-11|25.0|TOR|NBA|C|66.0|2353.0|0|0|0|1|99|-8.1|-3.1|39.0|42.0|75.0|31.0|156.0|10.0|275.0|41.0|49.0
5|2011-12|26.0|TOR|NBA|C|31.0|1032.0|0|0|0|22|78|-2.6|1.6|20.0|21.0|17.0|16.0|77.0|4.0|132.0|14.0|22.0
6|2012-13|27.0|TOR|NBA|PF|35.0|1003.0|0|0|0|57|44|-6.2|-6.3|14.0|17.0|19.0|13.0|33.0|4.0|87.0|5.0|22.0
7|2013-14|28.0|NYK|NBA|C|42.0|1257.0|0|0|0|22|78|-6.6|-8.1|18.0|17.0|38.0|14.0|49.0|11.0|105.0|10.0|19.0
8|2014-15|29.0|NYK|NBA|C|29.0|785.0|0|0|0|22|78|-18.1|-9.8|17.0|16.0|22.0|7.0|45.0|2.0|99.0|9.0|7.0
9|2015-16|30.0|BRK|NBA|C|46.0|634.0|0|0|0|33|67|-14.7|-8.4|7.0|7.0|26.0|6.0|25.0|3.0|43.0|10.0|14.0
