|Season|Age|Tm|Lg|MP|FG|FGA|3P|3PA|2P|2PA|FT|FTA|ORB|DRB|TRB|AST|STL|BLK|TOV|PF|PTS|GmSc
0|1991-92|21.0|NJN|NBA||9|21|1|3|9|20|6|8|4|7|7|12|5|1|5|4|18|15.4
1|1992-93|22.0|NJN|NBA||13|23|3|4|13|23|12|12|4|8|11|17|4|2|7|6|31|33.8
2|1993-94|23.0|NJN|NBA||17|33|4|7|17|31|20|23|4|10|13|18|6|2|7|5|45|44.0
3|1994-95|24.0|NJN|NBA||14|23|6|10|13|18|12|14|5|8|9|17|4|1|7|6|40|35.6
5|1995-96|25.0|NJN|NBA||9|19|4|9|7|15|17|19|3|6|7|15|5|2|5|5|39|37.4
6|1995-96|25.0|CHH|NBA||10|22|4|9|9|15|12|14|3|6|6|16|6|1|6|6|28|29.9
7|1996-97|26.0|POR|NBA||13|24|6|9|10|17|12|14|4|8|9|15|6|2|7|6|35|31.0
9|1997-98|27.0|POR|NBA||13|23|6|7|13|23|12|14|4|7|10|11|4|1|7|6|31|27.1
10|1997-98|27.0|BOS|NBA||8|16|2|4|7|14|7|9|2|5|5|12|5|0|5|4|21|25.2
11|1998-99|28.0|BOS|NBA||10|16|3|4|10|15|14|14|2|6|6|13|4|1|6|6|23|23.9
12|1999-00|29.0|BOS|NBA||12|21|4|7|11|20|11|14|6|7|9|12|5|2|5|6|33|28.0
13|2000-01|30.0|BOS|NBA||6|14|3|4|6|11|8|8|3|8|8|9|4|1|4|5|20|20.3
14|2001-02|31.0|BOS|NBA||9|17|2|3|9|16|5|6|3|9|10|11|5|2|6|6|19|22.3
16|2002-03|32.0|SEA|NBA||7|16|0|1|7|16|4|5|3|7|7|8|5|1|3|4|17|17.1
17|2002-03|32.0|NOH|NBA||5|13|1|2|5|13|3|4|3|5|6|7|3|1|4|4|12|14.0
18|2003-04|33.0|IND|NBA||6|12|1|1|6|11|5|6|2|6|7|6|3|1|4|4|14|12.6
20|2004-05|34.0|ATL|NBA||7|12|2|3|6|9|3|4|2|5|7|8|5|0|6|6|17|18.7
21|2004-05|34.0|LAC|NBA||3|6|0|0|3|6|0|0|1|1|2|2|0|0|2|3|6|1.6
