|Season|Age|Tm|Lg|Pos|G|GS|MP|FG|FGA|FG%|3P|3PA|3P%|2P|2PA|2P%|FT|FTA|FT%|ORB|DRB|TRB|AST|STL|BLK|TOV|PF|PTS
0|1996-97|22.0|LAL|NBA|PG|80.0|3.0|921.0|4.1|10.2|0.397|0.9|2.9|0.301|3.2|7.4|0.434|3.1|4.7|0.6579999999999999|1.0|2.8|3.8|4.7|1.6|0.2|2.8|3.4|12.1
1|1997-98|23.0|LAL|NBA|PG|82.0|36.0|1760.0|3.4|7.7|0.434|0.6|1.7|0.38299999999999995|2.7|6.1|0.44799999999999995|2.4|3.1|0.757|0.8|3.2|3.9|6.8|1.5|0.1|2.4|2.6|9.7
2|1998-99|24.0|LAL|NBA|PG|50.0|21.0|1131.0|3.2|8.4|0.376|1.2|3.1|0.392|1.9|5.3|0.36700000000000005|1.9|2.5|0.759|0.7|2.2|2.9|6.3|1.9|0.0|2.5|3.0|9.4
3|1999-00|25.0|LAL|NBA|PG|78.0|22.0|1803.0|3.3|9.6|0.34600000000000003|1.0|3.3|0.313|2.3|6.3|0.363|2.1|2.9|0.7240000000000001|0.4|2.4|2.9|4.3|1.6|0.1|1.5|3.0|9.8
4|2000-01|26.0|LAL|NBA|PG|20.0|20.0|709.0|3.9|9.5|0.41200000000000003|1.3|3.2|0.397|2.6|6.3|0.419|2.5|3.1|0.8059999999999999|0.3|2.7|3.0|4.4|2.0|0.1|1.5|2.5|11.6
5|2001-02|27.0|LAL|NBA|PG|70.0|35.0|1974.0|5.0|12.1|0.41100000000000003|2.6|6.4|0.413|2.4|5.8|0.41|1.7|2.0|0.847|0.3|2.4|2.7|3.3|1.2|0.2|1.1|2.2|14.3
6|2002-03|28.0|LAL|NBA|PG|82.0|82.0|2829.0|4.3|9.9|0.43700000000000006|1.1|2.7|0.401|3.2|7.2|0.451|1.3|1.6|0.8|0.5|2.5|3.0|3.8|1.2|0.2|1.2|2.5|11.0
7|2003-04|29.0|LAL|NBA|SG|82.0|3.0|1769.0|4.1|11.7|0.35200000000000004|1.1|3.6|0.29100000000000004|3.1|8.1|0.38|2.5|3.1|0.797|0.6|2.5|3.1|3.8|2.1|0.1|1.6|2.3|11.8
8|2004-05|30.0|GSW|NBA|PG|74.0|32.0|2222.0|4.8|12.2|0.39299999999999996|1.7|4.7|0.371|3.1|7.5|0.40700000000000003|2.8|3.3|0.862|0.6|2.9|3.5|4.9|1.2|0.1|2.1|2.9|14.2
9|2005-06|31.0|GSW|NBA|PG|82.0|36.0|2589.0|5.1|12.3|0.41|1.6|4.1|0.397|3.4|8.2|0.41700000000000004|3.4|4.1|0.833|0.5|2.4|2.9|4.9|1.7|0.1|2.2|3.3|15.1
10|2006-07|32.0|UTA|NBA|SG|82.0|61.0|2287.0|4.1|10.6|0.382|0.8|2.5|0.308|3.3|8.2|0.405|4.1|4.8|0.853|0.5|1.9|2.3|4.3|1.3|0.1|1.9|3.7|13.0
11|2007-08|33.0|LAL|NBA|PG|82.0|82.0|2249.0|5.4|12.4|0.436|1.8|4.4|0.406|3.6|8.0|0.45299999999999996|2.7|3.0|0.883|0.4|2.3|2.7|3.8|1.4|0.0|1.4|3.0|15.3
12|2008-09|34.0|LAL|NBA|PG|82.0|82.0|2441.0|4.3|10.1|0.424|1.8|4.5|0.397|2.5|5.7|0.446|1.6|1.9|0.846|0.4|2.4|2.8|3.8|1.4|0.1|1.1|2.8|12.0
13|2009-10|35.0|LAL|NBA|PG|82.0|82.0|2227.0|3.4|9.0|0.38|1.3|3.6|0.348|2.2|5.4|0.401|1.8|2.1|0.856|0.4|2.3|2.7|3.2|1.5|0.1|1.3|3.3|9.9
14|2010-11|36.0|LAL|NBA|PG|82.0|82.0|2297.0|3.2|8.3|0.389|1.0|2.5|0.396|2.2|5.8|0.386|1.3|1.6|0.8059999999999999|0.2|2.2|2.4|3.5|1.6|0.1|1.1|3.0|8.7
16|2011-12|37.0|LAL|NBA|PG|43.0|43.0|1101.0|3.0|7.8|0.38299999999999995|0.8|2.4|0.324|2.2|5.4|0.41|1.4|1.7|0.83|0.3|2.7|3.0|4.6|1.3|0.1|1.9|2.8|8.2
17|2011-12|37.0|OKC|NBA|PG|20.0|0.0|407.0|3.3|9.6|0.34299999999999997|1.0|3.1|0.314|2.3|6.5|0.35600000000000004|1.1|1.2|0.929|0.2|2.4|2.6|2.5|1.0|0.1|1.3|2.8|8.7
19|2012-13|38.0|DAL|NBA|PG|9.0|9.0|229.0|3.6|10.2|0.354|1.6|3.6|0.435|2.0|6.6|0.31|3.3|3.6|0.9129999999999999|0.0|2.4|2.4|4.9|0.8|0.3|2.8|3.8|12.1
20|2012-13|38.0|OKC|NBA|SG|24.0|0.0|346.0|3.3|10.0|0.33299999999999996|2.1|5.9|0.35100000000000003|1.2|4.1|0.308|1.5|1.6|0.9329999999999999|0.2|2.1|2.3|1.7|1.5|0.1|1.2|3.2|10.2
21|2013-14|39.0|OKC|NBA|SG|81.0|0.0|1428.0|3.6|9.1|0.391|2.2|5.8|0.384|1.3|3.3|0.402|1.4|1.8|0.775|0.3|2.8|3.1|2.9|1.8|0.1|1.2|4.0|10.7
