player_id|Rk|Unnamed: 1|Age|G|GS|MP|FG|FGA|FG%|FT|FTA|FT%|TRB|AST|PF|PTS|player_id
barryri01|1|Rick Barry|22|78||3175|11.5|25.4|0.451|8.5|9.7|0.884|8.1|3.2|2.9|31.5|barryri01
thurmna01|2|Nate Thurmond|25|65||2761|6.1|13.9|0.43700000000000006|3.7|5.8|0.629|18.0|2.2|2.4|15.8|thurmna01
neumapa01|3|Paul Neumann|29|78||2421|5.7|13.5|0.424|4.6|5.8|0.8|4.0|5.1|4.0|16.1|neumapa01
hetzefr01|4|Fred Hetzel|24|77||2123|6.3|15.8|0.4|3.3|4.0|0.81|10.8|1.9|3.9|15.9|hetzefr01
meschto01|5|Tom Meschery|28|72||1846|5.7|13.8|0.415|3.4|4.8|0.7170000000000001|10.7|1.8|5.1|14.8|meschto01
mullije01|6|Jeff Mullins|24|77||1835|8.3|18.0|0.45799999999999996|2.9|4.2|0.701|7.6|4.4|3.8|19.5|mullije01
attleal01|7|Al Attles|30|69||1764|4.3|9.5|0.45399999999999996|1.8|3.1|0.583|6.6|5.5|5.4|10.4|attleal01
kingji01|8|Jim King|25|67||1667|6.2|14.8|0.418|3.8|4.8|0.787|6.9|5.2|4.2|16.1|kingji01
leecl01|9|Clyde Lee|22|74||1247|5.9|14.5|0.408|3.0|4.8|0.633|15.9|2.2|4.9|14.9|leecl01
olsenbu01|10|Bud Olsen|26|40||348|7.8|17.3|0.449|2.4|6.0|0.397|10.7|3.3|5.3|17.9|olsenbu01
ellisjo01|11|Joe Ellis|22|41||333|7.2|17.7|0.409|2.1|2.7|0.76|12.1|2.9|4.9|16.5|ellisjo01
warlibo01|12|Bob Warlick|25|12||65|8.3|28.8|0.28800000000000003|3.3|6.1|0.545|11.1|5.5|2.2|19.9|warlibo01
leege01|13|George Lee|30|1||5|21.6|28.8|0.75|43.2|50.4|0.857|0.0|0.0|0.0|86.4|leege01
