|Season|Age|Tm|Lg|Pos|G|MP|PG%|SG%|SF%|PF%|C%|OnCourt|On-Off|BadPass|LostBall|Shoot|Off.|Shoot.1|Off..1|PGA|And1|Blkd
0|2011-12|19.0|UTA|NBA|C|66.0|874.0|0|0|0|1|99|-8.5|-12.4|6.0|24.0|46.0|7.0|55.0|2.0|18.0|13.0|37.0
1|2012-13|20.0|UTA|NBA|C|70.0|1078.0|0|0|0|5|95|4.9|7.1|22.0|28.0|50.0|29.0|56.0|2.0|69.0|13.0|43.0
2|2013-14|21.0|UTA|NBA|C|80.0|2138.0|0|0|0|3|97|-12.2|-9.2|34.0|42.0|120.0|40.0|84.0|5.0|181.0|20.0|73.0
4|2014-15|22.0|UTA|NBA|C|49.0|1326.0|0|0|0|23|77|-3.7|-5.8|22.0|25.0|53.0|24.0|57.0|1.0|65.0|17.0|46.0
5|2014-15|22.0|OKC|NBA|C|26.0|809.0|0|0|0|42|58|1.1|-1.2|10.0|23.0|27.0|10.0|56.0|2.0|70.0|14.0|29.0
6|2015-16|23.0|OKC|NBA|C|82.0|1721.0|0|0|0|7|93|3.3|-7.0|19.0|34.0|91.0|34.0|121.0|1.0|82.0|30.0|79.0
7|2016-17|24.0|OKC|NBA|C|72.0|1533.0|0|0|0|26|74|0.4|-0.1|29.0|52.0|83.0|20.0|134.0|3.0|169.0|31.0|91.0
8|2017-18|25.0|NYK|NBA|C|71.0|1830.0|0|0|0|0|100|-5.0|-2.0|35.0|37.0|109.0|26.0|83.0|1.0|241.0|25.0|67.0
10|2018-19|26.0|NYK|NBA|C|44.0|1128.0|0|0|0|4|96|-10.3|-1.5|22.0|26.0|57.0|16.0|58.0|4.0|198.0|19.0|38.0
11|2018-19|26.0|POR|NBA|C|23.0|512.0|0|0|0|26|74|2.7|-1.3|7.0|15.0|40.0|8.0|31.0|0.0|75.0|11.0|20.0
