player_id|Rk|Unnamed: 1|Age|G|MP|PER|TS%|3PAr|FTr|ORB%|DRB%|TRB%|AST%|BLK%|TOV%|USG%|Unnamed: 16|OWS|DWS|WS|WS/48|player_id
brownro01|1|Roger Brown|29|78|2987|17.0|0.56|0.166|0.361|5.2|10.0|7.7|14.5||14.2|19.4||6.1|3.3|9.3|0.15|brownro01
danieme01|2|Mel Daniels|27|79|2971|21.3|0.547|0.005|0.381|12.2|27.1|19.9|8.7||14.7|21.1||5.4|4.9|10.3|0.166|danieme01
netolbo01|3|Bob Netolicky|29|83|2905|15.1|0.515|0.017|0.256|8.6|15.2|12.0|4.1||12.0|18.3||2.5|3.1|5.6|0.09300000000000001|netolbo01
lewisfr02|4|Freddie Lewis|28|77|2714|14.7|0.527|0.106|0.418|4.7|6.3|5.5|18.1||14.8|18.7||3.2|2.9|6.2|0.109|lewisfr02
mcginge01|5|George McGinnis|21|73|2179|17.4|0.513|0.038|0.462|12.6|17.0|14.9|9.4||17.6|25.9||2.4|3.0|5.3|0.11800000000000001|mcginge01
mountri01|6|Rick Mount|25|78|2126|14.4|0.523|0.19|0.275|2.1|4.4|3.3|15.8||11.8|21.9||2.8|1.8|4.6|0.10400000000000001|mountri01
kellebi01|7|Bill Keller|24|76|1729|14.3|0.53|0.273|0.281|3.4|5.2|4.3|20.9||15.8|18.5||2.1|1.9|4.0|0.111|kellebi01
hillmda01|8|Darnell Hillman|22|73|1386|13.9|0.528|0.012|0.43200000000000005|10.4|20.7|15.8|4.8||14.7|15.9||1.4|1.8|3.2|0.11|hillmda01
cannola01|9|Larry Cannon|24|28|478|8.7|0.451|0.034|0.406|3.0|3.3|3.2|20.2||16.9|20.1||-0.3|0.5|0.2|0.019|cannola01
sidledo01|10|Donald Sidle|25|27|394|15.4|0.532|0.006999999999999999|0.34299999999999997|10.6|11.4|11.0|3.6||10.8|18.1||0.5|0.4|0.9|0.10800000000000001|sidledo01
barnhjo01|11|John Barnhill|33|19|194|4.9|0.363|0.402|0.172|3.9|5.0|4.5|11.1||11.4|21.0||-0.6|0.2|-0.4|-0.11|barnhjo01
winklma01|12|Marv Winkler|23|20|155|1.3|0.332|0.07400000000000001|0.259|4.3|5.1|4.7|9.8||16.6|18.0||-0.5|0.1|-0.4|-0.11199999999999999|winklma01
chapmwa01|13|Wayne Chapman|26|7|76|4.8|0.436|0.111|0.33299999999999996|2.5|3.5|3.0|18.3||22.5|13.5||0.0|0.1|0.0|0.019|chapmwa01
kellyar01|14|Arvesta Kelly|26|4|41|-0.8|0.33299999999999996|0.0|0.0|2.3|12.9|7.8|6.0||18.2|10.4||-0.1|0.0|0.0|-0.042|kellyar01
pricemi01|15|Mike Price|23|4|25|-3.9|0.33299999999999996|0.0|0.0|3.8|14.1|9.1|5.2||30.8|20.1||-0.1|0.0|0.0|-0.096|pricemi01
