|Season|Age|Tm|Lg|Pos|G|MP|PG%|SG%|SF%|PF%|C%|OnCourt|On-Off|BadPass|LostBall|Shoot|Off.|Shoot.1|Off..1|PGA|And1|Blkd
1|2001-02|22.0|TOR|NBA|PG|17.0|96.0|100|0|0|0|0|-14.5|-14.3|7.0|0.0|5.0|2.0|2.0|0.0|46.0|0.0|5.0
2|2001-02|22.0|DEN|NBA|PG|20.0|275.0|73|27|0|0|0|-1.5|5.4|6.0|4.0|8.0|1.0|3.0|0.0|101.0|0.0|8.0
3|2002-03|23.0|UTA|NBA|PG|44.0|287.0|81|19|0|0|0|-3.1|-6.8|14.0|9.0|11.0|3.0|10.0|0.0|109.0|2.0|8.0
4|2003-04|24.0|UTA|NBA|PG|71.0|2008.0|100|1|0|0|0|-1.2|0.7|84.0|42.0|49.0|20.0|72.0|0.0|756.0|13.0|48.0
6|2004-05|25.0|UTA|NBA|PG|30.0|742.0|93|6|0|0|0|-11.0|-7.3|30.0|12.0|24.0|5.0|22.0|0.0|317.0|4.0|17.0
7|2004-05|25.0|DET|NBA|PG|40.0|706.0|94|6|0|0|0|-3.9|-10.3|25.0|13.0|24.0|9.0|27.0|0.0|275.0|3.0|15.0
9|2005-06|26.0|DET|NBA|PG|50.0|600.0|100|0|0|0|0|3.0|-5.9|18.0|12.0|27.0|8.0|18.0|4.0|341.0|1.0|12.0
10|2005-06|26.0|ORL|NBA|SG|27.0|594.0|29|71|1|0|0|2.4|4.2|20.0|10.0|17.0|6.0|32.0|7.0|161.0|6.0|9.0
11|2006-07|27.0|ORL|NBA|PG|72.0|1304.0|88|12|0|0|0|2.0|1.4|44.0|15.0|40.0|13.0|72.0|21.0|453.0|21.0|26.0
12|2007-08|28.0|ORL|NBA|PG|62.0|1269.0|100|0|0|0|0|5.1|-1.2|41.0|15.0|38.0|8.0|41.0|14.0|541.0|11.0|14.0
13|2009-10|30.0|MIA|NBA|PG|72.0|1585.0|84|16|0|0|0|2.7|-0.3|22.0|15.0|40.0|9.0|29.0|12.0|510.0|6.0|14.0
15|2010-11|31.0|MIA|NBA|PG|49.0|995.0|99|1|0|0|0|6.1|-3.4|24.0|8.0|31.0|2.0|8.0|7.0|213.0|2.0|2.0
16|2010-11|31.0|BOS|NBA|PG|15.0|190.0|81|19|0|0|0|-0.7|-7.1|8.0|5.0|4.0|2.0|5.0|0.0|53.0|0.0|1.0
