|Season|Age|Tm|Lg|Pos|G|GS|MP|FG|FGA|FG%|3P|3PA|3P%|2P|2PA|2P%|FT|FTA|FT%|ORB|DRB|TRB|AST|STL|BLK|TOV|PF|PTS
1|2010-11|22.0|HOU|NBA|PG|28.0|3.0|329.0|3.5|9.1|0.386|0.3|0.9|0.375|3.2|8.2|0.387|0.8|1.1|0.7|0.7|3.9|4.6|7.0|1.4|0.2|2.8|2.8|8.1
2|2010-11|22.0|MEM|NBA|PG|15.0|0.0|113.0|3.5|10.2|0.344|0.0|0.6|0.0|3.5|9.6|0.36700000000000005|1.6|3.5|0.455|0.3|1.3|1.6|4.8|1.6|0.0|2.5|3.5|8.6
4|2011-12|23.0|GSW|NBA|PG|6.0|1.0|63.0|6.9|17.1|0.4|1.1|2.9|0.4|5.7|14.3|0.4|0.6|1.1|0.5|1.1|4.0|5.1|5.1|2.3|0.0|0.6|2.3|15.4
5|2011-12|23.0|ORL|NBA|PG|20.0|0.0|171.0|4.0|10.7|0.373|0.2|0.8|0.25|3.8|9.9|0.38299999999999995|1.3|1.7|0.75|1.1|4.4|5.5|6.7|2.3|0.4|2.5|2.3|9.5
7|2012-13|24.0|ORL|NBA|PG|36.0|3.0|378.0|3.7|11.0|0.336|0.4|1.6|0.235|3.3|9.4|0.354|0.3|0.7|0.429|1.0|3.3|4.4|5.4|1.2|0.6|2.6|1.3|8.1
8|2012-13|24.0|MIL|NBA|PG|16.0|0.0|138.0|4.4|11.2|0.395|1.0|2.6|0.4|3.4|8.6|0.39399999999999996|0.0|0.0||0.3|3.7|3.9|7.8|2.1|0.8|2.6|3.1|9.9
9|2013-14|25.0|PHO|NBA|PG|70.0|1.0|1006.0|4.3|10.1|0.423|0.0|0.8|0.043|4.2|9.2|0.457|0.8|1.4|0.564|1.1|3.5|4.6|6.4|1.8|0.5|2.3|2.4|9.3
11|2014-15|26.0|OKC|NBA|PG|30.0|0.0|155.0|3.5|10.5|0.33299999999999996|0.2|1.2|0.2|3.3|9.3|0.35|1.4|2.1|0.667|1.2|5.1|6.3|6.5|0.9|0.2|2.1|2.8|8.6
12|2014-15|26.0|PHI|NBA|PG|25.0|14.0|677.0|6.8|17.1|0.39799999999999996|0.9|2.9|0.309|5.9|14.2|0.41600000000000004|1.5|2.6|0.583|0.5|3.4|3.9|8.1|1.7|0.3|3.7|2.0|16.0
14|2015-16|27.0|NOP|NBA|PG|27.0|3.0|617.0|5.7|13.3|0.43|0.6|1.9|0.303|5.1|11.4|0.451|1.9|2.5|0.767|0.8|4.6|5.4|9.0|1.4|0.4|2.6|2.2|13.9
15|2015-16|27.0|PHI|NBA|PG|50.0|50.0|1622.0|6.6|16.4|0.405|1.0|3.0|0.336|5.6|13.4|0.42|2.0|3.0|0.669|0.6|4.1|4.7|7.7|1.4|0.4|2.9|2.1|16.3
16|2016-17|28.0|DET|NBA|PG|81.0|32.0|1955.0|6.1|13.8|0.439|0.5|1.9|0.267|5.5|11.9|0.467|1.3|1.9|0.706|0.4|3.9|4.3|7.7|1.1|0.6|2.1|2.3|14.0
17|2017-18|29.0|DET|NBA|PG|82.0|35.0|2043.0|6.9|14.1|0.486|0.6|1.8|0.34700000000000003|6.2|12.3|0.506|1.4|2.0|0.698|0.5|3.5|3.9|6.3|1.1|0.4|1.9|2.5|15.8
18|2018-19|30.0|DET|NBA|PG|56.0|0.0|1251.0|5.9|14.1|0.419|1.3|3.9|0.326|4.6|10.2|0.455|1.4|1.8|0.758|0.7|3.5|4.2|5.8|0.8|0.3|1.8|3.1|14.4
