|Season|Age|Tm|Lg|Pos|G|MP|PG%|SG%|SF%|PF%|C%|OnCourt|On-Off|BadPass|LostBall|Shoot|Off.|Shoot.1|Off..1|PGA|And1|Blkd
0|2009-10|22.0|NOH|NBA|SG|73.0|1872.0|9|86|5|0|0|-2.7|0.6|26.0|31.0|57.0|14.0|83.0|7.0|247.0|21.0|46.0
2|2010-11|23.0|NOH|NBA|SG|46.0|745.0|0|59|41|0|0|1.7|1.2|7.0|16.0|16.0|9.0|23.0|3.0|94.0|4.0|25.0
3|2010-11|23.0|SAC|NBA|SG|27.0|1030.0|18|82|1|0|0|-7.5|-2.3|27.0|24.0|30.0|7.0|39.0|4.0|195.0|8.0|28.0
4|2011-12|24.0|SAC|NBA|SG|51.0|1780.0|34|65|1|0|0|-5.4|1.5|39.0|24.0|40.0|18.0|73.0|1.0|215.0|14.0|33.0
5|2012-13|25.0|SAC|NBA|SG|72.0|1726.0|6|83|11|0|0|-9.3|-6.9|29.0|28.0|49.0|5.0|54.0|3.0|203.0|14.0|29.0
7|2013-14|26.0|SAC|NBA|SG|46.0|1121.0|0|95|5|0|0|0.1|4.5|27.0|6.0|22.0|3.0|21.0|3.0|104.0|6.0|13.0
8|2013-14|26.0|BRK|NBA|SG|26.0|620.0|1|90|9|0|0|0.0|0.9|14.0|12.0|15.0|2.0|20.0|1.0|69.0|1.0|6.0
10|2014-15|27.0|BOS|NBA|SG|39.0|640.0|9|78|12|0|0|-0.8|-1.0|11.0|7.0|13.0|2.0|14.0|4.0|73.0|2.0|23.0
11|2014-15|27.0|PHO|NBA|SG|9.0|81.0|40|60|0|0|0|-14.1|-13.3|1.0|3.0|2.0|0.0|2.0|1.0|4.0|1.0|1.0
13|2015-16|28.0|HOU|NBA|SG|47.0|885.0|2|86|12|0|0|-0.9|-1.2|21.0|13.0|34.0|3.0|18.0|2.0|155.0|2.0|15.0
14|2015-16|28.0|WAS|NBA|SG|14.0|224.0|9|86|6|0|0|4.4|5.1|1.0|7.0|8.0|2.0|11.0|1.0|40.0|5.0|6.0
15|2016-17|29.0|WAS|NBA|SG|33.0|575.0|18|80|2|0|0|-13.2|-17.3|7.0|10.0|14.0|6.0|9.0|1.0|87.0|4.0|10.0
