|Season|Age|Tm|Lg|Pos|G|GS|MP|FG|FGA|FG%|3P|3PA|3P%|2P|2PA|2P%|FT|FTA|FT%|ORB|DRB|TRB|AST|STL|BLK|TOV|PF|PTS|ORtg|DRtg
0|2001-02|21.0|WAS|NBA|SF|30.0|3.0|343.0|6.8|15.0|0.45299999999999996|0.6|2.2|0.28600000000000003|6.2|12.8|0.48100000000000004|3.5|4.8|0.733|4.0|4.3|8.2|2.7|2.1|0.8|2.2|4.9|17.7|108.0|107.0
1|2002-03|22.0|WAS|NBA|SG|36.0|2.0|378.0|6.3|16.1|0.39299999999999996|0.0|0.7|0.0|6.3|15.4|0.41100000000000003|4.6|5.0|0.914|4.8|6.3|11.1|2.9|1.4|0.4|1.2|7.3|17.3|110.0|106.0
2|2003-04|23.0|LAC|NBA|SF|56.0|8.0|1376.0|5.6|14.3|0.39399999999999996|0.1|0.5|0.16699999999999998|5.6|13.8|0.402|5.4|6.5|0.8340000000000001|4.4|5.6|10.0|3.7|2.0|0.7|2.8|6.5|16.8|105.0|109.0
3|2004-05|24.0|LAC|NBA|SF|75.0|74.0|2799.0|9.1|19.6|0.466|1.0|2.2|0.435|8.2|17.4|0.47|4.4|5.3|0.846|2.5|6.1|8.6|3.9|2.0|0.3|2.6|4.4|23.6|110.0|107.0
4|2005-06|25.0|MIL|NBA|SF|75.0|74.0|2538.0|7.6|16.8|0.45299999999999996|2.2|5.2|0.42|5.4|11.6|0.46799999999999997|3.4|4.1|0.825|1.9|5.0|6.9|3.6|1.8|0.4|2.5|5.3|20.8|110.0|108.0
5|2007-08|27.0|MIL|NBA|SF|70.0|21.0|1521.0|7.2|17.1|0.42100000000000004|2.1|5.9|0.35100000000000003|5.1|11.2|0.45799999999999996|1.8|2.4|0.757|2.3|5.5|7.8|2.8|1.7|0.2|2.7|4.8|18.3|100.0|114.0
6|2008-09|28.0|NJN|NBA|SF|71.0|44.0|1729.0|6.1|13.6|0.449|3.6|8.1|0.447|2.5|5.5|0.45299999999999996|1.3|1.8|0.741|2.2|6.3|8.6|2.8|1.5|0.3|1.9|5.7|17.2|116.0|112.0
7|2009-10|29.0|NJN|NBA|PF|23.0|2.0|395.0|5.6|15.6|0.359|2.7|8.4|0.317|2.9|7.2|0.40700000000000003|2.4|2.7|0.9|1.5|6.9|8.4|2.0|2.0|0.4|2.5|6.9|16.2|94.0|110.0
8|2010-11|30.0|SAS|NBA|SF|2.0|0.0|16.0|0.0|9.8|0.0|0.0|9.8|0.0|0.0|0.0||0.0|0.0||0.0|0.0|0.0|6.5|0.0|0.0|0.0|6.5|0.0|40.0|114.0
9|2011-12|31.0|LAC|NBA|SF|28.0|0.0|418.0|3.6|11.6|0.311|2.6|7.7|0.33299999999999996|1.0|3.9|0.267|0.5|0.9|0.5710000000000001|2.2|4.9|7.1|1.4|1.9|0.4|1.3|5.3|10.3|95.0|108.0
