|Season|Age|Tm|Lg|MP|FG|FGA|3P|3PA|2P|2PA|FT|FTA|ORB|DRB|TRB|AST|STL|BLK|TOV|PF|PTS|GmSc
0|1994-95|23.0|NYK|NBA||4|8|0|3|4|7|2|4|7|5|8|5|3|1|3|5|9|9.5
2|1995-96|24.0|NYK|NBA||2|3|0|0|2|3|2|4|2|3|5|1|1|0|2|2|4|5.0
3|1995-96|24.0|SAS|NBA||6|10|0|1|6|10|4|4|3|2|5|2|2|1|3|3|14|11.9
4|1996-97|25.0|SAS|NBA||14|26|0|1|14|26|10|11|6|6|10|6|3|4|7|6|30|23.7
5|1997-98|26.0|SAS|NBA||6|12|1|1|6|12|8|12|4|5|6|4|3|2|4|6|16|15.1
6|1998-99|27.0|DEN|NBA||0|2|0|0|0|2|1|2|0|0|0|0|0|0|0|0|1|-0.8
7|1999-00|28.0|ORL|NBA||9|13|1|1|9|13|7|10|6|6|8|5|3|2|5|6|19|15.3
8|2000-01|29.0|ORL|NBA||10|15|1|1|10|15|6|7|5|7|8|5|3|2|4|6|22|17.7
9|2001-02|30.0|ORL|NBA||10|16|0|2|10|16|8|10|5|7|11|4|3|2|5|6|23|22.3
10|2002-03|31.0|PHI|NBA||4|10|0|1|4|9|3|4|2|4|5|5|2|1|3|5|10|7.8
