player_id|Rk|Unnamed: 1|Age|G|GS|MP|FG|FGA|FG%|3P|3PA|3P%|2P|2PA|2P%|FT|FTA|FT%|ORB|DRB|TRB|AST|STL|BLK|TOV|PF|PTS|player_id
ballagr01|1|Greg Ballard|27|79|79|2946|7.6|16.0|0.475|0.1|0.3|0.409|7.5|15.7|0.47600000000000003|2.9|3.5|0.83|1.7|6.1|7.7|3.1|1.7|0.3|1.5|2.5|18.2|ballagr01
mahorri01|2|Rick Mahorn|23|80|80|2664|5.6|11.0|0.507|0.0|0.0|0.0|5.6|11.0|0.509|2.0|3.2|0.632|2.0|7.5|9.5|2.0|0.8|1.9|2.2|4.7|13.2|mahorri01
rulanje01|3|Jeff Ruland|23|82|0|2214|6.8|12.2|0.561|0.0|0.0|0.33299999999999996|6.8|12.1|0.562|5.6|7.4|0.752|4.1|8.3|12.4|2.2|0.7|0.9|3.9|5.2|19.2|rulanje01
greveke01|4|Kevin Grevey|28|71|62|2164|6.3|14.3|0.439|0.5|1.4|0.341|5.8|12.9|0.449|2.7|3.2|0.855|0.9|2.3|3.2|2.5|0.7|0.4|1.6|2.5|15.7|greveke01
haywosp01|5|Spencer Haywood|32|76|63|2086|6.8|14.3|0.47600000000000003|0.0|0.1|0.0|6.8|14.3|0.478|3.8|4.5|0.8420000000000001|2.5|4.8|7.3|1.1|0.8|1.2|3.0|4.3|17.4|haywosp01
johnsfr01|6|Frank Johnson|23|79|29|2027|6.0|14.4|0.414|0.3|1.4|0.215|5.7|13.0|0.435|2.7|3.6|0.75|0.6|2.0|2.6|6.7|1.3|0.1|2.8|3.5|15.0|johnsfr01
lucasjo01|7|John Lucas|28|79|53|1940|4.9|11.5|0.426|0.0|0.4|0.091|4.8|11.1|0.43799999999999994|2.6|3.3|0.784|0.7|2.3|3.1|10.2|1.8|0.1|2.9|1.9|12.4|lucasjo01
collido02|8|Don Collins|23|79|18|1609|7.5|14.6|0.511|0.0|0.3|0.083|7.5|14.3|0.52|2.7|3.8|0.716|2.3|2.1|4.4|3.3|2.0|0.5|3.0|4.4|17.7|collido02
choneji01|9|Jim Chones|32|59|13|867|3.1|7.1|0.433|0.0|0.0||3.1|7.1|0.433|1.5|1.9|0.7829999999999999|1.6|6.1|7.7|2.7|0.6|1.3|1.7|4.7|7.6|choneji01
davisch02|10|Charles Davis|23|54|10|575|5.5|11.5|0.478|0.0|0.1|0.0|5.5|11.4|0.484|1.9|2.3|0.8109999999999999|3.4|4.9|8.3|1.9|0.6|0.8|2.7|5.6|12.9|davisch02
wittsga01|11|Garry Witts|22|46|0|493|3.6|6.1|0.583|0.1|0.1|0.5|3.5|6.0|0.585|2.4|2.9|0.825|2.1|2.4|4.5|2.8|1.2|0.3|2.6|5.4|9.6|wittsga01
hollabr01|12|Brad Holland|25|13|3|185|5.3|14.2|0.37|0.0|0.6|0.0|5.3|13.6|0.386|0.6|0.8|0.75|1.2|1.4|2.5|3.1|2.1|0.2|1.4|2.3|11.1|hollabr01
terryca01|13|Carlos Terry|25|13|0|60|1.8|9.0|0.2|0.0|1.8|0.0|1.8|7.2|0.25|1.8|2.4|0.75|3.0|4.2|7.2|4.8|1.8|0.6|3.0|9.0|5.4|terryca01
