|Season|Age|Tm|Lg|Pos|G|MP|PER|TS%|3PAr|FTr|ORB%|DRB%|TRB%|AST%|STL%|BLK%|TOV%|USG%|OWS|DWS|WS|WS/48|OBPM|DBPM|BPM|VORP
0|1991-92|22.0|UTA|NBA|C|31.0|112.0|15.0|0.515|0.0|0.652|11.6|23.1|17.6|6.7|0.9|1.1|11.9|25.9|0.1|0.2|0.3|0.11199999999999999|-2.8|-2.4|-5.2|-0.1
1|1992-93|23.0|UTA|NBA|C|46.0|306.0|11.4|0.491|0.009000000000000001|0.39299999999999996|14.6|14.8|14.7|2.9|1.3|2.9|14.9|21.7|0.0|0.4|0.3|0.052000000000000005|-3.7|-1.4|-5.1|-0.2
2|1993-94|24.0|PHI|NBA|C|14.0|201.0|14.1|0.473|0.015|0.348|13.6|24.1|18.8|13.2|1.2|3.0|18.3|20.1|0.0|0.2|0.2|0.04|-3.1|0.7|-2.5|0.0
3|1996-97|27.0|MIA|NBA|C|82.0|1881.0|14.2|0.536|0.005|0.354|8.7|21.2|15.1|9.9|1.3|1.8|17.9|22.5|0.3|3.7|4.0|0.102|-3.2|1.6|-1.6|0.2
5|1997-98|28.0|MIA|NBA|C|52.0|1371.0|16.8|0.521|0.006|0.429|10.5|17.5|14.1|11.8|1.7|1.8|15.6|25.5|1.1|2.2|3.2|0.113|-1.1|0.9|-0.1|0.6
6|1997-98|28.0|LAC|NBA|C|26.0|895.0|15.6|0.49700000000000005|0.015|0.39799999999999996|10.1|18.9|14.4|17.3|1.0|1.6|18.3|24.2|0.1|0.3|0.4|0.022000000000000002|-1.1|-0.4|-1.4|0.1
7|1998-99|29.0|ORL|NBA|C|49.0|1259.0|12.0|0.457|0.015|0.34700000000000003|7.5|14.5|10.9|12.8|2.0|2.1|17.9|22.9|-0.9|2.1|1.2|0.045|-3.4|1.6|-1.8|0.1
8|1999-00|30.0|WAS|NBA|C|59.0|1173.0|10.2|0.48100000000000004|0.011000000000000001|0.389|6.2|21.7|13.8|10.0|0.8|2.3|20.6|19.6|-0.9|0.9|0.0|0.001|-4.4|0.4|-4.0|-0.6
9|2000-01|31.0|VAN|NBA|C|52.0|845.0|8.3|0.39299999999999996|0.08900000000000001|0.14800000000000002|6.8|23.1|15.0|11.2|1.2|1.9|15.8|18.5|-1.3|0.9|-0.5|-0.026000000000000002|-5.8|0.6|-5.2|-0.7
10|2001-02|32.0|MEM|NBA|C|21.0|307.0|7.8|0.405|0.033|0.043|4.0|21.8|12.9|7.0|1.5|1.1|10.5|15.5|-0.3|0.3|0.0|0.003|-6.4|-0.1|-6.5|-0.4
