|Season|Age|Tm|Lg|Pos|G|MP|PG%|SG%|SF%|PF%|C%|OnCourt|On-Off|BadPass|LostBall|Shoot|Off.|Shoot.1|Off..1|PGA|And1|Blkd
0|2000-01|32.0|ORL|NBA|PG|75.0|2767.0|100|1|0|0|0|3.9|9.4|141.0|35.0|42.0|7.0|55.0|0.0|1149.0|9.0|41.0
1|2001-02|33.0|ORL|NBA|PG|82.0|2730.0|100|0|0|0|0|3.2|4.8|114.0|43.0|53.0|2.0|46.0|0.0|1031.0|7.0|38.0
2|2002-03|34.0|ORL|NBA|PG|82.0|2350.0|93|7|0|0|0|0.5|1.1|95.0|42.0|43.0|8.0|25.0|0.0|740.0|7.0|23.0
3|2003-04|35.0|NOH|NBA|PG|79.0|2247.0|100|0|0|0|0|2.0|5.5|108.0|30.0|32.0|9.0|35.0|0.0|695.0|2.0|28.0
5|2004-05|36.0|NOH|NBA|PG|14.0|412.0|100|0|0|0|0|-7.8|0.6|17.0|8.0|6.0|1.0|4.0|0.0|140.0|0.0|4.0
6|2004-05|36.0|DAL|NBA|PG|52.0|576.0|100|0|0|0|0|1.4|-5.6|25.0|9.0|21.0|2.0|9.0|0.0|258.0|0.0|13.0
7|2005-06|37.0|DAL|NBA|PG|62.0|622.0|100|0|0|0|0|1.5|-6.1|37.0|10.0|22.0|2.0|9.0|25.0|198.0|1.0|9.0
8|2006-07|38.0|IND|NBA|PG|81.0|1275.0|100|0|0|0|0|-2.3|1.1|47.0|17.0|34.0|3.0|19.0|30.0|442.0|5.0|5.0
9|2007-08|39.0|NJN|NBA|PG|50.0|549.0|100|0|0|0|0|-9.2|-4.0|28.0|7.0|8.0|3.0|5.0|11.0|163.0|1.0|6.0
