|Season|Age|Tm|Lg|Pos|G|GS|MP|FG|FGA|FG%|3P|3PA|3P%|2P|2PA|2P%|FT|FTA|FT%|ORB|DRB|TRB|AST|STL|BLK|TOV|PF|PTS
0|1994-95|26.0|ORL|NBA|PG|3.0|0.0|8.0|13.5|36.0|0.375|9.0|27.0|0.33299999999999996|4.5|9.0|0.5|9.0|9.0|1.0|4.5|0.0|4.5|13.5|4.5|0.0|4.5|13.5|45.0
1|1995-96|27.0|ORL|NBA|PG|13.0|0.0|41.0|14.0|28.1|0.5|5.3|10.5|0.5|8.8|17.6|0.5|3.5|3.5|1.0|0.0|1.8|1.8|4.4|5.3|0.0|5.3|3.5|36.9
2|1996-97|28.0|ORL|NBA|PG|67.0|0.0|1010.0|4.7|12.3|0.38299999999999995|2.0|6.5|0.304|2.7|5.8|0.47|3.3|3.8|0.868|1.2|1.5|2.7|6.2|2.2|0.3|3.5|4.1|14.6
3|1997-98|29.0|ORL|NBA|PG|48.0|17.0|1236.0|4.5|11.1|0.41100000000000003|0.7|2.0|0.368|3.8|9.1|0.42|3.1|3.6|0.8540000000000001|1.9|2.7|4.6|6.9|1.7|0.1|3.3|2.8|12.9
4|1998-99|30.0|ORL|NBA|PG|50.0|15.0|1502.0|5.5|12.5|0.441|1.7|4.5|0.365|3.9|8.0|0.483|3.9|4.3|0.904|1.3|3.0|4.3|8.0|2.6|0.1|3.8|2.2|16.5
5|1999-00|31.0|ORL|NBA|PG|82.0|82.0|2590.0|6.7|15.6|0.433|1.9|5.6|0.34|4.8|10.0|0.485|3.1|3.4|0.9109999999999999|0.9|2.8|3.8|7.0|2.3|0.1|3.4|1.9|18.5
6|2000-01|32.0|ORL|NBA|PG|75.0|75.0|2767.0|5.4|13.0|0.41200000000000003|1.9|5.2|0.355|3.5|7.8|0.451|2.9|3.2|0.884|1.2|3.2|4.5|6.8|1.8|0.2|2.6|2.0|15.5
7|2001-02|33.0|ORL|NBA|PG|82.0|79.0|2730.0|4.6|10.9|0.419|1.8|5.2|0.349|2.7|5.7|0.484|2.4|2.7|0.888|1.1|3.1|4.2|6.0|2.1|0.1|2.3|2.2|13.4
8|2002-03|34.0|ORL|NBA|PG|82.0|23.0|2350.0|4.0|9.9|0.409|1.2|3.6|0.336|2.8|6.3|0.45|2.5|2.9|0.878|1.4|3.1|4.5|4.9|2.1|0.2|2.5|2.6|11.8
9|2003-04|35.0|NOH|NBA|PG|79.0|22.0|2247.0|4.7|11.8|0.395|2.2|6.9|0.315|2.5|4.9|0.508|2.0|2.3|0.8540000000000001|1.0|2.6|3.6|5.0|2.1|0.3|2.5|2.4|13.5
11|2004-05|36.0|NOH|NBA|PG|14.0|9.0|412.0|4.6|13.9|0.33299999999999996|1.5|6.1|0.243|3.1|7.8|0.40399999999999997|1.7|1.8|0.905|1.4|2.8|4.2|5.7|1.3|0.2|2.4|2.6|12.4
12|2004-05|36.0|DAL|NBA|PG|52.0|7.0|576.0|2.3|7.4|0.305|0.7|2.6|0.268|1.6|4.8|0.325|2.4|2.9|0.83|1.2|3.0|4.2|7.1|1.9|0.4|2.4|3.9|7.6
13|2005-06|37.0|DAL|NBA|PG|62.0|2.0|622.0|2.5|7.4|0.336|0.6|2.8|0.22899999999999998|1.9|4.6|0.4|1.9|2.4|0.7859999999999999|1.0|3.6|4.7|5.0|1.6|0.2|3.4|4.1|7.5
14|2006-07|38.0|IND|NBA|PG|81.0|4.0|1275.0|4.4|10.6|0.414|2.0|6.0|0.336|2.4|4.6|0.515|2.1|2.6|0.785|1.0|2.9|3.8|5.4|2.0|0.2|2.1|2.9|12.9
15|2007-08|39.0|NJN|NBA|PG|50.0|2.0|549.0|2.6|7.2|0.364|1.5|4.5|0.33299999999999996|1.1|2.7|0.415|1.3|2.0|0.667|1.1|3.3|4.4|4.8|1.8|0.1|2.7|3.5|8.1
