player_id|Rk|Unnamed: 1|Age|G|GS|MP|FG|FGA|FG%|FT|FTA|FT%|ORB|DRB|TRB|AST|STL|BLK|PF|PTS|player_id
hayesel01|1|Elvin Hayes|30|80||2975|649|1381|0.47|287|457|0.628|210|668|878|121|104|202|293|1585|hayesel01
cheniph01|2|Phil Chenier|25|80||2952|654|1355|0.483|282|341|0.8270000000000001|84|236|320|255|158|45|186|1590|cheniph01
bingda01|3|Dave Bing|32|82||2945|497|1113|0.447|332|422|0.787|94|143|237|492|118|23|262|1326|bingda01
unselwe01|4|Wes Unseld|29|78||2922|318|567|0.561|114|195|0.585|271|765|1036|404|84|59|203|750|unselwe01
robintr01|5|Truck Robinson|24|82||2055|354|779|0.45399999999999996|211|314|0.672|139|418|557|113|42|107|239|919|robintr01
riordmi01|6|Mike Riordan|30|78||1943|291|662|0.44|71|96|0.74|44|143|187|122|54|13|201|653|riordmi01
jonesji01|7|Jimmy Jones|31|64||1133|153|308|0.49700000000000005|72|94|0.7659999999999999|32|99|131|120|33|5|127|378|jonesji01
weathni01|8|Nick Weatherspoon|25|64||1083|218|458|0.47600000000000003|96|137|0.701|85|189|274|55|46|16|172|532|weathni01
haskicl01|9|Clem Haskins|32|55||737|148|269|0.55|54|65|0.831|12|42|54|73|23|8|79|350|haskicl01
kozelto01|10|Tom Kozelko|24|67||584|48|99|0.485|19|30|0.633|19|63|82|33|19|4|74|115|kozelto01
greveke01|11|Kevin Grevey|22|56||504|79|213|0.371|52|58|0.897|24|36|60|27|13|3|65|210|greveke01
kroppto01|12|Tom Kropp|22|25||72|7|30|0.233|5|6|0.833|5|10|15|8|2|0|20|19|kroppto01
