|Season|Age|Tm|Lg|Pos|G|MP|FG%|Dist.|% of 2PA|% of 0-3|% of 3-10|% of 10-16|% of 16-3pt|% of 3P|2P %FG|0-3 %FG|3-10 %FG|10-16 %FG|16-3pt%FG|3P %FG|2P % Assisted|% of Dunks|Dunks Made|3P % Assisted|% of 3PA from Corner|Corner 3 %FG |Heaves Attempted|Heaves Made
0|2000-01|26.0|DET|NBA|PG|81.0|2363.0|0.39899999999999997|17.1|0.644|0.162|0.051|0.105|0.326|0.35600000000000004|0.423|0.526|0.245|0.32|0.43200000000000005|0.35700000000000004|0.371|0.0|0.0|0.884|0.218|0.419|2.0|0.0
1|2001-02|27.0|DET|NBA|PG|79.0|2285.0|0.466|16.4|0.575|0.24600000000000002|0.039|0.067|0.223|0.425|0.507|0.562|0.419|0.358|0.506|0.41100000000000003|0.335|0.0|0.0|0.9490000000000001|0.295|0.434|4.0|1.0
2|2002-03|28.0|DET|NBA|PG|65.0|1398.0|0.361|18.7|0.48|0.161|0.054000000000000006|0.040999999999999995|0.22399999999999998|0.52|0.368|0.45299999999999996|0.24|0.21100000000000002|0.365|0.355|0.402|0.0|0.0|0.907|0.314|0.355|4.0|0.0
4|2003-04|29.0|DET|NBA|PG|40.0|751.0|0.374|19.9|0.447|0.14|0.017|0.06|0.23|0.5529999999999999|0.43799999999999994|0.455|0.5|0.28600000000000003|0.46299999999999997|0.32299999999999995|0.413|0.0|0.0|0.738|0.223|0.31|3.0|0.0
5|2003-04|29.0|BOS|NBA|PG|24.0|793.0|0.418|16.7|0.5539999999999999|0.22899999999999998|0.068|0.048|0.209|0.446|0.47100000000000003|0.509|0.235|0.5|0.5|0.35100000000000003|0.24600000000000002|0.0|0.0|0.769|0.198|0.364|1.0|0.0
6|2004-05|30.0|LAL|NBA|PG|82.0|2903.0|0.426|18.1|0.5|0.187|0.043|0.054000000000000006|0.21600000000000003|0.5|0.466|0.5760000000000001|0.41|0.34700000000000003|0.41100000000000003|0.387|0.344|0.0|0.0|0.903|0.218|0.354|9.0|0.0
8|2005-06|31.0|WAS|NBA|SG|28.0|552.0|0.379|18.8|0.47100000000000003|0.14400000000000002|0.08|0.023|0.22399999999999998|0.529|0.402|0.64|0.214|0.0|0.359|0.359|0.39399999999999996|0.0|0.0|0.6970000000000001|0.25|0.478|1.0|0.0
9|2005-06|31.0|MEM|NBA|PG|43.0|1161.0|0.401|17.1|0.544|0.20600000000000002|0.068|0.045|0.226|0.456|0.442|0.5|0.259|0.33299999999999996|0.467|0.35200000000000004|0.156|0.0|0.0|0.7659999999999999|0.121|0.273|2.0|0.0
10|2006-07|32.0|MEM|NBA|PG|75.0|2064.0|0.434|15.5|0.5720000000000001|0.29100000000000004|0.059000000000000004|0.059000000000000004|0.16399999999999998|0.428|0.474|0.524|0.35700000000000004|0.452|0.436|0.379|0.113|0.0|0.0|0.767|0.17|0.5|4.0|0.0
11|2007-08|33.0|DEN|NBA|SG|24.0|352.0|0.344|20.5|0.35200000000000004|0.14800000000000002|0.008|0.040999999999999995|0.156|0.648|0.395|0.5|0.0|0.4|0.316|0.316|0.353|0.0|0.0|0.92|0.152|0.583|3.0|0.0
13|2008-09|34.0|DEN|NBA|PG|14.0|115.0|0.33299999999999996|22.3|0.37|0.037000000000000005|0.0|0.0|0.33299999999999996|0.63|0.4|1.0|||0.33299999999999996|0.294|0.75|0.0|0.0|0.8|0.235|0.5|0.0|0.0
14|2008-09|34.0|OKC|NBA|PG|19.0|297.0|0.29100000000000004|18.6|0.535|0.174|0.023|0.035|0.302|0.465|0.326|0.267|0.0|0.0|0.423|0.25|0.6|0.0|0.0|0.9|0.15|0.16699999999999998|1.0|0.0
15|2009-10|35.0|DET|NBA|PG|40.0|644.0|0.363|18.5|0.535|0.166|0.025|0.038|0.306|0.465|0.41700000000000004|0.5379999999999999|0.25|0.33299999999999996|0.375|0.301|0.314|0.0|0.0|0.818|0.28800000000000003|0.33299999999999996|1.0|0.0
