player_id|Rk|Unnamed: 1|Age|G|GS|MP|FG|FGA|FG%|FT|FTA|FT%|TRB|AST|PF|PTS/G|player_id
arizipa01|1|Paul Arizin|23|66||44.5|8.3|18.5|0.44799999999999995|8.8|10.7|0.818|11.3|2.6|3.8|25.4|arizipa01
phillan01|2|Andy Phillip|29|66||44.4|4.2|11.5|0.366|3.5|4.7|0.753|6.6|8.2|3.3|12.0|phillan01
senesge01|3|George Senesky|29|57||33.8|2.9|8.0|0.361|2.6|3.4|0.753|4.1|4.9|2.2|8.3|senesge01
fulksjo01|4|Joe Fulks|30|61||31.2|5.5|17.7|0.312|4.1|5.0|0.825|6.0|2.0|4.2|15.1|fulksjo01
mikaned01|5|Ed Mikan|26|66||27.0|3.1|8.7|0.354|1.8|2.2|0.784|7.5|1.3|3.8|7.9|mikaned01
bobbne01|6|Nelson Bobb|27|62||19.2|1.8|4.9|0.359|1.6|2.7|0.593|2.4|2.7|2.9|5.1|bobbne01
gardnve01|7|Vern Gardner|26|27||18.8|2.7|7.2|0.371|0.6|0.9|0.652|4.1|1.4|2.2|5.9|gardnve01
budkowa01|8|Walt Budko|26|63||17.9|1.5|3.8|0.40399999999999997|1.0|1.4|0.674|3.7|1.4|3.1|4.0|budkowa01
johnsne01|9|Neil Johnston|22|64||15.5|2.2|4.7|0.47200000000000003|1.6|2.4|0.662|5.3|0.6|2.4|6.0|johnsne01
paytome01|10|Mel Payton|25|45||10.5|1.2|3.1|0.386|0.5|0.6|0.75|1.8|1.0|1.5|2.9|paytome01
brownst01|11|Stan Brown|22|15||9.4|1.5|4.2|0.349|0.7|1.2|0.556|1.1|0.6|2.1|3.6|brownst01
dahleed01|12|Ed Dahler|26|14||8.0|1.0|2.7|0.368|0.5|0.5|1.0|1.6|0.4|1.1|2.5|dahleed01
