|Season|Age|Tm|Lg|MP|FG|FGA|3P|3PA|2P|2PA|FT|FTA|ORB|DRB|TRB|AST|STL|BLK|TOV|PF|PTS|GmSc
0|1977-78|21.0|NJN|NBA||20||||||12|17|||||||||44|
1|1978-79|22.0|NJN|NBA||18||||||13|18|||||||||41|
2|1979-80|23.0|UTA|NBA||10||0.0||||7|9|||||||||24|
3|1980-81|24.0|GSW|NBA||20||1.0||||11|12|||||||||50|
4|1981-82|25.0|GSW|NBA||17||1.0||||17|21|||||||||45|
5|1982-83|26.0|NYK|NBA||19|30.0|0.0||19.0||11|16|||11.0||||||43|
6|1983-84|27.0|NYK|NBA||20|31.0|0.0|1.0|20.0|31.0|14|18|5.0|10.0|11.0|8.0|4.0||7.0|6.0|50|
7|1984-85|28.0|NYK|NBA||19|33.0|1.0|1.0|19.0|32.0|22|26|7.0|9.0|12.0|13.0|6.0|2.0|9.0|6.0|60|44.9
8|1986-87|30.0|NYK|NBA||13|24.0|0.0|0.0|13.0|24.0|9|12|3.0|5.0|8.0|4.0|1.0|0.0|4.0|4.0|31|21.4
9|1987-88|31.0|WSB|NBA||15|28.0|1.0|1.0|15.0|28.0|10|13|4.0|10.0|13.0|9.0|4.0|2.0|10.0|6.0|34|24.3
10|1988-89|32.0|WSB|NBA||18|28.0|1.0|4.0|18.0|28.0|18|20|7.0|11.0|12.0|9.0|4.0|2.0|9.0|6.0|43|32.7
11|1989-90|33.0|WSB|NBA||19|29.0|1.0|2.0|19.0|29.0|15|16|6.0|12.0|13.0|14.0|3.0|1.0|7.0|6.0|42|31.4
12|1990-91|34.0|WSB|NBA||20|38.0|2.0|4.0|20.0|36.0|16|21|5.0|8.0|12.0|10.0|4.0|1.0|8.0|6.0|52|39.1
13|1992-93|36.0|NJN|NBA||10|14.0|2.0|2.0|10.0|13.0|12|13|4.0|4.0|7.0|3.0|4.0|1.0|2.0|5.0|24|20.1
