player_id|Rk|Unnamed: 1|Age|G|GS|MP|FG|FGA|FG%|3P|3PA|3P%|2P|2PA|2P%|FT|FTA|FT%|ORB|DRB|TRB|AST|STL|BLK|TOV|PF|PTS|player_id
wilkido01|1|Dominique Wilkins|26|78|78|3049|10.5|22.4|0.46799999999999997|0.2|0.8|0.18600000000000003|10.3|21.6|0.479|6.8|8.3|0.818|3.1|4.2|7.3|2.4|1.6|0.6|3.0|2.0|27.9|wilkido01
wittmra01|2|Randy Wittman|26|81|79|2760|6.1|11.5|0.53|0.1|0.2|0.313|6.0|11.3|0.534|1.4|1.8|0.77|0.7|1.6|2.2|4.0|1.1|0.2|1.5|1.5|13.6|wittmra01
willike02|3|Kevin Willis|23|82|59|2300|6.6|12.7|0.517|0.0|0.1|0.0|6.6|12.6|0.52|2.7|4.1|0.654|3.8|7.2|11.0|0.7|1.0|0.7|2.8|4.6|15.8|willike02
levincl01|4|Cliff Levingston|25|81|35|1945|5.4|10.2|0.534|0.0|0.0|0.0|5.4|10.2|0.535|3.0|4.5|0.6779999999999999|3.6|6.3|9.9|1.3|1.4|0.7|2.1|4.8|13.9|levincl01
rollitr01|5|Tree Rollins|30|74|61|1781|3.5|7.0|0.499|0.0|0.0|0.0|3.5|7.0|0.5|1.4|1.8|0.767|2.6|6.6|9.3|0.8|0.8|3.4|1.8|4.8|8.4|rollitr01
koncajo01|6|Jon Koncak|22|82|15|1695|5.6|11.0|0.507|0.0|0.0|0.0|5.6|11.0|0.508|3.3|5.5|0.607|3.6|6.3|9.9|1.2|0.8|1.5|2.4|6.3|14.5|koncajo01
riverdo01|7|Doc Rivers|24|53|50|1571|5.0|10.6|0.474|0.0|0.4|0.0|5.0|10.3|0.491|3.9|6.5|0.608|1.1|2.6|3.7|10.2|2.7|0.3|3.2|4.2|14.0|riverdo01
webbsp01|8|Spud Webb|22|79|8|1229|5.8|12.1|0.483|0.1|0.3|0.182|5.8|11.7|0.491|6.3|8.1|0.785|0.8|2.8|3.6|9.9|2.4|0.1|4.7|4.8|18.0|webbsp01
johnsed02|9|Eddie Johnson|30|39|5|862|6.5|13.7|0.473|0.2|0.8|0.25|6.3|12.9|0.48700000000000004|3.3|4.6|0.718|0.7|2.4|3.1|9.1|0.4|0.0|3.8|3.0|16.5|johnsed02
hastisc01|10|Scott Hastings|25|62|0|650|3.6|8.8|0.409|0.2|0.2|0.75|3.4|8.6|0.4|3.3|3.9|0.857|2.4|4.4|6.9|1.4|0.8|0.4|2.2|6.5|10.7|hastisc01
battljo01|11|John Battle|23|64|0|639|5.7|12.5|0.455|0.0|0.4|0.0|5.7|12.1|0.47|4.2|5.8|0.728|0.7|2.8|3.5|4.2|1.3|0.2|2.6|4.5|15.6|battljo01
davisjo01|12|Johnny Davis|30|27|7|402|4.1|9.6|0.43|0.1|0.2|0.5|4.0|9.4|0.429|4.6|5.3|0.8640000000000001|0.2|1.5|1.7|10.0|1.2|0.0|3.4|2.9|12.9|davisjo01
willira01|13|Ray Williams|31|19|13|367|5.6|14.0|0.39899999999999997|0.4|1.1|0.364|5.2|12.9|0.402|4.0|4.7|0.8540000000000001|1.9|2.6|4.4|6.6|2.7|0.1|4.0|4.7|15.6|willira01
charllo01|14|Lorenzo Charles|22|36|0|273|6.5|11.6|0.557|0.0|0.0||6.5|11.6|0.557|3.2|4.7|0.667|1.7|3.4|5.1|1.1|0.3|0.8|2.4|4.9|16.1|charllo01
carran01|15|Antoine Carr|24|17|0|258|6.8|13.0|0.527|0.0|0.0||6.8|13.0|0.527|2.5|3.8|0.667|2.2|5.0|7.3|2.0|1.0|2.1|2.0|7.1|16.2|carran01
toneyse01|16|Sedric Toney|23|3|0|24|3.0|10.5|0.28600000000000003|0.0|0.0||3.0|10.5|0.28600000000000003|1.5|1.5|1.0|0.0|3.0|3.0|0.0|1.5|0.0|4.5|9.0|7.5|toneyse01
