player_id|Rk|Unnamed: 1|Age|G|GS|MP|FG|FGA|FG%|3P|3PA|3P%|2P|2PA|2P%|eFG%|FT|FTA|FT%|ORB|DRB|TRB|AST|STL|BLK|TOV|PF|PTS|player_id
wilkido01|1|Dominique Wilkins|26|78|78|3049|888|1897|0.46799999999999997|13|70|0.18600000000000003|875|1827|0.479|0.47200000000000003|577|705|0.818|261|357|618|206|138|49|251|170|2366|wilkido01
wittmra01|2|Randy Wittman|26|81|79|2760|467|881|0.53|5|16|0.313|462|865|0.534|0.5329999999999999|104|135|0.77|51|119|170|306|81|14|114|118|1043|wittmra01
willike02|3|Kevin Willis|23|82|59|2300|419|811|0.517|0|6|0.0|419|805|0.52|0.517|172|263|0.654|243|461|704|45|66|44|177|294|1010|willike02
levincl01|4|Cliff Levingston|25|81|35|1945|294|551|0.534|0|1|0.0|294|550|0.535|0.534|164|242|0.6779999999999999|193|341|534|72|76|39|113|260|752|levincl01
rollitr01|5|Tree Rollins|30|74|61|1781|173|347|0.499|0|1|0.0|173|346|0.5|0.499|69|90|0.767|131|327|458|41|38|167|91|239|415|rollitr01
koncajo01|6|Jon Koncak|22|82|15|1695|263|519|0.507|0|1|0.0|263|518|0.508|0.507|156|257|0.607|171|296|467|55|37|69|111|296|682|koncajo01
riverdo01|7|Doc Rivers|24|53|50|1571|220|464|0.474|0|16|0.0|220|448|0.491|0.474|172|283|0.608|49|113|162|443|120|13|141|185|612|riverdo01
webbsp01|8|Spud Webb|22|79|8|1229|199|412|0.483|2|11|0.182|197|401|0.491|0.485|216|275|0.785|27|96|123|337|82|5|159|164|616|webbsp01
johnsed02|9|Eddie Johnson|30|39|5|862|155|328|0.473|5|20|0.25|150|308|0.48700000000000004|0.48|79|110|0.718|17|58|75|219|10|1|90|72|394|johnsed02
hastisc01|10|Scott Hastings|25|62|0|650|65|159|0.409|3|4|0.75|62|155|0.4|0.418|60|70|0.857|44|80|124|26|14|8|40|118|193|hastisc01
battljo01|11|John Battle|23|64|0|639|101|222|0.455|0|7|0.0|101|215|0.47|0.455|75|103|0.728|12|50|62|74|23|3|47|80|277|battljo01
davisjo01|12|Johnny Davis|30|27|7|402|46|107|0.43|1|2|0.5|45|105|0.429|0.435|51|59|0.8640000000000001|2|17|19|112|13|0|38|32|144|davisjo01
willira01|13|Ray Williams|31|19|13|367|57|143|0.39899999999999997|4|11|0.364|53|132|0.402|0.413|41|48|0.8540000000000001|19|26|45|67|28|1|41|48|159|willira01
charllo01|14|Lorenzo Charles|22|36|0|273|49|88|0.557|0|0||49|88|0.557|0.557|24|36|0.667|13|26|39|8|2|6|18|37|122|charllo01
carran01|15|Antoine Carr|24|17|0|258|49|93|0.527|0|0||49|93|0.527|0.527|18|27|0.667|16|36|52|14|7|15|14|51|116|carran01
toneyse01|16|Sedric Toney|23|3|0|24|2|7|0.28600000000000003|0|0||2|7|0.28600000000000003|0.28600000000000003|1|1|1.0|0|2|2|0|1|0|3|6|5|toneyse01
