|Season|Age|Tm|Lg|Pos|G|MP|PER|TS%|3PAr|FTr|ORB%|DRB%|TRB%|AST%|STL%|BLK%|TOV%|USG%|OWS|DWS|WS|WS/48|OBPM|DBPM|BPM|VORP
0|1996-97|20.0|BOS|NBA|PF|82.0|2970.0|15.5|0.474|0.11699999999999999|0.27|10.4|19.0|14.4|15.3|1.8|1.3|13.2|25.2|0.0|1.7|1.7|0.027000000000000003|-0.7|-0.3|-1.0|0.8
1|1997-98|21.0|BOS|NBA|PF|82.0|3268.0|17.8|0.48100000000000004|0.171|0.27699999999999997|9.0|22.3|15.1|15.4|2.2|1.4|13.2|29.2|0.8|4.0|4.7|0.07|0.4|0.3|0.7|2.2
2|1998-99|22.0|BOS|NBA|PF|42.0|1549.0|17.0|0.47600000000000003|0.239|0.275|7.5|18.9|13.0|15.2|2.1|1.3|12.6|27.2|0.6|1.9|2.6|0.079|0.9|0.0|1.0|1.2
3|1999-00|23.0|BOS|NBA|PF|82.0|3003.0|17.8|0.494|0.18899999999999997|0.295|7.2|18.2|12.4|18.2|2.0|0.8|13.2|28.3|2.3|2.7|5.0|0.08|1.4|-0.2|1.2|2.4
4|2000-01|24.0|BOS|NBA|PF|81.0|3396.0|18.9|0.505|0.35100000000000003|0.20199999999999999|5.0|20.4|12.3|26.8|2.1|1.1|13.8|29.1|2.7|3.8|6.6|0.09300000000000001|3.2|0.6|3.9|5.0
5|2001-02|25.0|BOS|NBA|PF|81.0|3406.0|17.1|0.49|0.382|0.192|4.7|18.6|11.5|22.8|1.9|0.9|12.1|27.8|1.5|5.2|6.7|0.094|1.8|1.2|3.0|4.3
6|2002-03|26.0|BOS|NBA|PF|78.0|3235.0|14.6|0.467|0.375|0.184|3.4|16.7|9.9|23.3|1.9|0.8|13.4|27.9|-1.6|4.2|2.6|0.039|0.0|0.4|0.3|1.9
7|2003-04|27.0|DAL|NBA|PF|82.0|2840.0|15.8|0.475|0.27|0.165|7.4|19.1|13.1|19.4|1.2|1.7|14.3|21.8|2.4|1.5|3.9|0.066|1.4|0.3|1.7|2.6
9|2004-05|28.0|ATL|NBA|PF|53.0|2128.0|15.5|0.474|0.265|0.29|6.6|21.4|13.6|16.8|1.6|1.2|13.8|27.9|-1.1|1.3|0.2|0.004|0.1|-0.7|-0.7|0.7
10|2004-05|28.0|BOS|NBA|PF|24.0|827.0|15.4|0.49|0.201|0.217|8.1|19.6|14.0|15.0|1.6|2.4|14.9|25.5|-0.3|1.0|0.7|0.040999999999999995|-0.6|0.7|0.1|0.4
11|2005-06|29.0|MIA|NBA|PF|82.0|2199.0|14.4|0.524|0.42700000000000005|0.14400000000000002|5.8|16.3|11.3|12.8|1.1|1.0|13.6|23.2|1.1|2.5|3.6|0.08|0.6|-0.6|0.0|1.1
12|2006-07|30.0|MIA|NBA|PF|78.0|1818.0|9.6|0.462|0.457|0.157|6.1|15.7|11.0|12.1|1.4|0.7|16.5|22.3|-2.3|2.0|-0.3|-0.006999999999999999|-2.5|-0.7|-3.1|-0.5
13|2007-08|31.0|MIN|NBA|PF|46.0|892.0|11.4|0.455|0.501|0.17600000000000002|7.1|15.0|10.9|8.0|1.9|0.7|10.2|22.8|-0.5|0.5|0.1|0.004|-0.8|-2.1|-2.9|-0.2
