|Season|Age|Tm|Lg|Pos|G|MP|PER|TS%|3PAr|FTr|ORB%|DRB%|TRB%|AST%|STL%|BLK%|TOV%|USG%|OWS|DWS|WS|WS/48|OBPM|DBPM|BPM|VORP
0|1979-80|23.0|BOS|NBA|PF|9|372|18.3|0.511|0.085|0.141|6.7|24.5|15.5|17.7|1.9|1.3|14.9|25.2|0.3|0.8|1.1|0.136|1.0|4.0|5.0|0.7
1|1980-81|24.0|BOS|NBA|PF|17|750|21.8|0.532|0.026000000000000002|0.272|7.6|26.7|17.6|20.8|2.6|1.3|15.0|23.2|1.4|1.7|3.1|0.198|3.1|5.2|8.3|2.0
2|1981-82|25.0|BOS|NBA|PF|12|490|17.9|0.474|0.028999999999999998|0.218|7.2|24.5|16.1|20.7|2.3|2.0|14.4|21.9|0.3|1.2|1.6|0.154|0.4|5.7|6.1|1.0
3|1982-83|26.0|BOS|NBA|PF|6|240|20.3|0.478|0.034|0.25|8.9|24.7|16.7|28.2|2.7|0.7|12.9|25.8|0.2|0.5|0.7|0.134|2.3|5.4|7.7|0.6
4|1983-84|27.0|BOS|NBA|PF|23|961|26.3|0.607|0.039|0.435|7.2|23.1|15.0|23.2|2.8|1.7|14.3|25.9|3.0|1.7|4.7|0.23600000000000002|6.0|4.2|10.2|2.9
5|1984-85|28.0|BOS|NBA|SF|20|815|20.9|0.536|0.059000000000000004|0.32|7.3|17.5|12.4|21.3|2.0|1.3|10.5|26.8|1.5|1.1|2.6|0.155|3.1|2.6|5.7|1.6
6|1985-86|29.0|BOS|NBA|SF|18|770|23.9|0.615|0.16899999999999998|0.32899999999999996|5.3|18.0|12.1|28.1|2.3|0.8|11.0|23.3|2.7|1.5|4.2|0.263|6.8|3.5|10.3|2.4
7|1986-87|30.0|BOS|NBA|SF|23|1015|21.8|0.5770000000000001|0.09|0.425|5.0|21.6|13.6|24.5|1.3|1.1|11.6|25.9|2.4|0.9|3.2|0.152|4.0|1.8|5.8|2.0
8|1987-88|31.0|BOS|NBA|SF|17|763|20.2|0.5379999999999999|0.095|0.33399999999999996|4.7|19.0|11.9|26.1|2.5|1.1|11.2|25.9|1.2|1.2|2.4|0.151|2.9|3.2|6.2|1.6
9|1989-90|33.0|BOS|NBA|SF|5|207|20.7|0.539|0.192|0.32299999999999995|4.4|21.7|13.6|28.8|1.2|1.4|13.7|26.7|0.4|0.0|0.4|0.10300000000000001|2.4|-0.2|2.1|0.2
10|1990-91|34.0|BOS|NBA|SF|10|396|15.8|0.49|0.138|0.336|2.4|17.6|10.4|23.7|1.7|0.5|9.8|21.4|0.3|0.4|0.6|0.078|0.7|1.5|2.2|0.4
11|1991-92|35.0|BOS|NBA|SF|4|107|16.4|0.514|0.11900000000000001|0.095|2.2|19.6|10.4|27.8|0.5|1.3|12.1|20.6|0.1|0.1|0.2|0.069|0.4|1.2|1.6|0.1
