|Season|Age|Tm|Lg|MP|FG|FGA|3P|3PA|2P|2PA|FT|FTA|ORB|DRB|TRB|AST|STL|BLK|TOV|PF|PTS|GmSc
0|1993-94|23.0|NJN|NBA||6|9|2|3|6|8|5|5|2|4|6|8|5|1|5|4|12|13.5
1|1994-95|24.0|BOS|NBA||7|16|3|7|6|12|6|7|4|5|8|12|7|1|5|5|23|19.1
2|1995-96|25.0|BOS|NBA||11|19|7|11|8|15|13|13|4|7|9|14|6|1|8|5|37|37.9
3|1996-97|26.0|BOS|NBA||15|22|7|10|12|17|10|10|6|6|8|14|6|2|6|6|34|34.9
4|1997-98|27.0|CHH|NBA||12|20|3|6|11|18|10|11|5|7|9|15|6|2|7|6|32|27.7
5|1998-99|28.0|CHH|NBA||10|20|4|9|10|17|9|10|2|9|10|13|6|2|7|6|24|25.2
6|1999-00|29.0|CHH|NBA||12|19|5|10|10|18|11|12|3|8|9|13|5|2|6|6|30|27.2
7|2000-01|30.0|CHH|NBA||13|21|4|9|12|20|11|12|3|7|9|10|6|2|6|6|32|27.5
8|2001-02|31.0|CHH|NBA||13|23|4|9|11|18|8|10|4|6|7|10|4|2|5|5|30|22.0
9|2002-03|32.0|NOH|NBA||14|24|8|10|11|18|8|12|3|6|8|9|4|2|5|5|35|27.0
10|2003-04|33.0|NOH|NBA||13|22|5|10|8|17|11|11|3|7|7|7|5|2|5|6|32|32.4
12|2004-05|34.0|NOH|NBA||9|21|4|7|7|19|7|8|2|6|7|10|4|1|5|5|23|19.6
13|2004-05|34.0|HOU|NBA||9|16|5|11|6|9|7|8|2|6|6|7|6|2|4|6|21|19.8
14|2005-06|35.0|HOU|NBA|56:29|8|16|4|9|7|13|9|11|2|8|9|8|4|1|4|6|26|21.5
15|2006-07|36.0|CLE|NBA|26:36|3|9|2|5|2|4|4|4|2|5|6|3|3|1|3|3|11|9.6
