|Season|Age|Tm|Lg|Pos|G|MP|PG%|SG%|SF%|PF%|C%|OnCourt|On-Off|BadPass|LostBall|Shoot|Off.|Shoot.1|Off..1|PGA|And1|Blkd
0|2001-02|20.0|PHI|NBA|C|34.0|177.0|0|0|0|11|89|-3.1|-5.3|3.0|5.0|14.0|5.0|5.0|0.0|10.0|0.0|5.0
1|2003-04|22.0|PHI|NBA|C|82.0|2197.0|0|0|0|0|100|-0.9|3.8|24.0|25.0|190.0|10.0|77.0|0.0|47.0|13.0|35.0
2|2004-05|23.0|PHI|NBA|C|72.0|1785.0|0|0|0|0|100|1.2|3.6|40.0|24.0|149.0|17.0|68.0|0.0|82.0|17.0|25.0
3|2005-06|24.0|PHI|NBA|C|66.0|1761.0|0|0|0|0|100|-2.3|-0.6|30.0|35.0|160.0|12.0|59.0|9.0|58.0|14.0|25.0
4|2006-07|25.0|PHI|NBA|C|82.0|2535.0|0|0|0|0|100|-0.6|7.1|49.0|39.0|156.0|31.0|113.0|15.0|135.0|32.0|32.0
5|2007-08|26.0|PHI|NBA|C|82.0|2724.0|0|0|0|0|100|-0.1|-0.9|47.0|42.0|156.0|17.0|121.0|13.0|95.0|23.0|64.0
6|2008-09|27.0|PHI|NBA|C|82.0|2036.0|0|0|0|0|100|1.4|3.0|33.0|31.0|127.0|21.0|50.0|8.0|38.0|6.0|29.0
7|2009-10|28.0|PHI|NBA|C|82.0|2124.0|0|0|0|0|100|-4.8|-0.2|33.0|29.0|143.0|16.0|58.0|7.0|143.0|7.0|25.0
8|2010-11|29.0|SAC|NBA|C|80.0|1938.0|0|0|0|33|67|-5.0|1.5|39.0|38.0|119.0|24.0|63.0|3.0|146.0|14.0|34.0
9|2011-12|30.0|HOU|NBA|C|65.0|1446.0|0|0|0|0|100|2.4|3.7|21.0|25.0|95.0|15.0|54.0|2.0|71.0|5.0|30.0
10|2012-13|31.0|MIL|NBA|C|47.0|765.0|0|0|0|0|100|-7.7|-7.2|20.0|9.0|52.0|10.0|25.0|1.0|44.0|6.0|17.0
11|2013-14|32.0|DAL|NBA|C|80.0|1614.0|0|0|0|0|100|0.6|-3.0|19.0|29.0|104.0|23.0|62.0|7.0|91.0|8.0|36.0
12|2014-15|33.0|NYK|NBA|C|32.0|544.0|0|0|0|26|74|-14.4|-4.9|17.0|12.0|34.0|7.0|10.0|1.0|63.0|2.0|6.0
