|Season|Age|Tm|Lg|Pos|G|MP|FG%|Dist.|% of 2PA|% of 0-3|% of 3-10|% of 10-16|% of 16-3pt|% of 3P|2P %FG|0-3 %FG|3-10 %FG|10-16 %FG|16-3pt%FG|3P %FG|2P % Assisted|% of Dunks|Dunks Made|3P % Assisted|% of 3PA from Corner|Corner 3 %FG |Heaves Attempted|Heaves Made
0|2001-02|20.0|PHI|NBA|C|34.0|177.0|0.44|2.8|1.0|0.7|0.22|0.08|0.0|0.0|0.44|0.514|0.364|0.0|||0.682|0.32|13.0||||0.0|0.0
1|2003-04|22.0|PHI|NBA|C|82.0|2197.0|0.541|4.1|0.998|0.591|0.20800000000000002|0.188|0.01|0.002|0.542|0.634|0.40399999999999997|0.39399999999999996|0.8|0.0|0.741|0.287|123.0||0.0||0.0|0.0
2|2004-05|23.0|PHI|NBA|C|72.0|1785.0|0.524|5.4|1.0|0.514|0.205|0.212|0.069|0.0|0.524|0.731|0.306|0.327|0.242||0.752|0.21600000000000003|100.0||||0.0|0.0
3|2005-06|24.0|PHI|NBA|C|66.0|1761.0|0.531|5.4|0.997|0.515|0.228|0.192|0.062|0.003|0.5329999999999999|0.6579999999999999|0.35700000000000004|0.451|0.391|0.0|0.7240000000000001|0.23|81.0||0.0||0.0|0.0
4|2006-07|25.0|PHI|NBA|C|82.0|2535.0|0.541|6.4|0.997|0.46799999999999997|0.188|0.242|0.099|0.003|0.5429999999999999|0.643|0.452|0.465|0.431|0.0|0.677|0.155|89.0||0.0||0.0|0.0
5|2007-08|26.0|PHI|NBA|C|82.0|2724.0|0.513|6.0|0.998|0.5329999999999999|0.138|0.203|0.126|0.002|0.514|0.642|0.33|0.425|0.313|0.0|0.664|0.23|136.0||1.0|0.0|0.0|0.0
6|2008-09|27.0|PHI|NBA|C|82.0|2036.0|0.498|5.8|0.995|0.532|0.157|0.21|0.09699999999999999|0.005|0.5|0.597|0.368|0.396|0.405|0.0|0.6709999999999999|0.212|87.0||0.5|0.0|0.0|0.0
7|2009-10|28.0|PHI|NBA|C|82.0|2124.0|0.545|5.0|1.0|0.5489999999999999|0.207|0.161|0.084|0.0|0.545|0.662|0.41700000000000004|0.369|0.43200000000000005||0.6629999999999999|0.22|108.0||||0.0|0.0
8|2010-11|29.0|SAC|NBA|C|80.0|1938.0|0.473|7.5|0.996|0.36200000000000004|0.3|0.19899999999999998|0.136|0.004|0.474|0.59|0.371|0.478|0.39|0.0|0.575|0.113|57.0||0.0||0.0|0.0
9|2011-12|30.0|HOU|NBA|C|65.0|1446.0|0.506|6.8|0.997|0.42|0.273|0.19|0.114|0.003|0.508|0.6509999999999999|0.444|0.32|0.444|0.0|0.6|0.17|59.0||0.0||1.0|0.0
10|2012-13|31.0|MIL|NBA|C|47.0|765.0|0.542|6.4|0.996|0.518|0.154|0.221|0.10300000000000001|0.004|0.54|0.6409999999999999|0.41|0.48200000000000004|0.34600000000000003|1.0|0.662|0.17|41.0|1.0|0.0||0.0|0.0
11|2013-14|32.0|DAL|NBA|C|80.0|1614.0|0.568|4.2|0.997|0.687|0.172|0.08|0.057999999999999996|0.003|0.569|0.6409999999999999|0.431|0.267|0.545|0.0|0.752|0.23600000000000002|85.0||0.0||1.0|0.0
12|2014-15|33.0|NYK|NBA|C|32.0|544.0|0.43799999999999994|7.2|1.0|0.377|0.262|0.23800000000000002|0.12300000000000001|0.0|0.43799999999999994|0.612|0.294|0.32299999999999995|0.43799999999999994||0.667|0.154|19.0||||0.0|0.0
