|Season|Age|Tm|Lg|Pos|G|MP|PG%|SG%|SF%|PF%|C%|OnCourt|On-Off|BadPass|LostBall|Shoot|Off.|Shoot.1|Off..1|PGA|And1|Blkd
0|2003-04|23.0|DAL|NBA|SF|67.0|1589.0|0|43|56|1|0|7.8|4.9|32.0|23.0|85.0|5.0|62.0|0.0|214.0|12.0|38.0
1|2004-05|24.0|DAL|NBA|SF|76.0|2446.0|0|2|84|14|0|9.0|7.4|56.0|27.0|100.0|18.0|105.0|0.0|243.0|29.0|44.0
2|2005-06|25.0|DAL|NBA|SF|59.0|1915.0|0|4|92|5|0|8.7|4.2|29.0|24.0|85.0|15.0|127.0|18.0|251.0|33.0|51.0
3|2006-07|26.0|DAL|NBA|SF|70.0|2455.0|0|13|81|7|0|10.3|5.8|44.0|43.0|97.0|15.0|142.0|35.0|286.0|39.0|26.0
4|2007-08|27.0|DAL|NBA|SF|76.0|2757.0|0|10|85|5|0|7.6|8.2|50.0|30.0|101.0|19.0|183.0|19.0|378.0|46.0|45.0
5|2008-09|28.0|DAL|NBA|SF|52.0|1663.0|0|6|94|1|0|6.5|7.0|30.0|34.0|67.0|13.0|104.0|9.0|197.0|20.0|25.0
7|2009-10|29.0|DAL|NBA|SF|31.0|827.0|0|12|88|0|0|-2.3|-6.5|17.0|11.0|51.0|10.0|51.0|6.0|101.0|7.0|12.0
8|2009-10|29.0|WAS|NBA|SF|4.0|91.0|0|5|96|0|0|21.5|27.6|1.0|1.0|7.0|1.0|9.0|2.0|10.0|2.0|1.0
9|2010-11|30.0|WAS|NBA|SF|18.0|409.0|0|19|81|0|0|-10.7|-2.9|10.0|7.0|19.0|1.0|20.0|3.0|51.0|6.0|10.0
10|2011-12|31.0|UTA|NBA|SF|43.0|991.0|0|36|64|0|0|-0.9|-2.1|16.0|25.0|47.0|9.0|38.0|2.0|109.0|6.0|16.0
11|2012-13|32.0|MIN|NBA|SF|11.0|207.0|0|9|91|0|0|-3.7|-1.6|4.0|5.0|9.0|0.0|5.0|1.0|8.0|0.0|4.0
