|Season|Age|Tm|Lg|Pos|G|GS|MP|FG|FGA|FG%|3P|3PA|3P%|2P|2PA|2P%|FT|FTA|FT%|ORB|DRB|TRB|AST|STL|BLK|TOV|PF|PTS
0|1977-78|23.0|MIL|NBA|C|69.0||1288.0|6.1|13.2|0.465||||6.1|13.2|0.465|2.6|3.9|0.652|2.5|5.8|8.2|2.8|1.9|1.5|3.3|4.9|14.9
1|1978-79|24.0|MIL|NBA|C|82.0||2132.0|7.0|13.5|0.518||||7.0|13.5|0.518|3.0|4.1|0.735|3.2|6.7|9.9|3.4|1.5|1.4|2.6|4.7|17.0
3|1979-80|25.0|MIL|NBA|C|56.0||1389.0|5.5|11.2|0.494|0.0|0.0|0.0|5.5|11.1|0.495|1.7|2.5|0.68|2.5|6.1|8.6|3.3|1.4|1.9|2.7|4.6|12.8
4|1979-80|25.0|DET|NBA|C|17.0||502.0|6.2|13.4|0.46|0.1|0.3|0.25|6.1|13.1|0.46399999999999997|2.4|3.2|0.75|2.2|6.5|8.6|3.7|1.4|1.3|3.7|4.9|14.8
5|1980-81|26.0|DET|NBA|C|59.0||1956.0|6.7|14.2|0.473|0.0|0.1|0.0|6.7|14.1|0.475|3.6|4.7|0.772|2.3|5.1|7.4|3.2|1.3|1.2|3.5|3.4|17.0
6|1981-82|27.0|DET|NBA|C|75.0|72.0|2467.0|5.9|11.7|0.505|0.0|0.2|0.273|5.9|11.5|0.508|1.9|2.3|0.804|3.2|6.3|9.5|2.3|1.0|1.4|2.3|3.1|13.7
7|1982-83|28.0|DET|NBA|C|21.0|15.0|599.0|5.1|10.9|0.467|0.0|0.1|0.0|5.1|10.9|0.47|2.3|3.0|0.76|3.2|6.1|9.3|2.9|0.8|1.0|2.1|3.7|12.5
8|1983-84|29.0|DET|NBA|C|82.0|58.0|1734.0|5.1|9.4|0.55|0.0|0.0|0.0|5.1|9.3|0.551|1.7|2.1|0.8220000000000001|2.4|6.1|8.5|2.7|1.5|1.1|1.6|4.8|12.0
9|1984-85|30.0|DET|NBA|C|72.0|35.0|1401.0|5.2|10.2|0.506|0.0|0.1|0.0|5.2|10.1|0.51|2.0|2.4|0.809|2.6|5.7|8.3|2.4|1.4|1.1|1.7|5.3|12.3
10|1985-86|31.0|DET|NBA|C|72.0|51.0|1344.0|5.4|11.1|0.484|0.0|0.1|0.5|5.4|11.1|0.484|1.8|2.2|0.795|3.2|6.9|10.1|2.1|1.6|1.4|1.6|5.2|12.6
11|1986-87|32.0|UTA|NBA|C|73.0|2.0|895.0|5.6|12.7|0.44299999999999995|0.1|0.3|0.28600000000000003|5.6|12.4|0.447|1.9|2.3|0.81|3.2|6.1|9.3|1.6|1.6|1.1|1.8|5.6|13.2
12|1987-88|33.0|CLE|NBA|C|2.0|0.0|12.0|6.0|6.0|1.0|0.0|0.0||6.0|6.0|1.0|3.0|6.0|0.5|0.0|3.0|3.0|0.0|3.0|3.0|6.0|6.0|15.0
