|Season|Age|Tm|Lg|Pos|G|GS|MP|FG|FGA|FG%|3P|3PA|3P%|2P|2PA|2P%|FT|FTA|FT%|ORB|DRB|TRB|AST|STL|BLK|TOV|PF|PTS
0|1993-94|23.0|NJN|NBA|SG|48.0|0.0|386.0|5.6|10.7|0.522|1.3|2.6|0.5|4.3|8.1|0.529|2.6|3.2|0.8240000000000001|0.6|3.0|3.5|6.6|1.4|0.3|2.8|3.8|15.1
1|1994-95|24.0|NJN|NBA|SG|80.0|30.0|1435.0|5.2|11.8|0.439|1.8|4.9|0.36200000000000004|3.4|6.8|0.495|1.0|1.3|0.769|0.5|1.9|2.3|3.0|0.9|0.4|1.8|3.4|13.1
3|1995-96|25.0|NJN|NBA|SG|11.0|0.0|87.0|5.0|13.7|0.364|1.2|5.0|0.25|3.7|8.7|0.429|2.5|2.5|1.0|0.8|2.1|2.9|4.6|1.2|0.0|2.9|1.7|13.7
4|1995-96|25.0|PHI|NBA|SG|33.0|8.0|523.0|3.4|7.9|0.426|1.3|3.7|0.35200000000000004|2.1|4.2|0.49200000000000005|2.5|3.2|0.7829999999999999|0.8|2.5|3.3|6.5|1.5|0.3|2.3|3.4|10.5
5|1996-97|26.0|PHI|NBA|SG|59.0|16.0|1041.0|5.1|11.2|0.455|2.0|5.1|0.385|3.1|6.1|0.514|1.7|2.1|0.79|0.7|3.0|3.7|3.9|1.0|0.1|2.1|2.6|13.9
7|1997-98|27.0|PHI|NBA|SG|19.0|0.0|127.0|3.1|8.2|0.379|0.9|4.0|0.214|2.3|4.3|0.5329999999999999|4.8|4.8|1.0|0.9|1.7|2.6|6.0|1.4|0.0|4.8|4.8|11.9
8|1997-98|27.0|MIA|NBA|SG|19.0|0.0|108.0|4.3|8.0|0.542|1.0|2.7|0.375|3.3|5.3|0.625|3.0|3.7|0.818|0.7|4.3|5.0|4.7|1.0|0.3|3.3|3.7|12.7
9|1998-99|28.0|MIA|NBA|SG|33.0|13.0|506.0|2.5|6.8|0.368|0.9|2.7|0.316|1.6|4.1|0.40399999999999997|1.4|1.6|0.826|0.7|2.8|3.6|4.1|0.7|0.2|2.3|4.5|7.2
10|1999-00|29.0|MIA|NBA|PG|33.0|0.0|389.0|3.5|8.4|0.418|0.5|1.9|0.25|3.1|6.6|0.465|1.1|1.5|0.75|0.7|2.6|3.3|6.0|0.6|0.0|2.7|4.1|8.6
