|Season|Age|Tm|Lg|Pos|G|MP|PER|TS%|3PAr|FTr|ORB%|DRB%|TRB%|AST%|STL%|BLK%|TOV%|USG%|OWS|DWS|WS|WS/48|OBPM|DBPM|BPM|VORP
0|1977-78|23.0|PHO|NBA|SF|81.0|2590.0|22.1|0.5770000000000001||0.312|6.2|13.2|9.6|16.5|1.9|0.4|14.3|28.5|6.7|3.4|10.1|0.187|4.7|-1.4|3.3|3.5
1|1978-79|24.0|PHO|NBA|SF|79.0|2437.0|23.0|0.606||0.3|5.1|11.8|8.5|21.1|2.7|0.6|16.0|29.0|6.3|3.1|9.4|0.184|4.7|-0.3|4.4|3.9
2|1979-80|25.0|PHO|NBA|SF|75.0|2309.0|21.3|0.608|0.003|0.313|3.6|9.2|6.5|23.6|2.3|0.5|15.4|27.0|5.5|2.8|8.3|0.17300000000000001|4.5|-1.1|3.3|3.1
3|1980-81|26.0|PHO|NBA|SG|78.0|2182.0|18.4|0.579|0.015|0.22699999999999998|3.2|6.8|5.1|21.8|2.0|0.3|15.5|25.6|4.0|3.2|7.1|0.157|3.3|-2.5|0.9|1.6
4|1981-82|27.0|PHO|NBA|SF|55.0|1182.0|18.3|0.5529999999999999|0.024|0.166|2.0|7.5|4.8|23.3|1.9|0.1|13.5|29.0|1.2|1.4|2.7|0.109|2.1|-3.4|-1.2|0.2
5|1982-83|28.0|PHO|NBA|SG|80.0|2491.0|19.1|0.5479999999999999|0.018000000000000002|0.175|2.9|5.7|4.4|25.1|2.2|0.3|11.9|25.8|4.9|3.2|8.1|0.156|3.7|-2.3|1.4|2.2
6|1983-84|29.0|PHO|NBA|SG|78.0|2546.0|18.5|0.5589999999999999|0.068|0.212|1.7|7.6|4.6|25.0|2.0|0.3|13.3|25.9|4.2|2.0|6.2|0.11800000000000001|2.2|-1.7|0.5|1.6
7|1984-85|30.0|PHO|NBA|SG|23.0|570.0|14.9|0.506|0.032|0.23600000000000002|1.2|5.7|3.5|26.8|1.5|0.0|12.8|27.9|0.2|0.4|0.6|0.05|-0.5|-3.5|-4.0|-0.3
8|1985-86|31.0|PHO|NBA|SG|70.0|2239.0|18.1|0.536|0.059000000000000004|0.237|2.9|7.4|5.2|26.5|2.0|0.1|13.4|29.2|2.5|1.7|4.2|0.091|1.7|-2.0|-0.3|1.0
9|1986-87|32.0|PHO|NBA|SG|79.0|2646.0|19.3|0.562|0.053|0.22|3.9|6.4|5.2|22.7|1.7|0.1|12.0|28.9|4.5|1.2|5.8|0.105|3.1|-2.5|0.7|1.8
10|1987-88|33.0|PHO|NBA|SF|68.0|1951.0|17.8|0.537|0.09300000000000001|0.22399999999999998|1.8|7.4|4.6|21.9|2.1|0.1|10.0|26.3|3.0|0.9|3.8|0.094|1.9|-2.5|-0.6|0.7
11|1988-89|34.0|DEN|NBA|SG|81.0|1857.0|16.7|0.544|0.064|0.185|2.2|6.5|4.2|15.3|1.7|0.2|10.2|26.7|2.1|1.4|3.5|0.092|0.6|-3.1|-2.5|-0.2
12|1989-90|35.0|DEN|NBA|SG|69.0|1635.0|18.3|0.5329999999999999|0.045|0.22|2.8|9.1|5.7|14.9|1.6|0.3|8.3|29.6|2.1|1.5|3.6|0.105|1.1|-2.5|-1.4|0.3
14|1990-91|36.0|DEN|NBA|SG|39.0|1044.0|17.1|0.514|0.049|0.141|4.3|7.1|5.6|11.7|2.5|0.2|8.2|26.0|1.2|0.1|1.3|0.061|0.9|-2.7|-1.9|0.0
15|1990-91|36.0|POR|NBA|SG|32.0|439.0|11.7|0.478|0.015|0.11800000000000001|4.8|9.7|7.3|13.3|2.0|0.0|10.9|21.3|0.1|0.5|0.6|0.071|-2.3|-0.7|-2.9|-0.1
16|1991-92|37.0|DEN|NBA|SF|46.0|741.0|16.6|0.514|0.04|0.233|2.8|7.7|5.1|16.0|1.9|0.1|9.2|26.8|1.0|0.5|1.5|0.095|-0.1|-3.0|-3.1|-0.2
