|Season|Age|Tm|Lg|MP|FG|FGA|3P|3PA|2P|2PA|FT|FTA|ORB|DRB|TRB|AST|STL|BLK|TOV|PF|PTS|GmSc
0|1977-78|23.0|PHO|NBA||17||||||13|15|||||||||40|
1|1978-79|24.0|PHO|NBA||17||||||19|21|||||||||42|
2|1979-80|25.0|PHO|NBA||16|23.0|0.0||16.0||11|12|||10.0|9.0|5.0|2.0|7.0|6.0|40|
3|1980-81|26.0|PHO|NBA||16|27.0|1.0|3.0|16.0|27.0|7|10|||5.0|8.0|4.0|2.0|8.0|6.0|32|
4|1981-82|27.0|PHO|NBA||12|22.0|1.0|2.0|12.0|22.0|6|8|||7.0|8.0|4.0|1.0|6.0|6.0|28|
5|1982-83|28.0|PHO|NBA||17|25.0|2.0|4.0|17.0|25.0|8|11|||8.0|12.0|6.0|1.0|7.0|6.0|38|
6|1983-84|29.0|PHO|NBA||19|31.0|2.0|5.0|17.0|28.0|12|14|2.0|6.0|6.0|11.0|6.0|2.0|10.0|5.0|43|33.3
7|1984-85|30.0|PHO|NBA||9|20.0|1.0|3.0|9.0|19.0|14|14|1.0|4.0|4.0|11.0|3.0|0.0|6.0|5.0|22|20.1
8|1985-86|31.0|PHO|NBA||17|32.0|3.0|6.0|17.0|31.0|15|17|6.0|7.0|8.0|11.0|5.0|1.0|8.0|6.0|43|32.6
9|1986-87|32.0|PHO|NBA||18|32.0|2.0|5.0|18.0|31.0|12|12|4.0|6.0|7.0|12.0|5.0|1.0|8.0|6.0|45|30.9
10|1987-88|33.0|PHO|NBA||14|26.0|3.0|4.0|13.0|24.0|12|13|2.0|5.0|6.0|11.0|4.0|1.0|7.0|5.0|35|33.4
11|1988-89|34.0|DEN|NBA||15|25.0|4.0|8.0|15.0|24.0|7|7|2.0|5.0|7.0|9.0|5.0|2.0|5.0|6.0|33|25.6
12|1989-90|35.0|DEN|NBA||16|24.0|1.0|4.0|16.0|23.0|9|10|4.0|6.0|8.0|8.0|5.0|2.0|5.0|6.0|36|31.4
14|1990-91|36.0|DEN|NBA||18|32.0|2.0|3.0|16.0|30.0|13|13|5.0|6.0|10.0|7.0|4.0|1.0|6.0|6.0|41|29.6
15|1990-91|36.0|POR|NBA||7|14.0|1.0|1.0|7.0|13.0|3|4|3.0|4.0|5.0|3.0|4.0|0.0|3.0|5.0|16|11.4
16|1991-92|37.0|DEN|NBA||10|20.0|1.0|2.0|10.0|18.0|6|7|2.0|5.0|5.0|6.0|3.0|1.0|4.0|5.0|20|18.8
