|Season|Age|Tm|Lg|MP|FG|FGA|3P|3PA|2P|2PA|FT|FTA|ORB|DRB|TRB|AST|STL|BLK|TOV|PF|PTS|GmSc
0|1977-78|23.0|PHO|NBA||12|21|||||7|10|||9|4|3|0.0|3|4|31|
1|1978-79|24.0|PHO|NBA||12|22|||||11|13|||10|8|5||7|5|31|
2|1979-80|25.0|PHO|NBA||12|27|0.0|1.0|12.0|26.0|8|9|||8|7|1|1.0|6|5|28|
3|1980-81|26.0|PHO|NBA||9|19|0.0|1.0|9.0|19.0|3|6|||6|4|3|1.0|6|5|20|
4|1981-82|27.0|PHO|NBA||10|21|1.0|1.0|10.0|20.0|9|9|||8|5|2|1.0|4|3|30|
5|1982-83|28.0|PHO|NBA||12|26|1.0|1.0|11.0|25.0|9|12|3.0|4.0|6|7|3|3.0|3|3|31|26.0
6|1983-84|29.0|PHO|NBA||14|28|1.0|2.0|13.0|27.0|10|11|||6|13|3|1.0|5|5|34|
7|1988-89|34.0|DEN|NBA||15|29|0.0|3.0|15.0|28.0|6|6|1.0|1.0|2|2|2|0.0|4|5|34|18.9
8|1989-90|35.0|DEN|NBA||7|19|0.0|1.0|7.0|18.0|3|3|3.0|4.0|5|4|1|0.0|2|2|15|12.4
10|1990-91|36.0|POR|NBA||7|14|0.0|1.0|7.0|13.0|2|2|3.0|3.0|4|2|2|0.0|2|2|14|10.7
