player_id|Rk|Unnamed: 1|Age|G|GS|MP|FG|FGA|FG%|FT|FTA|FT%|ORB|DRB|TRB|AST|STL|BLK|TOV|PF|PTS|Unnamed: 21|ORtg|DRtg|player_id
kingbe01|1|Bernard King|22|82||2859|10.9|20.8|0.522|5.4|9.5|0.564|3.8|6.4|10.3|4.5|1.8|0.6|5.0|5.0|27.1||102|102|kingbe01
willijo01|2|John Williamson|27|74||2451|11.4|24.4|0.465|6.7|7.8|0.8540000000000001|0.9|2.6|3.5|4.6|1.6|0.2|4.2|3.8|29.4||103|106|willijo01
jordaed01|3|Eddie Jordan|24|82||2260|7.8|18.6|0.418|4.1|5.3|0.777|1.4|2.7|4.2|7.1|3.9|0.8|4.7|4.1|19.7||93|100|jordaed01
johnsge02|4|George Johnson|30|78||2058|4.4|10.3|0.42700000000000005|2.2|2.9|0.7609999999999999|4.3|8.8|13.1|1.9|1.4|5.4|3.8|6.7|11.0||88|97|johnsge02
vanbrja01|5|Jan van Breda Kolff|27|80||1998|4.3|9.3|0.46299999999999997|3.2|4.0|0.7979999999999999|2.4|6.0|8.4|3.9|1.9|1.6|3.0|5.2|11.8||101|101|vanbrja01
basseti01|6|Tim Bassett|27|82||1508|3.4|9.1|0.371|2.6|3.8|0.679|5.1|7.1|12.1|2.9|1.3|0.8|3.0|6.4|9.3||92|102|basseti01
moneyer01|7|Eric Money|23|47||1434|9.9|20.7|0.48100000000000004|4.2|5.6|0.743|1.7|2.1|3.8|7.6|2.3|0.3|5.1|4.0|24.0||99|104|moneyer01
boynewi01|8|Winford Boynes|21|69||1176|9.5|22.2|0.43|5.0|6.3|0.787|2.2|3.5|5.8|2.8|1.6|0.3|4.4|4.4|24.0||93|105|boynewi01
washiwi01|9|Wilson Washington|23|62||1139|8.4|16.7|0.502|2.5|4.0|0.635|3.4|7.9|11.3|1.8|1.2|2.6|3.8|7.2|19.3||97|100|washiwi01
jacksph01|10|Phil Jackson|33|59||1070|5.9|12.4|0.475|3.5|4.3|0.8190000000000001|2.4|4.9|7.3|3.5|1.8|0.9|3.2|6.9|15.3||102|103|jacksph01
catchha01|11|Harvey Catchings|27|32||659|4.9|11.6|0.423|3.1|4.1|0.77|4.7|8.8|13.6|2.0|1.0|3.7|3.4|6.0|13.0||95|99|catchha01
simpsra01|12|Ralph Simpson|29|32||527|7.2|19.7|0.36700000000000005|4.0|5.9|0.6759999999999999|1.6|3.5|5.1|5.7|1.0|0.3|4.4|2.5|18.5||85|106|simpsra01
skinnal01|13|Al Skinner|26|23||334|7.2|16.4|0.44|9.4|10.8|0.878|1.6|3.9|5.5|6.4|2.9|0.3|5.0|7.0|23.9||106|102|skinnal01
elliobo01|14|Bob Elliott|23|14||282|6.4|11.3|0.562|6.4|8.7|0.732|2.5|6.2|8.7|3.4|0.9|0.6|4.0|5.3|19.1||110|104|elliobo01
