|Season|Age|Tm|Lg|Pos|G|MP|PG%|SG%|SF%|PF%|C%|OnCourt|On-Off|BadPass|LostBall|Shoot|Off.|Shoot.1|Off..1|PGA|And1|Blkd
0|2001-02|20.0|POR|NBA|PF|41.0|238.0|0|0|0|40|60|-3.3|-7.3|5.0|3.0|9.0|5.0|14.0|0.0|30.0|5.0|13.0
1|2002-03|21.0|POR|NBA|PF|77.0|1301.0|0|0|0|64|35|-4.1|-10.5|14.0|21.0|49.0|12.0|73.0|0.0|87.0|16.0|68.0
2|2003-04|22.0|POR|NBA|PF|81.0|3067.0|0|0|0|73|28|-1.3|1.2|68.0|93.0|77.0|47.0|184.0|0.0|360.0|46.0|121.0
3|2004-05|23.0|POR|NBA|PF|46.0|1603.0|0|0|0|78|22|-3.9|1.3|41.0|33.0|45.0|20.0|98.0|0.0|197.0|18.0|58.0
4|2005-06|24.0|POR|NBA|PF|74.0|2545.0|0|0|0|86|14|-10.5|1.5|49.0|54.0|70.0|31.0|146.0|12.0|341.0|39.0|92.0
5|2006-07|25.0|POR|NBA|PF|68.0|2425.0|0|0|0|85|15|-3.8|3.0|61.0|59.0|66.0|51.0|201.0|1.0|348.0|52.0|109.0
6|2007-08|26.0|NYK|NBA|C|69.0|2244.0|0|0|0|40|61|-7.1|0.6|71.0|50.0|79.0|38.0|132.0|7.0|315.0|41.0|78.0
8|2008-09|27.0|NYK|NBA|C|11.0|388.0|0|0|0|0|100|-4.3|-1.7|6.0|8.0|12.0|5.0|37.0|3.0|38.0|9.0|17.0
9|2008-09|27.0|LAC|NBA|PF|39.0|1369.0|0|0|0|72|28|-5.6|6.7|34.0|26.0|54.0|14.0|85.0|3.0|205.0|19.0|38.0
10|2009-10|28.0|MEM|NBA|PF|81.0|3051.0|0|0|0|87|13|-0.5|4.9|52.0|52.0|96.0|31.0|207.0|5.0|341.0|64.0|121.0
11|2010-11|29.0|MEM|NBA|PF|75.0|2724.0|0|0|0|75|25|4.9|7.5|52.0|45.0|68.0|29.0|167.0|4.0|366.0|48.0|109.0
12|2011-12|30.0|MEM|NBA|PF|28.0|735.0|0|0|0|85|15|8.0|7.4|18.0|8.0|22.0|7.0|40.0|1.0|114.0|10.0|22.0
13|2012-13|31.0|MEM|NBA|PF|76.0|2607.0|0|0|0|85|15|5.7|2.7|45.0|53.0|68.0|23.0|125.0|8.0|242.0|32.0|98.0
14|2013-14|32.0|MEM|NBA|PF|79.0|2705.0|0|0|0|90|10|3.2|3.5|63.0|58.0|69.0|36.0|140.0|9.0|446.0|32.0|115.0
15|2014-15|33.0|MEM|NBA|PF|71.0|2304.0|0|0|0|97|4|6.5|7.4|67.0|47.0|59.0|23.0|137.0|7.0|351.0|33.0|81.0
16|2015-16|34.0|MEM|NBA|PF|68.0|2016.0|0|0|0|63|37|-1.3|2.2|40.0|39.0|56.0|10.0|81.0|5.0|338.0|9.0|72.0
17|2016-17|35.0|MEM|NBA|PF|73.0|1786.0|0|0|1|56|43|0.4|-0.6|34.0|39.0|43.0|16.0|83.0|3.0|292.0|20.0|68.0
18|2017-18|36.0|SAC|NBA|PF|59.0|1508.0|0|0|0|83|17|-12.5|-7.9|54.0|39.0|47.0|12.0|56.0|3.0|291.0|21.0|40.0
