|Season|Age|Tm|Lg|Pos|G|MP|PG%|SG%|SF%|PF%|C%|OnCourt|On-Off|BadPass|LostBall|Shoot|Off.|Shoot.1|Off..1|PGA|And1|Blkd
0|2001-02|20.0|POR|NBA|PF|1.0|1.0|0|0|0|0|100|0.0|0.0|0.0|0.0|0.0|0.0|0.0|0.0|0.0|0.0|0.0
1|2002-03|21.0|POR|NBA|PF|7.0|205.0|0|0|1|66|34|7.5|16.5|5.0|2.0|7.0|3.0|11.0|0.0|24.0|0.0|7.0
2|2010-11|29.0|MEM|NBA|PF|13.0|515.0|0|0|0|81|19|0.5|5.4|9.0|11.0|21.0|4.0|37.0|0.0|66.0|4.0|21.0
3|2011-12|30.0|MEM|NBA|PF|7.0|248.0|0|0|0|97|3|4.2|13.9|3.0|6.0|11.0|1.0|14.0|1.0|14.0|3.0|10.0
4|2012-13|31.0|MEM|NBA|PF|15.0|554.0|0|0|0|83|17|2.5|5.1|6.0|8.0|9.0|11.0|31.0|3.0|56.0|10.0|33.0
5|2013-14|32.0|MEM|NBA|PF|6.0|234.0|0|0|0|95|5|-6.4|-2.8|2.0|6.0|5.0|1.0|20.0|1.0|30.0|5.0|14.0
6|2014-15|33.0|MEM|NBA|PF|11.0|382.0|0|0|0|94|6|-0.7|-1.6|12.0|6.0|13.0|4.0|11.0|1.0|51.0|1.0|16.0
7|2015-16|34.0|MEM|NBA|PF|4.0|120.0|0|0|0|48|52|-26.8|-6.4|1.0|6.0|5.0|0.0|3.0|0.0|16.0|0.0|15.0
8|2016-17|35.0|MEM|NBA|PF|6.0|191.0|0|0|0|78|22|-13.1|-10.2|2.0|5.0|5.0|1.0|6.0|0.0|10.0|3.0|7.0
