player_id|Rk|Unnamed: 1|Age|G|GS|MP|FG|FGA|FG%|FT|FTA|FT%|ORB|DRB|TRB|AST|STL|BLK|PF|PTS|player_id
bingda01|1|Dave Bing|30|81||3124|6.7|15.4|0.436|4.1|5.0|0.813|1.2|2.0|3.2|6.4|1.3|0.2|2.5|17.5|bingda01
laniebo01|2|Bob Lanier|25|81||3047|8.8|17.5|0.504|3.9|4.8|0.797|3.2|9.5|12.7|4.1|1.3|2.9|3.2|21.5|laniebo01
rowecu01|3|Curtis Rowe|24|82||2499|5.5|11.1|0.494|1.7|2.4|0.698|2.4|5.0|7.4|2.0|0.7|0.5|2.5|12.6|rowecu01
adamsdo01|4|Don Adams|26|74||2298|4.7|11.6|0.408|2.4|3.1|0.7609999999999999|2.1|4.9|7.0|2.2|1.7|0.2|3.8|11.9|adamsdo01
fordch01|5|Chris Ford|25|82||2059|4.6|10.4|0.444|1.0|1.3|0.74|1.9|3.4|5.3|4.9|2.6|0.2|2.8|10.2|fordch01
mengejo01|6|John Mengelt|24|77||1555|5.8|12.9|0.446|4.2|5.3|0.795|0.9|3.8|4.8|3.4|1.6|0.2|3.8|15.7|mengejo01
trappge01|7|George Trapp|25|82||1489|8.1|16.8|0.48100000000000004|2.4|3.2|0.7390000000000001|2.3|5.2|7.6|2.0|1.1|0.8|5.5|18.5|trappge01
norwowi01|8|Willie Norwood|26|74||1178|7.5|14.8|0.51|2.9|4.4|0.664|2.9|4.1|7.0|1.8|1.8|0.3|4.8|18.0|norwowi01
lantzst01|9|Stu Lantz|27|50||980|5.7|13.3|0.42700000000000005|5.1|6.0|0.848|1.2|2.9|4.2|3.6|1.4|0.1|2.9|16.4|lantzst01
davisji01|10|Jim Davis|32|78||947|4.4|10.8|0.413|3.4|5.3|0.647|3.9|7.3|11.1|3.3|1.5|1.1|6.0|12.3|davisji01
kelsobe01|11|Ben Kelso|24|46||298|4.2|11.6|0.365|1.8|2.7|0.682|1.8|1.9|3.7|2.2|1.4|0.1|5.4|10.3|kelsobe01
nashbo01|12|Bob Nash|23|35||281|5.3|14.7|0.35700000000000004|3.1|5.0|0.615|4.0|5.5|9.5|1.8|0.4|1.3|4.5|13.6|nashbo01
