|Season|Age|Tm|Lg|Pos|G|MP|PG%|SG%|SF%|PF%|C%|OnCourt|On-Off|BadPass|LostBall|Shoot|Off.|Shoot.1|Off..1|PGA|And1|Blkd
0|2000-01|26.0|SAS|NBA|SG|82.0|2859.0|0|76|24|0|0|11.7|10.3|86.0|41.0|74.0|20.0|133.0|0.0|674.0|19.0|53.0
1|2001-02|27.0|POR|NBA|SG|70.0|1860.0|17|78|5|0|0|5.5|3.6|41.0|21.0|32.0|17.0|70.0|0.0|481.0|13.0|32.0
2|2002-03|28.0|POR|NBA|PG|76.0|2556.0|53|47|0|0|0|4.3|3.9|66.0|33.0|57.0|10.0|78.0|0.0|708.0|17.0|19.0
3|2003-04|29.0|POR|NBA|SG|51.0|1810.0|1|98|1|0|0|2.2|7.1|53.0|25.0|34.0|5.0|64.0|0.0|506.0|11.0|14.0
4|2004-05|30.0|POR|NBA|SG|47.0|1239.0|0|91|9|0|0|-5.7|-1.5|41.0|16.0|35.0|6.0|31.0|0.0|318.0|7.0|10.0
6|2005-06|31.0|HOU|NBA|SG|20.0|582.0|0|45|51|3|0|-1.3|0.2|18.0|8.0|16.0|6.0|19.0|5.0|123.0|4.0|4.0
7|2005-06|31.0|MIA|NBA|SG|23.0|465.0|32|62|7|0|0|-3.0|-8.2|8.0|6.0|20.0|2.0|10.0|10.0|101.0|0.0|6.0
8|2006-07|32.0|CHA|NBA|SF|50.0|1190.0|3|40|55|2|0|1.3|7.3|30.0|13.0|37.0|7.0|34.0|13.0|299.0|12.0|7.0
9|2007-08|33.0|CHA|NBA|SG|28.0|396.0|15|75|10|0|0|-13.8|-9.8|15.0|6.0|30.0|2.0|14.0|3.0|94.0|2.0|3.0
