|Season|Age|Tm|Lg|Pos|G|GS|MP|FG|FGA|FG%|3P|3PA|3P%|2P|2PA|2P%|eFG%|FT|FTA|FT%|ORB|DRB|TRB|AST|STL|BLK|TOV|PF|PTS
0|1986-87|23.0|CHI|NBA|C|62.0|3.0|13.2|1.7|3.2|0.527|0.0|0.0||1.7|3.2|0.527|0.527|0.7|1.2|0.639|1.1|2.3|3.5|0.4|0.3|0.1|1.0|2.1|4.2
1|1987-88|24.0|CHI|NBA|C|46.0|27.0|12.8|1.7|3.8|0.44799999999999995|0.0|0.0|0.0|1.7|3.8|0.451|0.44799999999999995|0.9|1.5|0.5770000000000001|1.4|2.0|3.5|0.6|0.2|0.1|0.8|1.8|4.3
2|1988-89|25.0|UTA|NBA|C|66.0|16.0|15.9|1.6|3.8|0.419|0.0|0.0||1.6|3.8|0.419|0.419|1.4|2.0|0.708|1.4|2.5|3.9|0.6|0.4|0.3|1.2|2.0|4.5
3|1989-90|26.0|UTA|NBA|C|82.0|0.0|17.0|2.2|4.2|0.515|0.0|0.0|0.5|2.1|4.2|0.515|0.516|1.9|2.4|0.789|1.4|3.2|4.5|0.6|0.4|0.3|1.1|2.3|6.2
4|1990-91|27.0|UTA|NBA|C|82.0|2.0|17.0|1.6|3.5|0.45399999999999996|0.0|0.0||1.6|3.5|0.45399999999999996|0.45399999999999996|1.6|2.2|0.742|1.3|2.8|4.1|0.6|0.4|0.3|1.0|2.0|4.8
5|1991-92|28.0|UTA|NBA|C|82.0|1.0|21.7|2.7|6.0|0.45299999999999996|0.0|0.0|0.0|2.7|5.9|0.45399999999999996|0.45299999999999996|2.3|3.5|0.667|2.3|3.5|5.8|1.0|0.5|0.4|1.3|2.4|7.7
6|1992-93|29.0|UTA|NBA|C|82.0|21.0|18.9|2.1|5.0|0.43|0.0|0.0|0.0|2.1|5.0|0.431|0.43|1.4|2.0|0.6890000000000001|1.8|3.0|4.8|0.8|0.4|0.3|1.2|2.3|5.7
7|1993-94|30.0|MIN|NBA|C|82.0|40.0|23.4|1.4|3.2|0.42700000000000005|0.0|0.0|0.0|1.4|3.1|0.43|0.42700000000000005|0.9|1.4|0.653|1.5|4.0|5.5|0.9|0.6|0.4|0.9|2.7|3.6
8|1994-95|31.0|MIN|NBA|C|27.0|0.0|7.9|0.4|1.5|0.25|0.0|0.0|0.0|0.4|1.4|0.256|0.25|0.6|1.0|0.556|0.3|1.3|1.7|0.4|0.3|0.0|0.6|1.3|1.3
9|1995-96|32.0|PHI|NBA|C|9.0|1.0|18.0|1.0|1.8|0.563|0.0|0.0||1.0|1.8|0.563|0.563|0.9|1.9|0.47100000000000003|1.6|2.6|4.1|0.3|0.3|0.2|0.7|2.7|2.9
10|1996-97|33.0|PHO|NBA|C|6.0|1.0|13.8|0.8|2.0|0.41700000000000004|0.0|0.0||0.8|2.0|0.41700000000000004|0.41700000000000004|1.0|1.7|0.6|1.5|2.7|4.2|0.8|0.2|0.2|0.3|1.5|2.7
