|Season|Age|Tm|Lg|Pos|G|GS|MP|FG|FGA|FG%|3P|3PA|3P%|2P|2PA|2P%|FT|FTA|FT%|ORB|DRB|TRB|AST|STL|BLK|TOV|PF|PTS
0|1977-78|23.0|WSB|NBA|SF|76.0||936.0|5.5|12.8|0.425||||5.5|12.8|0.425|3.4|4.4|0.772|3.9|6.3|10.2|2.4|1.2|0.5|2.5|3.5|14.3
1|1978-79|24.0|WSB|NBA|SF|82.0||1552.0|6.0|13.0|0.465||||6.0|13.0|0.465|2.8|4.0|0.6920000000000001|3.3|7.1|10.4|2.7|1.3|0.7|2.3|3.9|14.8
2|1979-80|25.0|WSB|NBA|SF|82.0||2438.0|8.0|16.3|0.495|0.2|0.7|0.34|7.8|15.6|0.502|2.5|3.4|0.753|3.5|5.9|9.4|2.3|1.3|0.5|2.0|2.9|18.9
3|1980-81|26.0|WSB|NBA|SF|82.0||2610.0|7.6|16.4|0.46299999999999997|0.1|0.4|0.21899999999999997|7.5|15.9|0.47|2.3|2.7|0.847|2.3|5.7|8.0|2.7|1.6|0.5|1.6|2.7|17.5
4|1981-82|27.0|WSB|NBA|SF|79.0|79.0|2946.0|7.6|16.0|0.475|0.1|0.3|0.409|7.5|15.7|0.47600000000000003|2.9|3.5|0.83|1.7|6.1|7.7|3.1|1.7|0.3|1.5|2.5|18.2
5|1982-83|28.0|WSB|NBA|SF|78.0|78.0|2840.0|7.6|16.1|0.473|0.2|0.5|0.35100000000000003|7.5|15.7|0.47700000000000004|2.3|3.0|0.7809999999999999|1.6|4.9|6.4|3.3|1.7|0.3|2.0|2.2|17.8
6|1983-84|29.0|WSB|NBA|SF|82.0|82.0|2701.0|6.8|14.1|0.48100000000000004|0.0|0.2|0.133|6.8|13.9|0.486|2.2|2.8|0.7979999999999999|1.9|4.6|6.5|3.9|1.3|0.5|1.9|2.9|15.8
7|1984-85|30.0|WSB|NBA|SF|82.0|77.0|2664.0|6.3|13.2|0.48|0.2|0.6|0.304|6.1|12.6|0.488|1.6|2.0|0.795|2.0|5.1|7.2|2.8|1.4|0.4|1.4|3.0|14.5
8|1985-86|31.0|GSW|NBA|SF|75.0|14.0|1792.0|5.5|11.5|0.47700000000000004|0.3|0.7|0.486|5.1|10.7|0.47700000000000004|2.0|2.5|0.802|2.7|5.7|8.4|1.7|1.3|0.2|1.1|3.5|13.3
9|1986-87|32.0|GSW|NBA|SF|82.0|7.0|1579.0|5.7|12.9|0.44|0.3|0.9|0.375|5.3|11.9|0.445|1.6|2.1|0.747|2.3|5.5|7.8|2.5|1.1|0.3|1.6|3.8|13.2
10|1988-89|34.0|SEA|NBA|SF|2.0|0.0|15.0|2.4|19.2|0.125|0.0|2.4|0.0|2.4|16.8|0.14300000000000002|9.6|9.6|1.0|4.8|12.0|16.8|0.0|0.0|0.0|0.0|7.2|14.4
