|Season|Age|Tm|Lg|Pos|G|MP|FG%|Dist.|% of 2PA|% of 0-3|% of 3-10|% of 10-16|% of 16-3pt|% of 3P|2P %FG|0-3 %FG|3-10 %FG|10-16 %FG|16-3pt%FG|3P %FG|2P % Assisted|% of Dunks|Dunks Made|3P % Assisted|% of 3PA from Corner|Corner 3 %FG |Heaves Attempted|Heaves Made
0|2004-05|25.0|SEA|NBA|SF|29.0|520.0|0.435|12.8|0.649|0.315|0.155|0.036000000000000004|0.14300000000000002|0.35100000000000003|0.523|0.679|0.5379999999999999|0.16699999999999998|0.25|0.271|0.42100000000000004|0.077|11.0|0.938|0.254|0.2|0.0|0.0
1|2005-06|26.0|SEA|NBA|SF|82.0|1525.0|0.444|10.8|0.871|0.32|0.161|0.147|0.244|0.129|0.47200000000000003|0.727|0.314|0.281|0.358|0.25|0.531|0.06|24.0|1.0|0.48200000000000004|0.37|0.0|0.0
2|2006-07|27.0|SEA|NBA|SF|82.0|2037.0|0.435|13.0|0.797|0.271|0.115|0.125|0.287|0.203|0.442|0.632|0.348|0.413|0.312|0.41|0.5|0.051|24.0|0.8|0.39299999999999996|0.375|2.0|0.0
3|2007-08|28.0|SEA|NBA|SF|76.0|1843.0|0.40299999999999997|14.6|0.77|0.198|0.098|0.158|0.316|0.23|0.42700000000000005|0.511|0.39399999999999996|0.358|0.418|0.32299999999999995|0.42100000000000004|0.036000000000000004|21.0|0.9|0.368|0.368|1.0|0.0
4|2008-09|29.0|OKC|NBA|SG|41.0|636.0|0.36200000000000004|15.2|0.662|0.19699999999999998|0.10300000000000001|0.094|0.268|0.33799999999999997|0.355|0.47600000000000003|0.136|0.3|0.368|0.375|0.56|0.033|5.0|1.0|0.45799999999999996|0.33299999999999996|0.0|0.0
5|2009-10|30.0|MIN|NBA|SF|80.0|1585.0|0.433|12.2|0.84|0.302|0.12300000000000001|0.16|0.255|0.16|0.45899999999999996|0.635|0.319|0.39299999999999996|0.361|0.295|0.537|0.052000000000000005|18.0|0.722|0.426|0.192|3.0|1.0
6|2010-11|31.0|ATL|NBA|SF|52.0|676.0|0.504|9.4|0.927|0.409|0.168|0.146|0.204|0.073|0.528|0.589|0.478|0.5|0.46399999999999997|0.2|0.642|0.08|10.0|1.0|0.5|0.2|1.0|0.0
7|2011-12|32.0|DET|NBA|SF|60.0|922.0|0.39399999999999996|12.5|0.8809999999999999|0.233|0.15|0.212|0.285|0.11900000000000001|0.406|0.6890000000000001|0.414|0.195|0.327|0.304|0.594|0.067|11.0|0.857|0.435|0.3|1.0|0.0
8|2012-13|33.0|PHI|NBA|SG|61.0|1095.0|0.45899999999999996|12.0|0.8390000000000001|0.263|0.19|0.139|0.247|0.161|0.483|0.578|0.483|0.364|0.449|0.33299999999999996|0.617|0.051|15.0|1.0|0.47100000000000003|0.41700000000000004|1.0|0.0
9|2017-18|38.0|IND|NBA|SF|19.0|152.0|0.33299999999999996|15.1|0.5379999999999999|0.205|0.10300000000000001|0.179|0.051|0.462|0.429|0.375|0.5|0.5710000000000001|0.0|0.222|0.222|0.0|0.0|0.75|0.556|0.4|0.0|0.0
