player_id|Rk|Unnamed: 1|Age|G|GS|MP|FG|FGA|FG%|FT|FTA|FT%|TRB|AST|PF|PTS|player_id
debusda01|1|Dave DeBusschere|24|79||2769|6.6|15.5|0.425|4.0|5.7|0.7|11.4|3.3|3.1|17.2|debusda01
hardire01|2|Reggie Harding|22|78||2699|5.4|13.2|0.41|1.7|2.8|0.612|12.1|2.4|3.4|12.5|hardire01
dischte01|3|Terry Dischinger|24|80||2698|7.6|15.4|0.493|4.3|5.7|0.755|6.4|2.6|3.4|19.4|dischte01
scottra01|4|Ray Scott|26|66||2167|6.7|18.1|0.368|3.7|5.2|0.701|10.5|4.0|3.5|17.0|scottra01
milesed01|5|Eddie Miles|24|76||2074|7.6|17.3|0.442|2.9|3.9|0.7440000000000001|4.5|2.7|3.5|18.1|milesed01
thornro01|6|Rod Thorn|23|74||1770|6.5|15.3|0.42700000000000005|3.6|4.9|0.7240000000000001|5.4|3.3|2.5|16.6|thornro01
caldwjo01|7|Joe Caldwell|23|66||1543|6.8|18.1|0.374|3.0|4.9|0.614|10.3|2.8|4.0|16.5|caldwjo01
butchdo01|8|Donnie Butcher|28|71||1157|4.4|11.0|0.405|3.9|6.3|0.618|6.2|3.8|5.7|12.8|butchdo01
kojisdo01|9|Don Kojis|26|65||836|7.8|17.9|0.433|2.7|4.2|0.633|10.5|2.7|5.0|18.2|kojisdo01
reedhu01|10|Hub Reed|28|62||753|4.0|10.6|0.38|1.9|2.8|0.69|9.8|1.8|6.5|9.9|reedhu01
morelja01|11|Jackie Moreland|26|54||732|5.1|14.6|0.348|3.2|5.1|0.635|9.0|3.4|7.4|13.4|morelja01
joneswi01|12|Willie Jones|28|12||101|7.5|18.5|0.40399999999999997|0.7|2.1|0.33299999999999996|3.6|2.5|4.6|15.7|joneswi01
duffybo02|13|Bob Duffy|24|4||26|5.5|15.2|0.364|8.3|9.7|0.857|5.5|6.9|5.5|19.4|duffybo02
