player_id|Rk|Unnamed: 1|Age|G|GS|MP|FG|FGA|FG%|3P|3PA|3P%|2P|2PA|2P%|eFG%|FT|FTA|FT%|ORB|DRB|TRB|AST|STL|BLK|TOV|PF|PTS|player_id
mullich01|1|Chris Mullin|28|81|81|3346|830|1584|0.524|64|175|0.366|766|1409|0.544|0.544|350|420|0.833|127|323|450|286|173|62|202|171|2074|mullich01
hardati01|2|Tim Hardaway|25|81|81|3332|734|1592|0.461|127|376|0.33799999999999997|607|1216|0.499|0.501|298|389|0.7659999999999999|81|229|310|807|164|13|267|208|1893|hardati01
owensbi01|3|Billy Owens|22|80|77|2510|468|891|0.525|1|9|0.111|467|882|0.529|0.526|204|312|0.654|243|396|639|188|90|65|179|276|1141|owensbi01
marcisa01|4|Šarūnas Marčiulionis|27|72|5|2117|491|912|0.5379999999999999|3|10|0.3|488|902|0.541|0.54|376|477|0.7879999999999999|68|140|208|243|116|10|193|237|1361|marcisa01
hillty01|5|Tyrone Hill|23|82|75|1886|254|487|0.522|0|1|0.0|254|486|0.523|0.522|163|235|0.6940000000000001|182|411|593|47|73|43|106|315|671|hillty01
eliema01|6|Mario Elie|28|79|32|1677|221|424|0.521|23|70|0.32899999999999996|198|354|0.5589999999999999|0.5479999999999999|155|182|0.852|69|158|227|174|68|15|83|159|620|eliema01
askewvi01|7|Vincent Askew|25|80|10|1496|193|379|0.509|1|10|0.1|192|369|0.52|0.511|111|160|0.6940000000000001|89|144|233|188|47|23|84|128|498|askewvi01
alexavi01|8|Victor Alexander|22|80|28|1350|243|459|0.529|0|1|0.0|243|458|0.531|0.529|103|149|0.691|106|230|336|32|45|62|91|176|589|alexavi01
gatlich01|9|Chris Gatling|24|54|1|612|117|206|0.568|0|4|0.0|117|202|0.579|0.568|72|109|0.6609999999999999|75|107|182|16|31|36|44|101|306|gatlich01
higgiro01|10|Rod Higgins|32|25|6|535|87|211|0.41200000000000003|33|95|0.34700000000000003|54|116|0.466|0.491|48|59|0.8140000000000001|30|55|85|22|15|13|15|75|255|higgiro01
tolbeto01|11|Tom Tolbert|26|35|0|310|33|86|0.384|2|8|0.25|31|78|0.397|0.395|22|40|0.55|14|41|55|21|10|6|20|73|90|tolbeto01
listeal01|12|Alton Lister|33|26|12|293|44|79|0.557|0|0||44|79|0.557|0.557|14|33|0.424|21|71|92|14|5|16|20|61|102|listeal01
peterji01|13|Jim Petersen|29|27|2|169|18|40|0.45|0|2|0.0|18|38|0.474|0.45|7|10|0.7|12|33|45|9|5|6|5|35|43|peterji01
buechju01|14|Jud Buechler|23|15|0|121|10|33|0.303|0|1|0.0|10|32|0.313|0.303|9|12|0.75|10|18|28|10|9|3|7|11|29|buechju01
jacksja01|15|Jaren Jackson|24|5|0|54|11|23|0.478|0|0||11|23|0.478|0.478|4|6|0.667|5|5|10|3|2|0|4|7|26|jacksja01
battlke01|16|Kenny Battle|27|8|0|46|8|13|0.615|0|1|0.0|8|12|0.667|0.615|2|4|0.5|1|6|7|4|1|2|2|6|18|battlke01
masseto01|17|Tony Massenburg|24|7|0|22|5|8|0.625|0|0||5|8|0.625|0.625|6|9|0.667|4|8|12|0|0|0|3|10|16|masseto01
smrekmi01|18|Mike Smrek|29|2|0|3|0|0||0|0||0|0|||0|0||0|1|1|0|0|0|0|0|0|smrekmi01
thompbi01|19|Billy Thompson|28|1|0|1|0|0||0|0||0|0|||0|0||0|0|0|0|0|0|0|0|0|thompbi01
