player_id|Rk|Unnamed: 1|Age|G|GS|MP|FG|FGA|FG%|FT|FTA|FT%|TRB|AST|PF|PTS|player_id
roberos01|1|Oscar Robertson|30|79||3461|656|1351|0.486|643|767|0.838|502|772|231|1955|roberos01
lucasje01|2|Jerry Lucas|28|74||3075|555|1007|0.551|247|327|0.755|1360|306|206|1357|lucasje01
vanarto01|3|Tom Van Arsdale|25|77||3059|547|1233|0.444|398|533|0.747|356|208|300|1492|vanarto01
dierkco01|4|Connie Dierking|32|82||2540|546|1232|0.44299999999999995|243|319|0.762|739|222|305|1335|dierkco01
tresvjo01|5|John Tresvant|29|51||1681|239|531|0.45|130|223|0.583|419|103|193|608|tresvjo01
smithad01|6|Adrian Smith|32|73||1336|243|562|0.43200000000000005|217|269|0.807|105|127|166|703|smithad01
weslewa01|7|Walt Wesley|24|82||1334|245|534|0.45899999999999996|134|207|0.647|403|47|191|624|weslewa01
dinwibi01|8|Bill Dinwiddie|25|69||1028|124|352|0.35200000000000004|45|87|0.517|242|55|146|293|dinwibi01
hetzefr01|9|Fred Hetzel|26|31||685|140|287|0.488|88|105|0.838|140|29|94|368|hetzefr01
tuckeal01|10|Al Tucker|25|28||626|126|265|0.475|49|73|0.6709999999999999|122|19|75|301|tuckeal01
fostefr01|11|Fred Foster|22|56||497|74|193|0.38299999999999995|43|66|0.652|61|36|49|191|fostefr01
frinkpa01|12|Pat Frink|23|48||363|50|147|0.34|23|29|0.7929999999999999|41|55|54|123|frinkpa01
abdulza01|13|Zaid Abdul-Aziz|22|20||108|18|43|0.419|2|7|0.28600000000000003|31|4|17|38|abdulza01
simsdo01|14|Doug Sims|25|4||12|2|5|0.4|0|0||4|0|4|4|simsdo01
