|Season|Age|Tm|Lg|MP|FG|FGA|3P|3PA|2P|2PA|FT|FTA|ORB|DRB|TRB|AST|STL|BLK|TOV|PF|PTS|GmSc
0|1991-92|24.0|SEA|NBA||5|8|0|0|5|8|8|8|5|3|6|2|1|2|3|3|14|12.5
1|1992-93|25.0|SAC|NBA||7|15|0|1|7|15|5|6|6|6|9|3|1|1|3|3|19|15.9
3|1993-94|26.0|CHH|NBA||8|10|0|1|8|10|7|8|5|8|13|5|2|2|4|6|17|20.6
4|1993-94|26.0|WSB|NBA||6|9|0|1|6|9|4|4|6|6|10|4|1|1|2|5|16|18.8
5|1994-95|27.0|MIL|NBA||10|16|2|2|10|16|8|13|7|8|12|5|3|3|4|6|22|19.3
6|1995-96|28.0|MIL|NBA||6|11|1|3|6|10|8|9|4|9|10|8|2|2|5|6|18|15.5
7|1996-97|29.0|BOS|NBA||9|14|1|2|9|14|7|8|9|10|14|7|6|3|4|6|22|18.0
8|1997-98|30.0|MIA|NBA||5|8|0|0|5|8|6|8|3|4|7|2|3|2|2|4|11|12.5
9|1998-99|31.0|MIA|NBA||1|4|0|0|1|4|2|2|1|2|3|1|0|1|1|3|4|2.7
10|1999-00|32.0|LAC|NBA||1|1|0|0|1|1|0|0|1|1|1|0|0|0|0|1|2|2.0
