|Season|Age|Tm|Lg|Pos|G|GS|MP|FG|FGA|FG%|3P|3PA|3P%|2P|2PA|2P%|FT|FTA|FT%|ORB|DRB|TRB|AST|STL|BLK|TOV|PF|PTS|ORtg|DRtg
0|2001-02|26.0|MIA|NBA|PG|15.0|0.0|119.0|6.9|19.8|0.349|3.7|9.7|0.381|3.2|10.2|0.318|1.8|3.2|0.5710000000000001|0.9|5.5|6.5|8.8|2.8|0.5|6.0|7.8|19.4|86.0|99.0
1|2002-03|27.0|MIA|NBA|PG|78.0|8.0|1722.0|6.9|18.6|0.373|2.1|7.2|0.294|4.8|11.3|0.423|3.3|4.5|0.732|0.8|3.9|4.7|7.8|2.0|0.2|3.4|5.6|19.3|96.0|104.0
3|2003-04|28.0|BOS|NBA|PG|55.0|55.0|1684.0|6.5|15.6|0.418|2.6|6.9|0.381|3.9|8.7|0.447|2.3|2.9|0.8|0.6|4.8|5.4|7.5|2.1|0.1|2.5|3.5|18.0|109.0|106.0
4|2003-04|28.0|DET|NBA|PG|26.0|0.0|512.0|6.3|15.7|0.401|2.1|5.9|0.364|4.2|9.8|0.424|2.9|3.4|0.8440000000000001|0.9|5.3|6.2|10.1|2.8|0.1|4.4|4.6|17.6|101.0|96.0
6|2004-05|29.0|MIL|NBA|PG|47.0|0.0|1167.0|9.3|20.8|0.446|2.6|6.9|0.382|6.7|14.0|0.47700000000000004|3.0|4.1|0.7440000000000001|1.0|4.5|5.5|8.4|1.8|0.2|3.6|5.2|24.2|107.0|111.0
7|2004-05|29.0|HOU|NBA|PG|27.0|5.0|692.0|9.8|22.7|0.433|3.3|8.4|0.39299999999999996|6.6|14.4|0.457|3.3|4.3|0.764|0.9|5.8|6.7|6.1|2.0|0.2|2.0|4.7|26.3|111.0|103.0
8|2005-06|30.0|TOR|NBA|PG|79.0|79.0|2925.0|10.4|22.1|0.469|3.0|6.9|0.442|7.3|15.2|0.48100000000000004|5.1|6.1|0.8370000000000001|0.8|3.9|4.7|8.3|1.3|0.1|3.7|3.9|28.9|115.0|115.0
9|2006-07|31.0|MIN|NBA|PG|82.0|65.0|2069.0|7.6|17.9|0.42200000000000004|2.0|5.5|0.37200000000000005|5.5|12.4|0.445|3.9|4.7|0.8370000000000001|0.6|3.5|4.2|7.6|1.4|0.2|3.3|4.4|21.1|105.0|111.0
11|2007-08|32.0|HOU|NBA|PG|33.0|1.0|537.0|7.8|22.4|0.35|2.4|7.3|0.324|5.4|15.0|0.36200000000000004|3.3|4.2|0.7859999999999999|1.1|4.1|5.1|5.3|1.7|0.2|2.9|4.4|21.3|94.0|105.0
12|2007-08|32.0|NOH|NBA|PG|21.0|0.0|183.0|6.4|18.7|0.344|2.0|6.7|0.304|4.4|12.0|0.366|1.8|1.8|1.0|0.9|4.1|5.0|1.8|1.2|0.0|2.0|3.5|16.6|88.0|110.0
14|2008-09|33.0|NOH|NBA|PG|8.0|0.0|74.0|5.9|18.5|0.32|2.2|3.0|0.75|3.7|15.5|0.23800000000000002|0.7|1.5|0.5|0.7|4.4|5.2|5.9|1.5|0.0|2.2|5.2|14.8|86.0|110.0
15|2008-09|33.0|WAS|NBA|PG|53.0|50.0|1575.0|6.3|16.4|0.387|2.2|6.0|0.36700000000000005|4.1|10.3|0.39799999999999996|2.2|2.7|0.838|0.8|3.4|4.2|6.5|1.4|0.2|3.0|3.4|17.1|99.0|117.0
16|2009-10|34.0|WAS|NBA|PG|4.0|0.0|46.0|6.8|22.8|0.3|2.3|6.8|0.33299999999999996|4.6|15.9|0.28600000000000003|4.6|9.1|0.5|1.1|2.3|3.4|5.7|3.4|0.0|5.7|3.4|20.5|76.0|109.0
17|2011-12|36.0|CHI|NBA|PG|11.0|0.0|120.0|9.0|22.0|0.408|2.7|4.5|0.6|6.3|17.5|0.359|3.1|3.6|0.875|0.9|3.6|4.5|13.0|1.8|0.9|6.3|9.0|23.8|101.0|101.0
18|2012-13|37.0|DAL|NBA|PG|45.0|23.0|862.0|6.0|16.0|0.373|2.8|7.4|0.384|3.1|8.6|0.363|1.4|1.7|0.7929999999999999|0.5|3.7|4.3|8.2|1.5|0.2|3.3|5.6|16.2|97.0|110.0
19|2013-14|38.0|CHI|NBA|PG|11.0|0.0|77.0|3.5|14.5|0.23800000000000002|0.7|3.5|0.2|2.8|11.1|0.25|0.0|1.4|0.0|0.0|4.8|4.8|11.7|1.4|0.0|3.5|7.6|7.6|70.0|104.0
