player_id|Rk|Unnamed: 1|Age|G|GS|MP|FG|FGA|FG%|FT|FTA|FT%|ORB|DRB|TRB|AST|STL|BLK|PF|PTS|player_id
tomjaru01|1|Rudy Tomjanovich|28|81||3130|8.4|16.5|0.51|3.3|3.9|0.8390000000000001|2.0|5.9|7.9|2.0|0.7|0.3|2.3|20.2|tomjaru01
murphca01|2|Calvin Murphy|28|82||2764|7.8|15.8|0.49|3.5|4.0|0.8859999999999999|0.7|1.5|2.2|5.0|1.9|0.1|3.7|19.1|murphca01
lucasjo01|3|John Lucas|23|82||2531|5.5|11.6|0.47700000000000004|1.9|2.4|0.789|0.8|2.3|3.1|6.6|1.8|0.3|2.5|13.0|lucasjo01
malonmo01|4|Moses Malone|21|80||2500|5.6|11.7|0.48|4.4|6.3|0.693|6.3|9.1|15.4|1.3|1.0|2.6|3.9|15.6|malonmo01
newlimi01|5|Mike Newlin|28|82||2119|6.6|14.4|0.455|4.6|5.2|0.885|0.9|2.6|3.5|5.4|1.0|0.1|3.8|17.7|newlimi01
kunneke01|6|Kevin Kunnert|25|81||2050|5.8|12.0|0.486|1.6|2.2|0.738|3.7|8.1|11.7|2.7|0.6|1.8|6.3|13.3|kunneke01
johnsjo01|7|John Johnson|29|79||1738|6.6|14.4|0.45799999999999996|1.9|2.7|0.7120000000000001|1.6|4.0|5.5|3.4|1.0|0.5|4.1|15.2|johnsjo01
jonesdw01|8|Dwight Jones|24|74||1239|4.9|9.8|0.494|2.9|3.7|0.802|2.8|5.4|8.3|1.4|1.1|0.6|5.1|12.6|jonesdw01
ratleed01|9|Ed Ratleff|26|37||533|4.7|10.9|0.435|1.8|2.8|0.619|1.6|3.6|5.2|2.9|1.4|0.4|3.0|11.2|ratleed01
owensto01|10|Tom Owens|27|46||462|5.3|10.5|0.504|4.1|5.9|0.684|3.7|7.4|11.1|1.4|0.3|1.0|7.5|14.6|owensto01
whiteru01|11|Rudy White|23|46||368|4.6|10.4|0.44299999999999995|1.5|2.4|0.6|1.3|2.7|4.0|3.4|1.1|0.1|3.8|10.7|whiteru01
kennego01|12|Goo Kennedy|27|32||277|4.0|7.5|0.534|0.4|1.0|0.375|1.8|4.8|6.6|0.8|0.9|0.6|5.8|8.4|kennego01
wohlda01|13|Dave Wohl|27|14||62|4.1|9.9|0.41200000000000003|2.3|2.3|1.0|0.6|2.3|2.9|8.7|0.0|0.0|10.5|10.5|wohlda01
hicksph01|14|Phil Hicks|24|2||7|0.0|10.3|0.0|0.0|0.0||5.1|0.0|5.1|5.1|5.1|0.0|5.1|0.0|hicksph01
