|Season|Age|Tm|Lg|Pos|G|MP|PER|TS%|3PAr|FTr|ORB%|DRB%|TRB%|AST%|STL%|BLK%|TOV%|USG%|OWS|DWS|WS|WS/48|OBPM|DBPM|BPM|VORP
0|2005-06|21.0|CLE|NBA|SF|13.0|604.0|23.2|0.557|0.205|0.384|4.4|16.2|10.3|28.1|1.7|1.3|15.3|33.5|1.0|0.7|1.7|0.135|5.3|2.0|7.3|1.4
1|2006-07|22.0|CLE|NBA|SF|20.0|893.0|23.9|0.516|0.188|0.491|3.4|17.9|10.6|37.4|2.1|1.0|12.0|29.7|2.1|1.6|3.7|0.2|5.4|3.1|8.5|2.4
2|2007-08|23.0|CLE|NBA|SF|13.0|552.0|24.3|0.525|0.255|0.607|3.4|19.3|11.2|40.5|2.3|2.6|13.4|34.7|1.0|1.2|2.2|0.187|6.6|4.7|11.3|1.9
3|2008-09|24.0|CLE|NBA|SF|14.0|580.0|37.4|0.618|0.26|0.638|4.3|23.6|14.2|39.5|2.2|1.8|8.7|36.4|3.7|1.1|4.8|0.39899999999999997|14.4|3.8|18.2|2.9
4|2009-10|25.0|CLE|NBA|SF|11.0|460.0|28.6|0.607|0.237|0.569|4.0|22.1|13.3|36.8|2.1|3.0|13.7|30.9|1.5|0.8|2.3|0.242|7.9|3.4|11.2|1.5
5|2010-11|26.0|MIA|NBA|SF|21.0|922.0|23.7|0.563|0.228|0.418|4.6|18.2|11.6|27.6|2.1|2.2|13.0|26.9|2.4|1.4|3.8|0.198|5.4|2.4|7.8|2.3
6|2011-12|27.0|MIA|NBA|SF|23.0|983.0|30.3|0.5760000000000001|0.16899999999999998|0.466|6.8|20.5|13.8|28.1|2.4|1.3|11.8|33.4|4.2|1.6|5.8|0.284|8.3|2.7|11.0|3.2
7|2012-13|28.0|MIA|NBA|PF|23.0|960.0|28.1|0.585|0.222|0.405|4.8|19.7|12.4|30.5|2.3|1.6|12.1|29.2|3.7|1.5|5.2|0.26|7.9|2.2|10.2|2.9
8|2013-14|29.0|MIA|NBA|PF|20.0|763.0|31.1|0.6679999999999999|0.253|0.47100000000000003|2.5|21.4|12.3|25.6|2.7|1.4|12.9|31.6|3.4|0.9|4.3|0.27|8.9|1.5|10.4|2.4
9|2014-15|30.0|CLE|NBA|SF|20.0|844.0|25.3|0.48700000000000004|0.20199999999999999|0.307|4.9|24.3|14.7|45.2|2.1|2.1|11.7|37.6|1.6|1.5|3.0|0.17300000000000001|5.9|5.0|11.0|2.7
10|2015-16|31.0|CLE|NBA|SF|21.0|822.0|30.0|0.585|0.225|0.297|6.1|22.4|14.4|36.6|3.2|3.2|13.7|30.7|3.2|1.5|4.7|0.27399999999999997|7.7|5.4|13.1|3.1
11|2016-17|32.0|CLE|NBA|SF|18.0|744.0|30.1|0.649|0.27899999999999997|0.42200000000000004|3.1|21.6|12.8|33.8|2.3|2.6|13.7|31.6|3.2|1.1|4.3|0.275|7.8|3.7|11.5|2.5
12|2017-18|33.0|CLE|NBA|PF|22.0|922.0|32.2|0.619|0.22399999999999998|0.418|3.9|22.3|12.9|46.4|1.7|2.3|13.5|35.0|4.2|1.0|5.2|0.26899999999999996|11.1|2.9|14.0|3.7
