|Season|Age|Tm|Lg|Pos|G|MP|FG%|Dist.|% of 2PA|% of 0-3|% of 3-10|% of 10-16|% of 16-3pt|% of 3P|2P %FG|0-3 %FG|3-10 %FG|10-16 %FG|16-3pt%FG|3P %FG|2P % Assisted|% of Dunks|Dunks Made|3P % Assisted|% of 3PA from Corner|Corner 3 %FG |Heaves Attempted|Heaves Made
0|2003-04|19.0|CLE|NBA|SG|79.0|3122.0|0.41700000000000004|11.2|0.855|0.315|0.168|0.161|0.21100000000000002|0.145|0.43799999999999994|0.604|0.35600000000000004|0.313|0.35200000000000004|0.29|0.442|0.064|91.0|0.746|0.28600000000000003|0.32299999999999995|3.0|0.0
1|2004-05|20.0|CLE|NBA|SF|80.0|3388.0|0.47200000000000003|12.1|0.8170000000000001|0.311|0.13699999999999998|0.121|0.248|0.183|0.499|0.725|0.37|0.324|0.373|0.35100000000000003|0.445|0.076|126.0|0.5|0.185|0.491|0.0|0.0
2|2005-06|21.0|CLE|NBA|SF|79.0|3361.0|0.48|12.4|0.792|0.353|0.092|0.094|0.253|0.20800000000000002|0.518|0.6890000000000001|0.41100000000000003|0.304|0.39799999999999996|0.335|0.303|0.065|114.0|0.41700000000000004|0.185|0.34299999999999997|5.0|0.0
3|2006-07|22.0|CLE|NBA|SF|78.0|3190.0|0.47600000000000003|12.2|0.809|0.33299999999999996|0.125|0.111|0.24100000000000002|0.191|0.513|0.725|0.406|0.361|0.34600000000000003|0.319|0.321|0.068|108.0|0.495|0.145|0.444|5.0|1.0
4|2007-08|23.0|CLE|NBA|SF|75.0|3027.0|0.484|12.2|0.7809999999999999|0.373|0.09|0.08|0.23800000000000002|0.21899999999999997|0.531|0.706|0.426|0.303|0.37200000000000005|0.315|0.33299999999999996|0.069|109.0|0.39799999999999996|0.095|0.353|2.0|0.0
5|2008-09|24.0|CLE|NBA|SF|81.0|3054.0|0.489|13.4|0.762|0.33299999999999996|0.092|0.07400000000000001|0.263|0.23800000000000002|0.535|0.728|0.45299999999999996|0.28600000000000003|0.38799999999999996|0.344|0.318|0.083|128.0|0.424|0.107|0.341|7.0|0.0
6|2009-10|25.0|CLE|NBA|SF|76.0|2966.0|0.503|13.4|0.747|0.342|0.08199999999999999|0.061|0.262|0.253|0.56|0.745|0.46799999999999997|0.344|0.39799999999999996|0.33299999999999996|0.369|0.08|117.0|0.341|0.111|0.395|4.0|0.0
7|2010-11|26.0|MIA|NBA|SF|79.0|3063.0|0.51|12.7|0.812|0.284|0.172|0.094|0.262|0.188|0.552|0.7440000000000001|0.45899999999999996|0.44299999999999995|0.445|0.33|0.284|0.068|98.0|0.609|0.21100000000000002|0.322|5.0|1.0
8|2011-12|27.0|MIA|NBA|SF|62.0|2326.0|0.531|11.5|0.873|0.32899999999999996|0.136|0.135|0.272|0.127|0.556|0.758|0.484|0.48100000000000004|0.384|0.36200000000000004|0.36|0.092|104.0|0.519|0.121|0.33299999999999996|0.0|0.0
9|2012-13|28.0|MIA|NBA|PF|76.0|2877.0|0.565|11.2|0.812|0.373|0.133|0.105|0.20199999999999999|0.188|0.602|0.7759999999999999|0.494|0.415|0.447|0.406|0.37799999999999995|0.109|144.0|0.5529999999999999|0.161|0.488|0.0|0.0
10|2013-14|29.0|MIA|NBA|PF|77.0|2902.0|0.5670000000000001|11.4|0.774|0.39899999999999997|0.12300000000000001|0.084|0.168|0.226|0.622|0.7959999999999999|0.5539999999999999|0.40399999999999997|0.366|0.379|0.395|0.10099999999999999|134.0|0.534|0.14400000000000002|0.568|0.0|0.0
11|2014-15|30.0|CLE|NBA|SF|69.0|2493.0|0.488|12.6|0.735|0.332|0.127|0.11599999999999999|0.159|0.265|0.536|0.722|0.414|0.35600000000000004|0.377|0.354|0.315|0.07200000000000001|88.0|0.467|0.115|0.385|1.0|0.0
12|2015-16|31.0|CLE|NBA|SF|76.0|2709.0|0.52|9.6|0.8009999999999999|0.45899999999999996|0.11900000000000001|0.09300000000000001|0.129|0.19899999999999998|0.573|0.722|0.361|0.348|0.40399999999999997|0.309|0.37799999999999995|0.083|111.0|0.598|0.11699999999999999|0.273|0.0|0.0
13|2016-17|32.0|CLE|NBA|SF|74.0|2794.0|0.5479999999999999|11.0|0.746|0.43200000000000005|0.106|0.105|0.102|0.254|0.611|0.78|0.385|0.44|0.307|0.363|0.355|0.11199999999999999|145.0|0.49200000000000005|0.102|0.371|0.0|0.0
14|2017-18|33.0|CLE|NBA|PF|82.0|3026.0|0.542|10.9|0.743|0.423|0.114|0.08900000000000001|0.11800000000000001|0.257|0.603|0.7659999999999999|0.37799999999999995|0.42100000000000004|0.371|0.36700000000000005|0.301|0.08|120.0|0.35600000000000004|0.084|0.382|1.0|0.0
15|2018-19|34.0|LAL|NBA|SF|55.0|1937.0|0.51|12.3|0.701|0.38|0.132|0.077|0.11199999999999999|0.299|0.5820000000000001|0.755|0.297|0.41700000000000004|0.447|0.33899999999999997|0.34|0.081|85.0|0.342|0.073|0.292|0.0|0.0
