player_id|Rk|Unnamed: 1|Age|G|GS|MP|FG|FGA|FG%|FT|FTA|FT%|ORB|DRB|TRB|AST|STL|BLK|TOV|PF|PTS/G|player_id
kingbe01|1|Bernard King|21|79||39.1|10.1|21.1|0.479|4.0|5.8|0.677|3.4|6.2|9.5|2.4|1.5|0.5|3.9|3.8|24.2|kingbe01
willijo01|2|John Williamson|26|33||38.8|11.8|25.9|0.45399999999999996|6.0|7.0|0.857|1.0|2.3|3.2|2.5|1.4|0.3|3.1|3.2|29.5|willijo01
porteke01|3|Kevin Porter|27|74||36.3|6.5|13.8|0.47|3.2|4.1|0.765|0.6|2.0|2.7|10.8|1.6|0.2|4.7|3.6|16.2|porteke01
skinnal01|4|Al Skinner|25|8||34.6|5.1|12.6|0.406|4.9|5.5|0.8859999999999999|1.8|4.8|6.5|4.1|1.6|0.6|3.6|4.3|15.1|skinnal01
johnsge02|5|George Johnson|29|81||29.8|3.5|8.9|0.395|1.6|2.3|0.7190000000000001|3.0|6.6|9.6|1.4|1.0|3.4|2.7|4.2|8.7|johnsge02
carribo01|6|Bob Carrington|24|37||27.9|4.2|10.6|0.401|1.9|2.6|0.742|1.1|1.9|3.0|1.5|1.2|0.3|1.8|3.6|10.4|carribo01
hillmda01|7|Darnell Hillman|28|45||27.1|5.2|11.1|0.47100000000000003|2.6|4.6|0.5760000000000001|2.8|4.7|7.5|1.1|1.1|1.0|2.4|3.6|13.1|hillmda01
hawkiro01|8|Bubbles Hawkins|23|15||22.9|4.6|10.0|0.46|1.7|1.9|0.862|1.4|1.9|3.3|2.5|1.5|0.9|2.9|3.4|10.9|hawkiro01
basseti01|9|Tim Bassett|26|65||22.7|2.3|5.9|0.38799999999999996|0.8|1.5|0.515|2.2|4.0|6.2|1.0|1.0|0.5|1.2|2.8|5.4|basseti01
porteho01|10|Howard Porter|29|55||22.1|5.3|10.8|0.495|2.2|2.7|0.8109999999999999|1.7|3.0|4.8|0.7|0.5|0.6|0.9|2.2|12.8|porteho01
washiwi01|11|Wilson Washington|22|24||21.8|3.8|7.8|0.49200000000000005|1.1|2.0|0.5529999999999999|2.0|3.9|5.9|0.4|0.7|1.5|2.2|3.0|8.8|washiwi01
vanbrja01|12|Jan van Breda Kolff|26|68||20.9|1.6|4.3|0.366|1.3|1.8|0.7070000000000001|1.0|2.6|3.6|1.5|0.8|0.7|1.1|2.8|4.4|vanbrja01
jordaed01|13|Eddie Jordan|23|51||20.4|3.8|9.5|0.40700000000000003|2.3|3.0|0.7879999999999999|0.6|1.5|2.1|2.8|2.2|0.4|1.8|1.6|10.0|jordaed01
averibi01|14|Bird Averitt|25|21||19.5|3.3|9.0|0.36700000000000005|1.7|2.1|0.8|0.3|1.2|1.6|3.2|0.8|0.0|2.6|1.8|8.3|averibi01
hugheki01|15|Kim Hughes|25|56||15.3|1.0|2.9|0.35600000000000004|0.2|0.5|0.31|1.7|2.6|4.3|0.7|0.9|0.9|1.0|2.9|2.2|hugheki01
nelsolo01|16|Louie Nelson|26|25||14.1|3.3|7.9|0.41600000000000004|1.9|2.9|0.6579999999999999|0.5|1.5|2.0|1.2|0.8|0.2|1.6|1.1|8.5|nelsolo01
wohlda01|17|Dave Wohl|28|10||11.8|1.2|3.4|0.353|1.1|1.2|0.917|0.1|0.3|0.4|1.3|0.3|0.0|1.6|2.4|3.5|wohlda01
crowma01|18|Mark Crow|23|15||10.3|2.3|5.3|0.43799999999999994|0.9|1.3|0.7|0.9|0.9|1.8|0.5|0.3|0.1|0.8|1.6|5.6|crowma01
