|Season|Age|Tm|Lg|Pos|G|MP|FG%|Dist.|% of 2PA|% of 0-3|% of 3-10|% of 10-16|% of 16-3pt|% of 3P|2P %FG|0-3 %FG|3-10 %FG|10-16 %FG|16-3pt%FG|3P %FG|2P % Assisted|% of Dunks|Dunks Made|3P % Assisted|% of 3PA from Corner|Corner 3 %FG |Heaves Attempted|Heaves Made
0|2000-01|22.0|DAL|NBA|PF|82|3125|0.474|14.7|0.687|0.212|0.098|0.166|0.212|0.313|0.513|0.705|0.295|0.478|0.451|0.387|0.602|0.036000000000000004|44|0.9470000000000001|0.29|0.39799999999999996|4|0
1|2001-02|23.0|DAL|NBA|C|76|2891|0.47700000000000004|14.2|0.722|0.24100000000000002|0.078|0.154|0.249|0.278|0.508|0.611|0.34700000000000003|0.43799999999999994|0.502|0.397|0.61|0.039|45|0.9640000000000001|0.1|0.34299999999999997|0|0
2|2002-03|24.0|DAL|NBA|PF|80|3117|0.46299999999999997|15.3|0.738|0.163|0.076|0.2|0.299|0.262|0.493|0.7|0.363|0.513|0.4|0.379|0.5870000000000001|0.027999999999999997|41|0.905|0.156|0.44299999999999995|2|0
3|2003-04|25.0|DAL|NBA|C|77|2915|0.462|15.3|0.779|0.154|0.085|0.198|0.342|0.221|0.496|0.6579999999999999|0.387|0.47100000000000003|0.46399999999999997|0.341|0.67|0.027999999999999997|35|0.97|0.09699999999999999|0.35700000000000004|3|0
4|2004-05|26.0|DAL|NBA|PF|78|3020|0.45899999999999996|14.5|0.8420000000000001|0.18100000000000002|0.07200000000000001|0.203|0.386|0.158|0.47|0.637|0.452|0.41|0.42700000000000005|0.39899999999999997|0.491|0.035|48|0.802|0.105|0.33299999999999996|2|0
5|2005-06|27.0|DAL|NBA|PF|81|3089|0.48|14.4|0.8270000000000001|0.158|0.099|0.263|0.307|0.17300000000000001|0.496|0.591|0.419|0.491|0.475|0.406|0.43799999999999994|0.017|23|0.909|0.063|0.588|5|0
6|2006-07|28.0|DAL|NBA|PF|78|2820|0.502|13.8|0.871|0.18|0.08199999999999999|0.255|0.353|0.129|0.515|0.603|0.409|0.5|0.504|0.41600000000000004|0.46799999999999997|0.016|20|0.778|0.075|0.462|2|0
7|2007-08|29.0|DAL|NBA|PF|77|2769|0.479|13.9|0.833|0.17|0.105|0.264|0.294|0.16699999999999998|0.504|0.5920000000000001|0.42|0.484|0.5|0.359|0.486|0.013999999999999999|19|0.9620000000000001|0.091|0.35|1|0
8|2008-09|30.0|DAL|NBA|PF|81|3050|0.479|13.8|0.895|0.14400000000000002|0.085|0.327|0.33899999999999997|0.105|0.493|0.601|0.401|0.489|0.474|0.359|0.52|0.009000000000000001|14|0.9670000000000001|0.040999999999999995|0.0|0|0
9|2009-10|31.0|DAL|NBA|PF|81|3039|0.48100000000000004|13.7|0.919|0.162|0.08199999999999999|0.29|0.384|0.081|0.48700000000000004|0.621|0.439|0.442|0.473|0.42100000000000004|0.5870000000000001|0.018000000000000002|24|0.98|0.017|1.0|0|0
10|2010-11|32.0|DAL|NBA|PF|73|2504|0.517|14.4|0.858|0.128|0.13|0.256|0.344|0.142|0.5379999999999999|0.7090000000000001|0.47700000000000004|0.5|0.526|0.39299999999999996|0.59|0.008|9|0.97|0.226|0.5529999999999999|1|0
11|2011-12|33.0|DAL|NBA|PF|62|2079|0.457|15.6|0.795|0.105|0.08800000000000001|0.297|0.305|0.205|0.48100000000000004|0.6609999999999999|0.40700000000000003|0.40700000000000003|0.511|0.368|0.58|0.004|4|0.9229999999999999|0.057|0.25|0|0
12|2012-13|34.0|DAL|NBA|PF|53|1661|0.47100000000000003|16.3|0.784|0.077|0.069|0.312|0.327|0.21600000000000003|0.48700000000000004|0.625|0.38|0.46299999999999997|0.5|0.414|0.586|0.006999999999999999|5|0.985|0.032|0.4|0|0
13|2013-14|35.0|DAL|NBA|PF|80|2628|0.49700000000000005|16.7|0.742|0.064|0.071|0.322|0.285|0.258|0.532|0.778|0.578|0.485|0.518|0.39799999999999996|0.5|0.008|10|0.9470000000000001|0.027000000000000003|0.111|0|0
14|2014-15|36.0|DAL|NBA|PF|77|2282|0.45899999999999996|16.9|0.742|0.066|0.07|0.28300000000000003|0.32299999999999995|0.258|0.486|0.7|0.365|0.478|0.475|0.38|0.64|0.004|4|0.981|0.04|0.364|0|0
15|2015-16|37.0|DAL|NBA|PF|75|2364|0.44799999999999995|16.6|0.6920000000000001|0.075|0.068|0.261|0.289|0.308|0.483|0.735|0.32899999999999996|0.47600000000000003|0.461|0.368|0.632|0.004|5|0.9840000000000001|0.102|0.314|0|0
16|2016-17|38.0|DAL|NBA|PF|54|1424|0.43700000000000006|18.0|0.6920000000000001|0.062|0.053|0.217|0.36|0.308|0.46299999999999997|0.5710000000000001|0.444|0.47600000000000003|0.439|0.37799999999999995|0.77|0.003|2|1.0|0.057|0.41700000000000004|0|0
17|2017-18|39.0|DAL|NBA|C|77|1900|0.456|19.2|0.555|0.044000000000000004|0.027999999999999997|0.201|0.284|0.445|0.494|0.758|0.47600000000000003|0.474|0.47|0.409|0.774|0.003|1|1.0|0.045|0.467|1|0
18|2018-19|40.0|DAL|NBA|PF|51|795|0.359|20.9|0.455|0.011000000000000001|0.064|0.14400000000000002|0.237|0.545|0.415|0.75|0.292|0.48100000000000004|0.39299999999999996|0.312|0.8170000000000001|0.005|2|1.0|0.098|0.35|1|0
