|Season|Age|Tm|Lg|Pos|G|GS|MP|FG|FGA|FG%|FT|FTA|FT%|TRB|AST|PF|PTS
0|1954-55|22.0|MLH|NBA|PF|72||2659|7.0|17.3|0.40700000000000003|5.8|7.7|0.7509999999999999|13.5|3.1|3.5|19.8
1|1955-56|23.0|STL|NBA|C|72||2794|8.3|19.4|0.429|7.2|9.8|0.736|15.0|2.4|2.6|23.8
2|1956-57|24.0|STL|NBA|C|71||2491|8.9|21.3|0.415|7.6|9.9|0.773|15.0|1.9|2.6|25.4
3|1957-58|25.0|STL|NBA|PF|70||2528|8.3|20.2|0.41|7.9|10.6|0.7490000000000001|17.3|2.2|3.2|24.5
4|1958-59|26.0|STL|NBA|PF|72||2873|9.0|20.5|0.43799999999999994|8.4|11.0|0.759|14.8|2.8|2.5|26.4
5|1959-60|27.0|STL|NBA|PF|72||2896|8.3|19.0|0.43799999999999994|6.8|9.0|0.753|15.2|3.2|2.5|23.4
6|1960-61|28.0|STL|NBA|PF|76||3027|9.1|20.5|0.447|6.9|9.6|0.7240000000000001|18.3|3.1|2.6|25.2
7|1961-62|29.0|STL|NBA|PF|78||3282|9.5|21.1|0.45|7.6|9.9|0.7709999999999999|16.0|3.2|3.2|26.6
8|1962-63|30.0|STL|NBA|PF|79||3090|9.1|20.3|0.446|8.0|10.3|0.774|13.9|2.9|3.3|26.1
9|1963-64|31.0|STL|NBA|PF|80||3296|8.6|18.7|0.46299999999999997|6.6|8.4|0.789|13.4|2.8|3.3|23.9
10|1964-65|32.0|STL|NBA|PF|50||1754|8.1|18.9|0.429|6.8|8.3|0.82|12.7|2.6|3.4|23.1
