|Season|Age|Tm|Lg|Pos|G|GS|MP|FG|FGA|FG%|FT|FTA|FT%|TRB|AST|PF|PTS
0|1955-56|23.0|STL|NBA|C|8||274|47|128|0.36700000000000005|59|70|0.843|84|18|20|153
1|1956-57|24.0|STL|NBA|C|10||430|98|237|0.414|102|133|0.767|168|25|33|298
2|1957-58|25.0|STL|NBA|PF|11||430|90|230|0.391|86|118|0.7290000000000001|181|20|31|266
3|1958-59|26.0|STL|NBA|PF|6||257|58|137|0.423|51|65|0.785|75|14|20|167
4|1959-60|27.0|STL|NBA|PF|14||576|129|292|0.442|107|142|0.754|221|52|43|365
5|1960-61|28.0|STL|NBA|PF|12||526|117|284|0.41200000000000003|109|144|0.757|211|38|42|343
6|1962-63|30.0|STL|NBA|PF|11||463|119|259|0.45899999999999996|112|144|0.778|166|33|34|350
7|1963-64|31.0|STL|NBA|PF|12||494|93|226|0.41200000000000003|66|79|0.835|174|33|44|252
8|1964-65|32.0|STL|NBA|PF|4||95|15|41|0.366|16|20|0.8|24|8|10|46
