|Season|Age|Tm|Lg|MP|FG|FGA|3P|3PA|2P|2PA|FT|FTA|ORB|DRB|TRB|AST|STL|BLK|TOV|PF|PTS|GmSc
0|2000-01|22.0|MIL|NBA||1|1|0|0|1|1|0|0|0|0|0|1|0|0|2|0|2|0.4
1|2001-02|23.0|SAS|NBA||3|5|0|1|3|5|4|4|2|3|3|3|2|1|3|4|6|7.4
2|2003-04|25.0|SAS|NBA||6|12|1|2|6|12|4|8|1|7|8|8|2|1|3|5|14|13.6
3|2004-05|26.0|CHA|NBA||9|15|3|5|8|14|7|8|2|7|7|15|4|1|4|6|21|24.8
4|2005-06|27.0|SAC|NBA|28:49|5|12|2|4|5|12|5|6|1|6|6|4|3|1|4|5|12|9.6
6|2006-07|28.0|SAC|NBA|21:04|4|9|1|1|4|8|4|4|1|3|4|4|1|0|1|6|9|7.0
7|2006-07|28.0|LAC|NBA|45:47|7|15|2|5|7|15|4|4|3|7|8|8|5|1|4|6|16|17.3
8|2007-08|29.0|UTA|NBA|26:48|5|9|3|4|5|7|4|4|1|5|5|4|3|1|4|4|12|12.5
10|2008-09|30.0|LAC|NBA|30:20|3|9|0|1|3|9|5|5|3|5|7|7|3|2|3|5|9|9.0
11|2008-09|30.0|DEN|NBA|7:36|2|2|0|1|2|2|2|2|1|1|2|1|0|0|2|1|4|4.7
13|2009-10|31.0|MIN|NBA|4:58|0|1|0|0|0|1|0|0|0|0|0|1|1|0|0|0|0|1.0
14|2009-10|31.0|NOH|NBA|8:01|1|1|0|0|1|1|0|0|0|1|1|2|1|1|2|2|2|1.7
