player_id|Rk|Unnamed: 1|Age|G|GS|MP|FG|FGA|FG%|FT|FTA|FT%|TRB|AST|PF|PTS|player_id
laniebo01|1|Bob Lanier|23|80||3092|9.7|19.7|0.493|4.5|5.9|0.768|13.2|2.9|3.5|23.9|laniebo01
walkeji01|2|Jimmy Walker|27|78||3083|7.4|16.2|0.457|4.6|5.6|0.8270000000000001|2.7|3.7|2.3|19.4|walkeji01
rowecu01|3|Curtis Rowe|22|82||2661|5.0|10.9|0.46|2.6|3.9|0.669|9.5|1.3|2.3|12.6|rowecu01
komivho01|4|Howard Komives|30|79||2071|4.6|12.2|0.373|2.9|3.5|0.8079999999999999|3.0|5.1|3.4|12.0|komivho01
dischte01|5|Terry Dischinger|31|79||2062|5.2|10.0|0.514|2.7|3.5|0.78|5.9|1.6|5.0|13.0|dischte01
bingda01|6|Dave Bing|28|45||1936|6.9|16.6|0.414|5.2|6.6|0.785|3.5|5.9|2.6|18.9|bingda01
norwowi01|7|Willie Norwood|24|78||1272|6.3|12.5|0.505|4.0|6.1|0.6509999999999999|8.9|1.2|6.5|16.5|norwowi01
hewitbi01|8|Bill Hewitt|27|68||1203|3.9|8.3|0.473|1.2|2.5|0.5|11.1|2.1|4.0|9.1|hewitbi01
davisji01|9|Jim Davis|30|52||684|6.4|13.2|0.48200000000000004|3.4|5.2|0.653|10.3|2.0|5.6|16.1|davisji01
mueller01|10|Erwin Mueller|27|42||605|4.0|11.7|0.345|2.6|4.4|0.581|8.7|3.4|3.8|10.7|mueller01
marlaha01|11|Harvey Marlatt|23|31||506|4.3|10.6|0.40299999999999997|2.6|3.0|0.857|4.4|4.3|4.6|11.1|marlaha01
wilsois01|12|Isaiah Wilson|23|48||322|7.0|19.8|0.35600000000000004|4.6|6.3|0.732|5.3|4.6|3.6|18.7|wilsois01
quickbo01|13|Bob Quick|25|18||204|6.9|14.5|0.47600000000000003|6.0|7.9|0.7559999999999999|9.0|1.9|5.1|19.8|quickbo01
mixst01|14|Steve Mix|24|8||104|5.2|16.3|0.319|2.4|4.2|0.583|8.0|1.4|2.4|12.8|mixst01
