player_id|Rk|Unnamed: 1|Age|G|GS|MP|FG|FGA|FG%|FT|FTA|FT%|TRB|AST|PF|PTS|player_id
laniebo01|1|Bob Lanier|23|80||3092|834|1690|0.493|388|505|0.768|1132|248|297|2056|laniebo01
walkeji01|2|Jimmy Walker|27|78||3083|634|1386|0.457|397|480|0.8270000000000001|231|315|198|1665|walkeji01
rowecu01|3|Curtis Rowe|22|82||2661|369|802|0.46|192|287|0.669|699|99|171|930|rowecu01
komivho01|4|Howard Komives|30|79||2071|262|702|0.373|164|203|0.8079999999999999|172|291|196|688|komivho01
dischte01|5|Terry Dischinger|31|79||2062|295|574|0.514|156|200|0.78|338|92|289|746|dischte01
bingda01|6|Dave Bing|28|45||1936|369|891|0.414|278|354|0.785|186|317|138|1016|bingda01
norwowi01|7|Willie Norwood|24|78||1272|222|440|0.505|140|215|0.6509999999999999|316|43|229|584|norwowi01
hewitbi01|8|Bill Hewitt|27|68||1203|131|277|0.473|41|82|0.5|370|71|134|303|hewitbi01
davisji01|9|Jim Davis|30|52||684|121|251|0.48200000000000004|64|98|0.653|196|38|106|306|davisji01
mueller01|10|Erwin Mueller|27|42||605|68|197|0.345|43|74|0.581|147|57|64|179|mueller01
marlaha01|11|Harvey Marlatt|23|31||506|60|149|0.40299999999999997|36|42|0.857|62|60|64|156|marlaha01
wilsois01|12|Isaiah Wilson|23|48||322|63|177|0.35600000000000004|41|56|0.732|47|41|32|167|wilsois01
quickbo01|13|Bob Quick|25|18||204|39|82|0.47600000000000003|34|45|0.7559999999999999|51|11|29|112|quickbo01
mixst01|14|Steve Mix|24|8||104|15|47|0.319|7|12|0.583|23|4|7|37|mixst01
