|Season|Age|Tm|Lg|Pos|G|MP|PG%|SG%|SF%|PF%|C%|OnCourt|On-Off|BadPass|LostBall|Shoot|Off.|Shoot.1|Off..1|PGA|And1|Blkd
1|2000-01|27.0|WAS|NBA|PF|54.0|1981.0|0|0|0|80|21|-6.1|2.2|56.0|43.0|57.0|38.0|105.0|0.0|346.0|22.0|68.0
2|2000-01|27.0|DAL|NBA|PF|27.0|993.0|0|0|57|41|3|6.4|2.5|41.0|7.0|49.0|16.0|58.0|0.0|156.0|11.0|26.0
4|2001-02|28.0|DAL|NBA|PF|53.0|1659.0|0|0|28|66|6|0.4|-7.1|34.0|12.0|75.0|22.0|84.0|0.0|211.0|13.0|52.0
5|2001-02|28.0|DEN|NBA|PF|28.0|976.0|0|0|2|35|63|-7.3|-1.0|19.0|27.0|36.0|21.0|59.0|0.0|169.0|8.0|37.0
6|2002-03|29.0|DEN|NBA|PF|77.0|2730.0|0|0|5|89|5|-10.7|-4.2|82.0|51.0|86.0|35.0|146.0|0.0|505.0|31.0|102.0
7|2003-04|30.0|ORL|NBA|PF|81.0|2877.0|0|0|13|83|4|-6.8|4.1|53.0|63.0|120.0|41.0|176.0|0.0|363.0|40.0|104.0
8|2004-05|31.0|HOU|NBA|PF|61.0|1624.0|0|0|0|95|5|1.7|-5.2|27.0|23.0|53.0|18.0|49.0|0.0|213.0|11.0|26.0
9|2005-06|32.0|HOU|NBA|PF|80.0|2537.0|0|0|0|90|9|-5.3|-10.7|47.0|29.0|81.0|35.0|86.0|12.0|263.0|23.0|63.0
10|2006-07|33.0|HOU|NBA|PF|80.0|2123.0|0|0|0|76|24|2.0|-7.9|43.0|24.0|65.0|21.0|80.0|18.0|321.0|9.0|38.0
11|2007-08|34.0|DAL|NBA|PF|50.0|353.0|0|0|12|83|5|-6.8|-13.2|5.0|4.0|43.0|6.0|7.0|6.0|38.0|2.0|8.0
13|2008-09|35.0|DEN|NBA|PF|3.0|22.0|0|0|0|99|1|3.8|0.2|0.0|0.0|3.0|0.0|0.0|0.0|4.0|0.0|1.0
14|2008-09|35.0|CHA|NBA|SF|39.0|450.0|0|0|42|57|1|-11.6|-11.4|10.0|6.0|28.0|4.0|18.0|2.0|57.0|4.0|10.0
15|2009-10|36.0|POR|NBA|C|73.0|1632.0|0|0|0|20|80|-1.8|-9.6|31.0|14.0|90.0|18.0|33.0|14.0|139.0|6.0|27.0
16|2010-11|37.0|MIA|NBA|PF|57.0|592.0|0|0|3|94|3|2.8|-6.8|4.0|9.0|28.0|8.0|13.0|2.0|59.0|1.0|7.0
17|2011-12|38.0|MIA|NBA|PF|28.0|190.0|0|0|3|72|26|-13.8|-21.8|8.0|4.0|8.0|4.0|5.0|0.0|24.0|1.0|12.0
18|2012-13|39.0|MIA|NBA|PF|7.0|51.0|0|0|0|60|41|-9.0|-18.3|3.0|0.0|5.0|0.0|1.0|0.0|16.0|1.0|2.0
