player_id|Rk|Unnamed: 1|Age|G|MP|PER|TS%|FTr|ORB%|DRB%|TRB%|AST%|STL%|BLK%|TOV%|USG%|Unnamed: 16|OWS|DWS|WS|WS/48|Unnamed: 21|OBPM|DBPM|BPM|VORP|player_id
barryri01|1|Rick Barry|33|82|3024|20.9|0.509|0.243|2.5|12.8|7.5|22.6|2.4|0.8|10.7|27.1||5.9|3.8|9.7|0.154||3.1|0.0|3.1|3.9|barryri01
smithph01|2|Phil Smith|25|82|2940|16.5|0.522|0.28300000000000003|3.4|7.1|5.2|19.6|1.7|0.5|14.7|24.1||3.8|2.5|6.3|0.102||1.7|-1.3|0.4|1.8|smithph01
raycl01|3|Clifford Ray|29|79|2268|14.9|0.594|0.511|10.4|23.9|17.0|8.3|1.5|2.1|20.5|12.7||3.2|3.6|6.9|0.145||0.3|2.3|2.6|2.6|raycl01
parkeso01|4|Sonny Parker|22|82|2069|17.4|0.544|0.221|8.0|11.1|9.5|10.6|3.0|0.9|13.0|18.7||3.4|2.8|6.2|0.145||1.9|1.0|2.9|2.6|parkeso01
parisro01|5|Robert Parish|24|82|1969|17.2|0.499|0.29|10.7|24.7|17.5|7.0|1.8|3.4|16.4|24.5||0.4|3.6|4.0|0.098||-1.6|0.6|-0.9|0.5|parisro01
colemec01|6|E.C. Coleman|27|72|1801|9.1|0.493|0.12300000000000001|6.5|14.9|10.6|7.1|1.7|0.7|16.8|12.3||0.6|2.1|2.7|0.071||-1.6|1.0|-0.6|0.6|colemec01
dudlech01|7|Charles Dudley|27|78|1660|13.4|0.585|0.7829999999999999|5.2|12.6|8.8|29.8|1.9|0.1|32.7|11.8||1.9|1.8|3.6|0.105||-0.5|-0.1|-0.6|0.6|dudlech01
greenri01|8|Rickey Green|23|76|1098|9.3|0.41|0.24|4.4|6.3|5.4|17.6|2.4|0.0|16.0|17.6||-0.7|1.1|0.3|0.013999999999999999||-2.8|-1.0|-3.8|-0.5|greenri01
marshri01|9|Ricky Marsh|23|60|851|8.4|0.44299999999999995|0.114|1.9|7.2|4.5|13.9|1.5|1.2|14.1|16.3||-0.3|0.8|0.5|0.027999999999999997||-3.2|-1.1|-4.3|-0.5|marshri01
willina01|10|Nate Williams|27|46|815|15.0|0.47|0.165|4.6|9.7|7.1|7.8|2.0|1.4|9.6|29.1||0.1|0.9|1.1|0.063||-1.4|-2.7|-4.1|-0.4|willina01
johnsch01|11|Charles Johnson|28|32|492|11.8|0.41600000000000004|0.043|4.7|8.2|6.4|13.8|2.9|0.4|8.8|20.9||-0.1|0.6|0.4|0.043||-1.6|-0.8|-2.4|-0.1|johnsch01
coxwe01|12|Wesley Cox|23|43|453|11.7|0.452|0.578|9.2|23.1|16.0|3.5|2.1|1.2|14.2|21.9||-0.2|0.8|0.6|0.062||-4.2|-1.7|-5.9|-0.5|coxwe01
dickede01|13|Derrek Dickey|26|22|273|14.0|0.495|0.131|7.7|10.6|9.1|5.9|1.7|0.4|11.0|22.2||0.2|0.3|0.5|0.084||-1.1|-2.5|-3.6|-0.1|dickede01
mcneila01|14|Larry McNeill|27|9|67|6.5|0.512|1.056|3.0|18.6|10.6|3.7|0.0|0.8|21.0|19.5||0.0|0.1|0.1|0.036000000000000004||-6.0|-3.2|-9.2|-0.1|mcneila01
