|Season|Age|Tm|Lg|Pos|G|MP|PG%|SG%|SF%|PF%|C%|OnCourt|On-Off|BadPass|LostBall|Shoot|Off.|Shoot.1|Off..1|PGA|And1|Blkd
0|2002-03|20.0|LAC|NBA|PF|46.0|479.0|0|0|0|97|2|2.6|8.2|10.0|10.0|35.0|5.0|20.0|0.0|44.0|2.0|10.0
1|2003-04|21.0|LAC|NBA|C|65.0|1340.0|0|0|0|36|64|-3.5|2.4|35.0|18.0|104.0|20.0|67.0|0.0|107.0|18.0|28.0
2|2004-05|22.0|LAC|NBA|C|54.0|1005.0|0|0|0|18|82|-3.3|-3.4|34.0|17.0|69.0|13.0|64.0|0.0|79.0|20.0|25.0
4|2005-06|23.0|LAC|NBA|C|48.0|657.0|0|0|0|39|61|6.1|5.1|9.0|8.0|52.0|11.0|29.0|3.0|38.0|12.0|8.0
5|2005-06|23.0|SEA|NBA|PF|29.0|872.0|0|0|1|96|3|-2.1|1.5|19.0|9.0|51.0|6.0|43.0|1.0|73.0|8.0|17.0
6|2006-07|24.0|SEA|NBA|PF|82.0|2586.0|0|0|0|88|12|-1.1|6.2|36.0|36.0|133.0|32.0|183.0|7.0|180.0|47.0|47.0
7|2007-08|25.0|SEA|NBA|PF|62.0|1739.0|0|0|0|89|11|-5.8|5.9|43.0|28.0|88.0|25.0|122.0|3.0|164.0|23.0|47.0
9|2008-09|26.0|OKC|NBA|C|37.0|719.0|0|0|0|58|43|-8.7|-2.3|23.0|17.0|54.0|6.0|44.0|4.0|74.0|11.0|15.0
10|2008-09|26.0|NYK|NBA|C|25.0|330.0|0|0|0|5|95|-8.8|-6.6|4.0|8.0|24.0|4.0|28.0|1.0|33.0|9.0|9.0
11|2009-10|27.0|DET|NBA|PF|34.0|441.0|0|0|36|63|1|-17.2|-12.8|15.0|11.0|25.0|6.0|22.0|2.0|27.0|5.0|5.0
12|2010-11|28.0|DET|NBA|PF|57.0|995.0|0|0|1|89|11|0.0|5.2|20.0|7.0|77.0|10.0|47.0|2.0|92.0|18.0|17.0
13|2011-12|29.0|BOS|NBA|C|28.0|481.0|0|0|0|46|54|-3.7|-7.9|17.0|7.0|36.0|3.0|19.0|2.0|28.0|3.0|6.0
14|2012-13|30.0|BOS|NBA|C|61.0|830.0|0|0|0|12|88|-1.4|-1.1|13.0|5.0|76.0|11.0|25.0|6.0|49.0|6.0|4.0
