|Season|Age|Tm|Lg|Pos|G|MP|FG%|Dist.|% of 2PA|% of 0-3|% of 3-10|% of 10-16|% of 16-3pt|% of 3P|2P %FG|0-3 %FG|3-10 %FG|10-16 %FG|16-3pt%FG|3P %FG|2P % Assisted|% of Dunks|Dunks Made|3P % Assisted|% of 3PA from Corner|Corner 3 %FG |Heaves Attempted|Heaves Made
0|2002-03|20.0|LAC|NBA|PF|46.0|479.0|0.521|4.2|1.0|0.507|0.34299999999999997|0.121|0.028999999999999998|0.0|0.521|0.648|0.43799999999999994|0.353|0.0||0.616|0.221|27.0||||0.0|0.0
1|2003-04|21.0|LAC|NBA|C|65.0|1340.0|0.521|4.4|0.998|0.544|0.31|0.115|0.03|0.002|0.522|0.6579999999999999|0.4|0.28|0.231|0.0|0.617|0.149|60.0||0.0||0.0|0.0
2|2004-05|22.0|LAC|NBA|C|54.0|1005.0|0.514|4.5|1.0|0.523|0.313|0.109|0.055|0.0|0.514|0.64|0.39799999999999996|0.222|0.556||0.645|0.213|67.0||||0.0|0.0
4|2005-06|23.0|LAC|NBA|C|48.0|657.0|0.536|5.5|0.988|0.44|0.35700000000000004|0.179|0.012|0.012|0.542|0.757|0.36700000000000005|0.36700000000000005|0.5|0.0|0.7440000000000001|0.185|29.0||0.0||1.0|0.0
5|2005-06|23.0|SEA|NBA|PF|29.0|872.0|0.5920000000000001|4.8|1.0|0.504|0.27699999999999997|0.19899999999999998|0.021|0.0|0.5920000000000001|0.754|0.474|0.35700000000000004|0.5||0.778|0.259|68.0||||0.0|0.0
6|2006-07|24.0|SEA|NBA|PF|82.0|2586.0|0.529|5.2|0.993|0.46399999999999997|0.348|0.13699999999999998|0.044000000000000004|0.006999999999999999|0.5329999999999999|0.705|0.42100000000000004|0.295|0.33299999999999996|0.0|0.7090000000000001|0.222|161.0||0.0||3.0|0.0
7|2007-08|25.0|SEA|NBA|PF|62.0|1739.0|0.524|4.7|0.995|0.513|0.284|0.168|0.031|0.005|0.526|0.688|0.409|0.28|0.25|0.0|0.659|0.182|103.0||0.0||0.0|0.0
9|2008-09|26.0|OKC|NBA|C|37.0|719.0|0.485|5.2|0.9890000000000001|0.478|0.32799999999999996|0.153|0.03|0.011000000000000001|0.491|0.68|0.33|0.293|0.25|0.0|0.585|0.183|44.0||0.0||0.0|0.0
10|2008-09|26.0|NYK|NBA|C|25.0|330.0|0.529|2.9|0.99|0.745|0.16699999999999998|0.069|0.01|0.01|0.535|0.579|0.41200000000000003|0.429|0.0|0.0|0.537|0.245|22.0||0.0||1.0|0.0
11|2009-10|27.0|DET|NBA|PF|34.0|441.0|0.525|4.8|1.0|0.575|0.183|0.16699999999999998|0.075|0.0|0.525|0.6809999999999999|0.364|0.35|0.111||0.6509999999999999|0.2|21.0||||0.0|0.0
12|2010-11|28.0|DET|NBA|PF|57.0|995.0|0.581|4.3|0.997|0.606|0.239|0.11199999999999999|0.04|0.003|0.583|0.703|0.39|0.41700000000000004|0.385|0.0|0.684|0.239|66.0||0.0||0.0|0.0
13|2011-12|29.0|BOS|NBA|C|28.0|481.0|0.598|4.7|1.0|0.598|0.23399999999999999|0.10300000000000001|0.065|0.0|0.598|0.688|0.44|0.636|0.28600000000000003||0.7659999999999999|0.243|25.0||||0.0|0.0
14|2012-13|30.0|BOS|NBA|C|61.0|830.0|0.7190000000000001|2.9|0.993|0.804|0.14400000000000002|0.026000000000000002|0.02|0.006999999999999999|0.7240000000000001|0.797|0.455|0.5|0.0|0.0|0.736|0.34|48.0||0.0||1.0|0.0
