|Season|Age|Tm|Lg|Pos|G|MP|PER|TS%|3PAr|FTr|ORB%|DRB%|TRB%|AST%|STL%|BLK%|TOV%|USG%|OWS|DWS|WS|WS/48|OBPM|DBPM|BPM|VORP
0|2004-05|23.0|BOS|NBA|SG|7.0|90.0|4.8|0.451|0.0|0.389|5.5|10.9|8.2|3.8|1.9|2.0|19.2|14.2|-0.1|0.1|0.0|0.013000000000000001|-6.0|2.0|-4.0|0.0
1|2007-08|26.0|BOS|NBA|SG|15.0|65.0|10.8|0.5489999999999999|0.063|0.313|2.0|3.8|2.9|8.2|1.7|0.0|5.2|14.2|0.1|0.1|0.1|0.1|-1.9|-0.9|-2.8|0.0
2|2008-09|27.0|BOS|NBA|SG|10.0|60.0|7.9|0.5329999999999999|0.0|0.125|1.9|16.2|8.9|7.4|1.8|0.0|10.6|7.3|0.0|0.1|0.1|0.077|-3.7|1.2|-2.5|0.0
3|2009-10|28.0|BOS|NBA|SG|24.0|391.0|11.2|0.536|0.051|0.36700000000000005|4.2|8.5|6.4|7.4|3.4|3.1|16.8|16.7|-0.1|0.9|0.8|0.095|-2.6|4.5|1.9|0.4
4|2010-11|29.0|MEM|NBA|SG|13.0|350.0|10.7|0.479|0.069|0.406|4.8|7.7|6.2|9.3|3.8|1.2|16.8|18.6|-0.2|0.4|0.2|0.03|-1.7|2.6|0.9|0.2
5|2011-12|30.0|MEM|NBA|SG|7.0|170.0|9.9|0.457|0.111|0.37799999999999995|5.6|10.4|7.9|5.2|2.9|3.6|16.0|17.0|-0.1|0.3|0.2|0.055999999999999994|-2.7|4.1|1.3|0.1
6|2012-13|31.0|MEM|NBA|SG|15.0|422.0|17.7|0.512|0.064|0.46399999999999997|9.9|16.2|12.9|11.3|3.9|1.0|11.2|18.7|0.6|0.7|1.3|0.14800000000000002|1.6|4.0|5.6|0.8
7|2013-14|32.0|MEM|NBA|SG|7.0|230.0|15.6|0.529|0.09699999999999999|0.292|10.7|15.8|13.1|7.6|2.8|0.4|12.9|18.6|0.2|0.3|0.5|0.09699999999999999|0.2|3.0|3.2|0.3
8|2014-15|33.0|MEM|NBA|SG|10.0|279.0|14.2|0.53|0.12300000000000001|0.21100000000000002|5.4|15.3|10.3|8.3|4.5|3.6|17.3|12.3|0.1|0.6|0.6|0.111|-0.3|6.8|6.5|0.6
9|2015-16|34.0|MEM|NBA|SG|4.0|94.0|6.7|0.387|0.212|0.39399999999999996|6.4|7.2|6.8|5.7|2.9|1.9|13.4|21.9|-0.2|0.0|-0.2|-0.10300000000000001|-3.7|-0.7|-4.4|-0.1
