player_id|Rk|Unnamed: 1|Age|G|GS|MP|FG|FGA|FG%|3P|3PA|3P%|2P|2PA|2P%|eFG%|FT|FTA|FT%|ORB|DRB|TRB|AST|STL|BLK|TOV|PF|PTS/G|player_id
horfoal01|1|Al Horford|26|74|74|37.2|7.8|14.3|0.5429999999999999|0.0|0.1|0.5|7.7|14.2|0.544|0.545|1.8|2.8|0.644|2.6|7.6|10.2|3.2|1.1|1.1|2.0|2.2|17.4|horfoal01
smithjo03|2|Josh Smith|27|76|76|35.3|7.2|15.6|0.465|0.8|2.6|0.303|6.4|12.9|0.498|0.491|2.2|4.2|0.517|1.8|6.7|8.4|4.2|1.2|1.8|3.0|2.3|17.5|smithjo03
teaguje01|3|Jeff Teague|24|80|78|32.9|5.5|12.2|0.451|1.1|3.1|0.359|4.4|9.1|0.48200000000000004|0.496|2.5|2.8|0.8809999999999999|0.3|1.9|2.3|7.2|1.5|0.4|2.9|2.3|14.6|teaguje01
korveky01|4|Kyle Korver|31|74|60|30.5|3.7|8.1|0.461|2.6|5.6|0.457|1.2|2.5|0.47100000000000003|0.618|0.9|1.1|0.8590000000000001|0.3|3.6|4.0|2.0|0.9|0.5|0.9|2.3|10.9|korveky01
willilo02|5|Lou Williams|26|39|9|28.7|4.8|11.4|0.42200000000000004|1.8|5.0|0.36700000000000005|2.9|6.3|0.466|0.503|2.7|3.1|0.868|0.2|1.8|2.1|3.6|1.1|0.3|1.9|1.4|14.1|willilo02
harride01|6|Devin Harris|29|58|34|24.5|3.3|7.6|0.43799999999999994|1.3|4.0|0.335|2.0|3.7|0.5489999999999999|0.525|1.9|2.7|0.727|0.1|1.9|2.0|3.4|1.1|0.2|1.5|1.8|9.9|harride01
pachuza01|7|Zaza Pachulia|28|52|15|21.8|2.2|4.6|0.473|0.0|0.1|0.0|2.2|4.6|0.479|0.473|1.5|2.0|0.757|2.5|3.9|6.5|1.5|0.7|0.2|1.3|2.5|5.9|pachuza01
stevede01|8|DeShawn Stevenson|31|56|31|20.7|1.8|4.7|0.374|1.4|3.7|0.364|0.4|0.9|0.415|0.519|0.2|0.4|0.522|0.3|1.9|2.2|0.9|0.5|0.1|0.4|1.2|5.1|stevede01
pargoja01|9|Jannero Pargo|33|7|0|16.1|1.9|5.4|0.342|1.0|2.9|0.35|0.9|2.6|0.33299999999999996|0.434|0.3|0.3|1.0|0.1|0.9|1.0|2.7|0.4|0.0|0.7|1.1|5.0|pargoja01
tollian01|10|Anthony Tolliver|27|62|11|15.5|1.3|3.5|0.38|0.7|2.1|0.33799999999999997|0.6|1.3|0.446|0.484|0.7|0.8|0.863|0.5|2.0|2.5|0.5|0.2|0.2|0.6|1.1|4.1|tollian01
johnsiv01|11|Ivan Johnson|28|69|5|15.0|2.7|5.2|0.52|0.0|0.2|0.077|2.7|5.0|0.536|0.521|1.2|1.9|0.618|1.1|2.8|3.9|0.7|0.8|0.2|1.0|1.9|6.6|johnsiv01
jenkijo01|12|John Jenkins|21|61|2|14.8|2.1|4.8|0.446|0.9|2.3|0.384|1.3|2.6|0.5|0.536|1.0|1.1|0.843|0.3|1.3|1.5|0.9|0.2|0.2|0.7|0.6|6.1|jenkijo01
jonesda02|13|Dahntay Jones|32|28|4|13.6|1.1|2.9|0.39|0.1|0.4|0.25|1.0|2.5|0.414|0.409|0.8|1.1|0.677|0.4|0.7|1.1|0.7|0.4|0.0|0.6|1.6|3.1|jonesda02
macksh01|14|Shelvin Mack|22|20|1|13.4|2.1|4.2|0.488|0.7|1.8|0.4|1.4|2.5|0.551|0.5710000000000001|0.4|0.7|0.5710000000000001|0.0|1.2|1.2|2.2|0.5|0.0|1.2|1.4|5.2|macksh01
morroan01|15|Anthony Morrow|27|24|1|12.5|2.0|4.6|0.423|0.6|1.6|0.395|1.3|3.0|0.43799999999999994|0.491|0.7|0.8|0.889|0.4|0.7|1.1|0.4|0.5|0.0|0.2|1.4|5.2|morroan01
petrojo01|16|Johan Petro|27|31|8|11.4|1.5|3.5|0.436|0.0|0.1|0.25|1.5|3.4|0.44299999999999995|0.441|0.4|0.4|0.917|1.1|2.5|3.6|0.5|0.3|0.3|0.8|1.5|3.5|petrojo01
scottmi01|17|Mike Scott|24|40|1|9.4|1.8|3.7|0.47600000000000003|0.0|0.0|0.0|1.8|3.7|0.479|0.47600000000000003|1.1|1.4|0.768|1.0|1.8|2.8|0.3|0.1|0.1|0.5|0.8|4.6|scottmi01
tylerje01|18|Jeremy Tyler|21|1|0|5.0|0.0|0.0||0.0|0.0||0.0|0.0|||0.0|0.0||0.0|3.0|3.0|0.0|0.0|0.0|0.0|0.0|0.0|tylerje01
