|Season|Age|Tm|Lg|Pos|G|MP|PER|TS%|3PAr|FTr|ORB%|DRB%|TRB%|AST%|STL%|BLK%|TOV%|USG%|OWS|DWS|WS|WS/48|OBPM|DBPM|BPM|VORP
0|1989-90|23.0|PHO|NBA|PG|67.0|678.0|9.7|0.43|0.07400000000000001|0.273|2.8|6.5|4.8|32.2|2.5|0.1|24.1|19.4|-0.8|0.7|-0.1|-0.006999999999999999|-4.0|-1.3|-5.3|-0.6
1|1990-91|24.0|NYK|NBA|PG|22.0|107.0|9.2|0.439|0.111|0.222|1.1|9.4|5.4|25.4|4.3|0.0|25.2|16.2|-0.1|0.2|0.0|0.012|-4.8|0.6|-4.2|-0.1
3|1991-92|25.0|CHH|NBA|PG|13.0|57.0|8.1|0.055999999999999994|0.0|0.25|1.9|5.8|3.8|34.6|6.6|0.0|36.0|9.8|-0.2|0.1|-0.1|-0.062|-8.3|1.1|-7.2|-0.1
4|1991-92|25.0|PHI|NBA|PG|55.0|834.0|13.3|0.494|0.083|0.10099999999999999|1.8|7.1|4.5|34.7|2.3|0.1|15.3|14.1|1.0|0.5|1.5|0.086|-1.2|-2.7|-3.9|-0.4
5|1992-93|26.0|PHI|NBA|PG|72.0|996.0|8.7|0.415|0.309|0.141|2.6|4.7|3.6|28.3|2.1|0.1|18.8|12.2|-0.2|0.4|0.2|0.01|-3.5|-2.8|-6.3|-1.1
6|1994-95|28.0|DEN|NBA|PG|14.0|151.0|9.1|0.405|0.212|0.364|1.6|5.4|3.6|40.2|2.1|1.0|26.8|15.6|-0.1|0.1|0.0|0.011000000000000001|-4.6|-3.7|-8.3|-0.2
8|1995-96|29.0|PHI|NBA|PG|11.0|280.0|9.5|0.444|0.375|0.125|1.2|7.6|4.3|33.3|2.2|0.5|22.9|10.5|0.1|0.1|0.1|0.026000000000000002|-3.2|-2.9|-6.1|-0.3
9|1995-96|29.0|WSB|NBA|PG|10.0|138.0|7.5|0.429|0.35700000000000004|0.0|0.9|4.2|2.6|22.9|3.0|0.0|26.3|12.3|-0.1|0.1|0.0|0.002|-4.1|-1.5|-5.7|-0.1
10|1995-96|29.0|DEN|NBA|PG|10.0|109.0|3.1|0.304|0.261|0.0|3.2|4.3|3.7|18.3|1.0|0.0|17.9|11.5|-0.2|0.0|-0.1|-0.053|-6.0|-2.4|-8.5|-0.2
