|Season|Age|Tm|Lg|Pos|G|GS|MP|FG|FGA|FG%|3P|3PA|3P%|2P|2PA|2P%|FT|FTA|FT%|ORB|DRB|TRB|AST|STL|BLK|TOV|PF|PTS
0|2009-10|22.0|NOH|NBA|PG|76.0|37.0|2109.0|6.4|13.5|0.47700000000000004|0.8|2.0|0.4|5.6|11.5|0.49|2.5|3.0|0.851|0.7|2.6|3.3|7.4|1.3|0.1|3.4|1.6|16.1
1|2010-11|23.0|IND|NBA|PG|79.0|79.0|2360.0|6.1|13.3|0.457|0.6|1.9|0.331|5.4|11.4|0.479|3.1|3.5|0.871|0.6|2.8|3.4|6.1|1.3|0.2|3.0|1.7|15.8
2|2011-12|24.0|IND|NBA|PG|60.0|56.0|1878.0|4.4|10.0|0.44|0.7|1.8|0.36200000000000004|3.8|8.2|0.457|2.4|2.9|0.83|0.6|3.0|3.6|5.5|0.9|0.3|2.2|1.9|11.9
3|2012-13|25.0|DAL|NBA|PG|81.0|47.0|2372.0|5.2|11.0|0.47100000000000003|0.7|2.1|0.353|4.4|8.9|0.498|3.7|4.2|0.88|0.5|2.9|3.3|6.3|1.5|0.1|2.6|2.1|14.8
4|2013-14|26.0|LAC|NBA|PG|80.0|35.0|2069.0|5.6|12.1|0.467|1.2|3.3|0.376|4.4|8.8|0.501|3.3|3.9|0.857|0.8|2.5|3.3|5.2|1.6|0.3|2.3|2.6|15.9
5|2014-15|27.0|SAC|NBA|PG|45.0|45.0|1565.0|6.0|12.7|0.473|1.4|3.7|0.373|4.6|8.9|0.514|3.3|4.2|0.7879999999999999|0.4|2.9|3.3|5.8|1.5|0.3|2.6|2.2|16.7
6|2015-16|28.0|SAC|NBA|PG|74.0|15.0|2219.0|6.1|12.6|0.486|1.4|3.5|0.401|4.7|9.1|0.519|3.1|3.7|0.858|0.5|2.3|2.7|5.2|1.2|0.1|2.1|2.3|16.8
7|2016-17|29.0|SAC|NBA|PG|68.0|64.0|2063.0|5.9|12.5|0.47600000000000003|1.3|3.1|0.41700000000000004|4.7|9.4|0.495|2.6|3.0|0.86|0.4|2.3|2.7|5.4|1.2|0.2|2.0|2.1|15.7
8|2017-18|30.0|IND|NBA|PG|69.0|64.0|2018.0|5.6|11.4|0.495|1.7|3.7|0.46799999999999997|3.9|7.7|0.508|2.3|2.6|0.882|0.7|2.5|3.2|6.6|1.6|0.3|1.5|2.2|15.3
9|2018-19|31.0|IND|NBA|PG|76.0|76.0|2143.0|5.2|11.1|0.467|1.3|3.3|0.40700000000000003|3.8|7.8|0.49200000000000005|2.7|3.2|0.8320000000000001|0.6|3.3|3.9|7.7|1.8|0.2|2.1|2.3|14.3
