|Season|Age|Tm|Lg|Pos|G|GS|MP|FG|FGA|FG%|3P|3PA|3P%|2P|2PA|2P%|FT|FTA|FT%|ORB|DRB|TRB|AST|STL|BLK|TOV|PF|PTS|ORtg|DRtg
0|2009-10|22.0|NOH|NBA|PG|76.0|37.0|2109.0|9.2|19.4|0.47700000000000004|1.1|2.8|0.4|8.1|16.6|0.49|3.6|4.3|0.851|1.0|3.7|4.7|10.6|1.9|0.1|5.0|2.3|23.2|105.0|112.0
1|2010-11|23.0|IND|NBA|PG|79.0|79.0|2360.0|8.5|18.7|0.457|0.9|2.7|0.331|7.7|16.0|0.479|4.3|5.0|0.871|0.9|4.0|4.8|8.7|1.9|0.3|4.2|2.3|22.3|105.0|108.0
2|2011-12|24.0|IND|NBA|PG|60.0|56.0|1878.0|6.5|14.7|0.44|1.0|2.6|0.36200000000000004|5.5|12.1|0.457|3.6|4.3|0.83|0.8|4.4|5.3|8.1|1.4|0.4|3.2|2.8|17.5|108.0|107.0
3|2012-13|25.0|DAL|NBA|PG|81.0|47.0|2372.0|7.3|15.6|0.47100000000000003|1.0|2.9|0.353|6.3|12.7|0.498|5.2|5.9|0.88|0.7|4.0|4.7|8.9|2.2|0.2|3.7|3.0|20.9|111.0|109.0
4|2013-14|26.0|LAC|NBA|PG|80.0|35.0|2069.0|7.8|16.8|0.467|1.7|4.6|0.376|6.1|12.2|0.501|4.6|5.4|0.857|1.1|3.4|4.5|7.2|2.2|0.4|3.2|3.6|22.0|113.0|107.0
5|2014-15|27.0|SAC|NBA|PG|45.0|45.0|1565.0|8.4|17.7|0.473|1.9|5.2|0.373|6.4|12.5|0.514|4.7|5.9|0.7879999999999999|0.6|4.0|4.6|8.1|2.2|0.5|3.6|3.1|23.3|112.0|110.0
6|2015-16|28.0|SAC|NBA|PG|74.0|15.0|2219.0|8.2|16.8|0.486|1.9|4.7|0.401|6.3|12.1|0.519|4.2|4.9|0.858|0.6|3.1|3.7|6.9|1.6|0.1|2.8|3.1|22.4|115.0|112.0
7|2016-17|29.0|SAC|NBA|PG|68.0|64.0|2063.0|8.3|17.5|0.47600000000000003|1.8|4.3|0.41700000000000004|6.5|13.2|0.495|3.6|4.2|0.86|0.6|3.2|3.7|7.7|1.6|0.2|2.8|2.9|22.1|113.0|114.0
8|2017-18|30.0|IND|NBA|PG|69.0|64.0|2018.0|7.8|15.8|0.495|2.4|5.1|0.46799999999999997|5.4|10.7|0.508|3.1|3.6|0.882|0.9|3.5|4.4|9.1|2.3|0.4|2.1|3.0|21.2|126.0|110.0
9|2018-19|31.0|IND|NBA|PG|76.0|76.0|2143.0|7.0|15.0|0.467|1.8|4.4|0.40700000000000003|5.2|10.6|0.49200000000000005|3.6|4.3|0.8320000000000001|0.8|4.5|5.3|10.5|2.5|0.2|2.9|3.1|19.5|118.0|108.0
