|Season|Age|Tm|Lg|Pos|G|GS|MP|FG|FGA|FG%|FT|FTA|FT%|ORB|DRB|TRB|AST|STL|BLK|PF|PTS
0|1966-67|22.0|LAL|NBA|PF|22.0||118.0|20.0|52.0|0.385|24.0|34.0|0.706|||45.0|5.0|||20.0|64.0
1|1967-68|23.0|SDR|NBA|C|52.0||1805.0|366.0|865.0|0.423|316.0|394.0|0.802|||571.0|71.0|||189.0|1048.0
2|1968-69|24.0|SDR|NBA|PF|78.0||2489.0|448.0|1061.0|0.42200000000000004|299.0|400.0|0.748|||703.0|141.0|||249.0|1195.0
3|1969-70|25.0|SDR|NBA|PF|82.0||2152.0|453.0|1025.0|0.442|287.0|367.0|0.782|||609.0|137.0|||275.0|1193.0
4|1970-71|26.0|SDR|NBA|PF|73.0||1464.0|245.0|584.0|0.42|212.0|270.0|0.785|||442.0|98.0|||193.0|702.0
5|1971-72|27.0|MIL|NBA|PF|79.0||1524.0|233.0|530.0|0.44|206.0|275.0|0.7490000000000001|||410.0|95.0|||213.0|672.0
7|1972-73|28.0|PHI|NBA|PF|48.0||1558.0|311.0|706.0|0.441|236.0|302.0|0.7809999999999999|||442.0|94.0|||173.0|858.0
8|1972-73|28.0|KCO|NBA|PF|25.0||483.0|80.0|180.0|0.444|64.0|76.0|0.8420000000000001|||120.0|19.0|||69.0|224.0
9|1973-74|29.0|KCO|NBA|PF|82.0||1777.0|275.0|634.0|0.434|164.0|206.0|0.7959999999999999|129.0|260.0|389.0|94.0|68.0|35.0|229.0|714.0
11|1974-75|30.0|NOJ|NBA|PF|4.0||57.0|9.0|29.0|0.31|9.0|10.0|0.9|6.0|12.0|18.0|7.0|4.0|1.0|11.0|27.0
12|1974-75|30.0|CHI|NBA|PF|50.0||882.0|150.0|317.0|0.473|105.0|134.0|0.784|63.0|151.0|214.0|44.0|38.0|31.0|110.0|405.0
13|1975-76|31.0|CHI|NBA|PF|2.0||7.0|2.0|4.0|0.5|0.0|2.0|0.0|0.0|2.0|2.0|0.0|1.0|0.0|2.0|4.0
