player_id|Rk|Unnamed: 1|Age|G|MP|PER|TS%|3PAr|FTr|ORB%|DRB%|TRB%|AST%|STL%|BLK%|TOV%|USG%|Unnamed: 17|OWS|DWS|WS|WS/48|Unnamed: 22|OBPM|DBPM|BPM|VORP|player_id
johnsjo02|1|Joe Johnson|28|76|2886|19.3|0.5379999999999999|0.253|0.19399999999999998|3.0|11.4|7.1|22.0|1.5|0.1|8.8|26.3||6.0|2.4|8.4|0.14||3.5|-1.3|2.2|3.0|johnsjo02
smithjo03|2|Josh Smith|24|81|2871|21.0|0.536|0.006999999999999999|0.42200000000000004|9.0|19.8|14.3|19.0|2.4|4.5|14.3|22.2||4.2|5.1|9.3|0.155||1.2|4.3|5.5|5.4|smithjo03
horfoal01|3|Al Horford|23|81|2845|19.4|0.594|0.001|0.319|9.6|23.3|16.4|10.4|1.1|2.4|11.2|17.6||6.9|3.9|10.9|0.183||1.5|1.9|3.3|3.8|horfoal01
willima02|4|Marvin Williams|23|81|2468|13.0|0.54|0.19899999999999998|0.324|5.0|14.8|9.8|5.6|1.4|1.4|8.7|15.5||3.1|2.6|5.7|0.11199999999999999||-0.5|0.4|-0.2|1.1|willima02
crawfja01|5|Jamal Crawford|29|79|2460|18.4|0.573|0.386|0.285|1.6|8.0|4.8|16.1|1.3|0.4|9.9|25.8||5.6|1.7|7.3|0.14300000000000002||3.5|-2.7|0.8|1.8|crawfja01
bibbymi01|6|Mike Bibby|31|80|2195|12.7|0.5379999999999999|0.503|0.12300000000000001|1.1|8.8|4.9|20.8|1.6|0.1|11.7|16.1||3.0|1.7|4.8|0.10400000000000001||1.2|-1.5|-0.2|1.0|bibbymi01
evansma01|7|Maurice Evans|31|79|1317|12.2|0.539|0.43|0.155|5.2|8.5|6.8|5.5|1.4|1.0|4.5|15.4||2.1|1.1|3.1|0.114||0.7|-1.4|-0.7|0.4|evansma01
pachuza01|8|Zaza Pachulia|25|78|1089|13.1|0.539|0.016|0.581|12.4|19.0|15.7|5.6|1.8|2.2|15.8|15.5||1.2|1.5|2.7|0.121||-1.7|0.8|-0.9|0.3|pachuza01
teaguje01|9|Jeff Teague|21|71|719|11.0|0.45899999999999996|0.141|0.21600000000000003|0.8|10.2|5.4|25.1|2.5|1.2|16.7|19.1||-0.2|0.8|0.6|0.042||-3.5|-0.7|-4.2|-0.4|teaguje01
smithjo02|10|Joe Smith|34|64|592|11.2|0.45299999999999996|0.036000000000000004|0.249|12.9|18.1|15.5|5.3|0.5|2.4|9.3|18.4||0.3|0.6|0.9|0.077||-3.5|-1.4|-4.9|-0.4|smithjo02
westma02|11|Mario West|25|39|142|9.9|0.591|0.048|0.47600000000000003|6.5|15.8|11.1|8.8|3.0|0.0|21.6|10.5||0.1|0.2|0.3|0.106||-2.1|1.3|-0.8|0.0|westma02
morrira01|12|Randolph Morris|24|28|124|14.6|0.586|0.0|0.659|9.3|26.6|17.9|2.6|2.1|1.8|18.5|24.1||0.1|0.2|0.3|0.10800000000000001||-4.5|-2.1|-6.6|-0.1|morrira01
collija04|13|Jason Collins|31|24|115|0.9|0.335|0.043|0.087|5.0|9.2|7.1|4.8|1.4|1.3|17.3|11.6||-0.2|0.1|-0.1|-0.044000000000000004||-6.7|0.0|-6.7|-0.1|collija04
hunteot01|14|Othello Hunter|23|7|33|7.9|0.4|0.0|0.33299999999999996|21.0|21.4|21.2|0.0|0.0|2.3|17.9|23.4||-0.1|0.0|0.0|-0.031||-9.2|-7.2|-16.5|-0.1|hunteot01
