|Season|Age|Tm|Lg|Pos|G|GS|MP|FG|FGA|FG%|3P|3PA|3P%|2P|2PA|2P%|FT|FTA|FT%|ORB|DRB|TRB|AST|STL|BLK|TOV|PF|PTS|ORtg|DRtg
0|2009-10|21.0|DET|NBA|SF|69.0|4.0|915.0|8.1|17.5|0.46399999999999997|1.7|5.6|0.305|6.4|11.8|0.54|2.7|3.3|0.821|2.0|8.3|10.3|2.0|1.5|1.5|2.8|6.8|20.7|105.0|110.0
1|2010-11|22.0|DET|NBA|SF|72.0|16.0|1446.0|7.2|17.5|0.41|2.6|6.4|0.401|4.6|11.1|0.415|3.1|4.0|0.759|2.4|7.8|10.2|2.9|1.5|1.5|2.2|6.1|20.0|106.0|110.0
2|2011-12|23.0|DET|NBA|SF|41.0|4.0|603.0|6.5|20.2|0.322|1.2|5.5|0.21|5.4|14.7|0.364|3.1|3.8|0.8140000000000001|1.2|6.9|8.1|2.9|2.0|1.9|3.6|5.5|17.3|80.0|104.0
4|2012-13|24.0|DET|NBA|SF|24.0|0.0|348.0|6.5|14.7|0.44299999999999995|3.2|6.1|0.525|3.3|8.7|0.386|2.3|2.7|0.833|1.5|8.0|9.6|3.2|0.8|1.2|2.0|6.5|18.5|115.0|109.0
5|2012-13|24.0|MEM|NBA|SF|31.0|0.0|328.0|7.8|18.4|0.423|3.3|9.6|0.345|4.5|8.8|0.509|1.8|2.6|0.688|1.0|8.9|9.9|3.5|1.5|2.3|2.6|6.5|20.7|104.0|99.0
7|2013-14|25.0|TOR|NBA|SF|8.0|0.0|33.0|4.8|20.6|0.231|0.0|12.7|0.0|4.8|7.9|0.6|3.2|4.8|0.667|3.2|7.9|11.1|3.2|0.0|0.0|0.0|6.3|12.7|79.0|109.0
8|2013-14|25.0|SAS|NBA|SF|14.0|1.0|115.0|9.2|24.2|0.382|5.3|12.7|0.414|4.0|11.4|0.34600000000000003|1.8|3.1|0.5710000000000001|1.3|7.5|8.8|2.6|1.8|1.8|2.2|6.2|25.5|98.0|101.0
10|2014-15|26.0|SAS|NBA|SF|26.0|4.0|268.0|7.6|22.0|0.348|3.6|10.9|0.33299999999999996|4.0|11.1|0.36200000000000004|0.8|0.8|1.0|1.1|10.5|11.7|1.7|1.5|0.6|3.4|5.7|19.7|82.0|101.0
11|2014-15|26.0|ATL|NBA|SF|8.0|0.0|76.0|6.7|17.5|0.385|3.4|9.4|0.35700000000000004|3.4|8.1|0.41700000000000004|0.7|1.3|0.5|2.7|6.7|9.4|5.4|2.7|1.3|3.4|6.1|17.5|96.0|101.0
