player_id|Rk|Unnamed: 1|Age|G|MP|PER|TS%|FTr|ORB%|DRB%|TRB%|AST%|Unnamed: 12|OWS|DWS|WS|WS/48|player_id
kauffbo01|1|Bob Kauffman|26|77|3049|18.4|0.555|0.33899999999999997|||13.1|18.0||6.9|1.0|7.9|0.124|kauffbo01
smithel01|2|Elmore Smith|23|76|2829|16.5|0.498|0.271|||15.6|9.9||3.0|0.9|3.9|0.067|smithel01
smithra01|3|Randy Smith|24|82|2603|15.0|0.478|0.22899999999999998|||7.0|23.2||1.6|0.7|2.2|0.040999999999999995|smithra01
mcadobo01|4|Bob McAdoo|21|80|2562|16.8|0.498|0.271|||13.3|8.1||3.1|0.7|3.8|0.071|mcadobo01
garredi01|5|Dick Garrett|26|78|1805|11.2|0.452|0.135|||5.4|17.0||-0.3|0.4|0.1|0.001|garredi01
hummejo01|6|John Hummer|24|66|1546|11.0|0.475|0.442|||9.8|11.7||0.6|0.4|1.0|0.03|hummejo01
wohlda01|7|Dave Wohl|23|56|1540|10.6|0.495|0.22|||2.7|22.0||1.2|0.3|1.5|0.048|wohlda01
komivho01|8|Howard Komives|31|67|1468|9.1|0.435|0.228|||3.8|20.7||-0.5|0.3|-0.1|-0.005|komivho01
hewitbi01|9|Bill Hewitt|28|73|1332|9.8|0.435|0.203|||12.9|10.6||-0.5|0.4|-0.1|-0.005|hewitbi01
hiltofr01|10|Fred Hilton|25|59|731|11.2|0.409|0.107|||6.3|15.9||-1.5|0.2|-1.4|-0.091|hiltofr01
abdulma01|11|Walt Hazzard|30|9|134|8.7|0.423|0.1|||3.5|17.9||-0.1|0.0|-0.1|-0.036000000000000004|abdulma01
foxha01|12|Harold Fox|23|10|84|10.0|0.436|0.25|||4.5|15.8||0.0|0.0|0.0|-0.013999999999999999|foxha01
warneco01|13|Cornell Warner|24|4|47|14.5|0.475|0.11800000000000001|||14.9|17.6||0.0|0.0|0.0|0.036000000000000004|warneco01
