player_id|Rk|Unnamed: 1|Age|G|GS|MP|FG|FGA|FG%|FT|FTA|FT%|TRB|AST|PF|PTS/G|player_id
kauffbo01|1|Bob Kauffman|26|77||39.6|6.9|13.8|0.505|3.6|4.7|0.78|11.1|5.1|2.7|17.5|kauffbo01
smithel01|2|Elmore Smith|23|76||37.2|7.9|16.4|0.48200000000000004|2.5|4.4|0.5579999999999999|12.4|2.5|3.9|18.3|smithel01
mcadobo01|3|Bob McAdoo|21|80||32.0|7.3|16.2|0.452|3.4|4.4|0.774|9.1|1.7|3.2|18.0|mcadobo01
smithra01|4|Randy Smith|24|82||31.7|6.2|14.1|0.44299999999999995|2.3|3.2|0.727|4.8|5.1|3.0|14.8|smithra01
wohlda01|5|Dave Wohl|23|56||27.5|3.7|8.1|0.456|1.4|1.8|0.79|1.6|4.6|3.3|8.8|wohlda01
hummejo01|6|John Hummer|24|66||23.4|3.1|7.0|0.444|1.7|3.1|0.561|4.9|2.1|2.8|8.0|hummejo01
garredi01|7|Dick Garrett|26|78||23.1|4.4|10.4|0.419|1.2|1.4|0.873|2.7|2.8|2.8|10.0|garredi01
komivho01|8|Howard Komives|31|67||21.9|2.4|6.4|0.38|1.3|1.5|0.867|1.8|3.6|2.3|6.1|komivho01
hewitbi01|9|Bill Hewitt|28|73||18.2|2.1|5.0|0.418|0.6|1.0|0.5539999999999999|5.0|1.5|2.1|4.7|hewitbi01
abdulma01|10|Walt Hazzard|30|9||14.9|2.8|6.7|0.41700000000000004|0.3|0.7|0.5|1.1|1.9|2.1|5.9|abdulma01
hiltofr01|11|Fred Hilton|25|59||12.4|3.2|8.4|0.387|0.7|0.9|0.774|1.7|1.3|1.7|7.2|hiltofr01
warneco01|12|Cornell Warner|24|4||11.8|2.0|4.3|0.47100000000000003|0.3|0.5|0.5|3.8|1.5|1.5|4.3|warneco01
foxha01|13|Harold Fox|23|10||8.4|1.2|3.2|0.375|0.7|0.8|0.875|0.8|1.0|0.7|3.1|foxha01
