player_id|Rk|Unnamed: 1|Age|G|GS|MP|FG|FGA|FG%|FT|FTA|FT%|TRB|AST|PF|PTS|player_id
kauffbo01|1|Bob Kauffman|26|77||3049|535|1059|0.505|280|359|0.78|855|396|211|1350|kauffbo01
smithel01|2|Elmore Smith|23|76||2829|600|1244|0.48200000000000004|188|337|0.5579999999999999|946|192|295|1388|smithel01
smithra01|3|Randy Smith|24|82||2603|511|1154|0.44299999999999995|192|264|0.727|391|422|247|1214|smithra01
mcadobo01|4|Bob McAdoo|21|80||2562|585|1293|0.452|271|350|0.774|728|139|256|1441|mcadobo01
garredi01|5|Dick Garrett|26|78||1805|341|813|0.419|96|110|0.873|209|217|217|778|garredi01
hummejo01|6|John Hummer|24|66||1546|206|464|0.444|115|205|0.561|323|138|185|527|hummejo01
wohlda01|7|Dave Wohl|23|56||1540|207|454|0.456|79|100|0.79|89|258|182|493|wohlda01
komivho01|8|Howard Komives|31|67||1468|163|429|0.38|85|98|0.867|118|239|155|411|komivho01
hewitbi01|9|Bill Hewitt|28|73||1332|152|364|0.418|41|74|0.5539999999999999|368|110|154|345|hewitbi01
hiltofr01|10|Fred Hilton|25|59||731|191|494|0.387|41|53|0.774|98|74|100|423|hiltofr01
abdulma01|11|Walt Hazzard|30|9||134|25|60|0.41700000000000004|3|6|0.5|10|17|19|53|abdulma01
foxha01|12|Harold Fox|23|10||84|12|32|0.375|7|8|0.875|8|10|7|31|foxha01
warneco01|13|Cornell Warner|24|4||47|8|17|0.47100000000000003|1|2|0.5|15|6|6|17|warneco01
