|Season|Age|Tm|Lg|Pos|G|GS|MP|FG|FGA|FG%|3P|3PA|3P%|2P|2PA|2P%|eFG%|FT|FTA|FT%|ORB|DRB|TRB|AST|STL|BLK|TOV|PF|PTS
0|2004-05|20.0|BOS|NBA|C|6.0|0.0|28.0|4.0|5.0|0.8|0.0|0.0||4.0|5.0|0.8|0.8|1.0|3.0|0.33299999999999996|3.0|3.0|6.0|0.0|0.0|3.0|3.0|7.0|9.0
1|2007-08|23.0|BOS|NBA|C|25.0|25.0|631.0|62.0|106.0|0.585|0.0|1.0|0.0|62.0|105.0|0.59|0.585|40.0|59.0|0.6779999999999999|52.0|101.0|153.0|13.0|15.0|32.0|31.0|91.0|164.0
2|2008-09|24.0|BOS|NBA|C|14.0|14.0|512.0|73.0|127.0|0.575|0.0|1.0|0.0|73.0|126.0|0.579|0.575|20.0|30.0|0.667|51.0|111.0|162.0|20.0|6.0|37.0|33.0|51.0|166.0
3|2009-10|25.0|BOS|NBA|C|23.0|23.0|575.0|49.0|96.0|0.51|0.0|1.0|0.0|49.0|95.0|0.516|0.51|33.0|55.0|0.6|41.0|102.0|143.0|22.0|9.0|32.0|43.0|79.0|131.0
4|2010-11|26.0|OKC|NBA|C|17.0|17.0|479.0|29.0|64.0|0.45299999999999996|0.0|0.0||29.0|64.0|0.45299999999999996|0.45299999999999996|19.0|33.0|0.5760000000000001|37.0|66.0|103.0|13.0|4.0|13.0|27.0|57.0|77.0
5|2011-12|27.0|OKC|NBA|C|20.0|20.0|517.0|37.0|89.0|0.41600000000000004|0.0|0.0||37.0|89.0|0.41600000000000004|0.41600000000000004|20.0|25.0|0.8|35.0|89.0|124.0|13.0|7.0|25.0|29.0|59.0|94.0
6|2012-13|28.0|OKC|NBA|C|11.0|11.0|210.0|10.0|38.0|0.263|0.0|1.0|0.0|10.0|37.0|0.27|0.263|4.0|4.0|1.0|15.0|26.0|41.0|7.0|8.0|5.0|23.0|39.0|24.0
7|2013-14|29.0|OKC|NBA|C|19.0|19.0|384.0|24.0|45.0|0.5329999999999999|0.0|0.0||24.0|45.0|0.5329999999999999|0.5329999999999999|12.0|15.0|0.8|33.0|69.0|102.0|14.0|4.0|6.0|25.0|64.0|60.0
8|2014-15|30.0|CLE|NBA|C|8.0|0.0|33.0|2.0|8.0|0.25|0.0|0.0||2.0|8.0|0.25|0.25|6.0|10.0|0.6|2.0|7.0|9.0|0.0|0.0|3.0|4.0|6.0|10.0
