|Season|Age|Tm|Lg|Pos|G|MP|PG%|SG%|SF%|PF%|C%|OnCourt|On-Off|BadPass|LostBall|Shoot|Off.|Shoot.1|Off..1|PGA|And1|Blkd
0|2004-05|20.0|BOS|NBA|C|6.0|28.0|0|0|0|0|100|-47.4|-50.0|1.0|1.0|4.0|0.0|1.0|0.0|0.0|1.0|0.0
1|2007-08|23.0|BOS|NBA|C|25.0|631.0|0|0|0|0|100|11.3|10.4|12.0|5.0|37.0|9.0|30.0|0.0|29.0|5.0|17.0
2|2008-09|24.0|BOS|NBA|C|14.0|512.0|0|0|0|0|100|2.0|5.8|6.0|8.0|20.0|13.0|16.0|0.0|44.0|6.0|18.0
3|2009-10|25.0|BOS|NBA|C|23.0|575.0|0|0|0|0|100|7.7|9.4|10.0|9.0|32.0|14.0|21.0|4.0|51.0|3.0|20.0
4|2010-11|26.0|OKC|NBA|C|17.0|479.0|0|0|0|0|100|-4.1|-13.9|7.0|7.0|26.0|4.0|12.0|0.0|28.0|3.0|8.0
5|2011-12|27.0|OKC|NBA|C|20.0|517.0|0|0|0|0|100|1.7|-4.5|8.0|6.0|26.0|9.0|8.0|1.0|27.0|0.0|16.0
6|2012-13|28.0|OKC|NBA|C|11.0|210.0|0|0|0|0|100|-10.3|-17.9|9.0|6.0|16.0|6.0|2.0|0.0|16.0|0.0|5.0
7|2013-14|29.0|OKC|NBA|C|19.0|384.0|0|0|0|1|99|2.9|7.0|6.0|6.0|28.0|9.0|8.0|1.0|33.0|1.0|5.0
8|2014-15|30.0|CLE|NBA|C|8.0|33.0|0|0|0|6|94|-17.4|-22.2|1.0|1.0|2.0|2.0|2.0|0.0|0.0|0.0|1.0
