|Season|Age|Tm|Lg|Pos|G|MP|PG%|SG%|SF%|PF%|C%|OnCourt|On-Off|BadPass|LostBall|Shoot|Off.|Shoot.1|Off..1|PGA|And1|Blkd
0|2004-05|22.0|CHI|NBA|PG|82.0|2177.0|95|6|0|0|0|2.8|3.3|76.0|23.0|84.0|8.0|24.0|0.0|872.0|9.0|25.0
1|2005-06|23.0|CHI|NBA|PG|74.0|2155.0|89|11|0|0|0|-1.1|-4.5|73.0|29.0|54.0|3.0|39.0|22.0|821.0|7.0|29.0
2|2006-07|24.0|CHI|NBA|PG|78.0|1906.0|99|1|0|0|0|4.7|-1.3|70.0|19.0|69.0|5.0|34.0|30.0|673.0|7.0|28.0
3|2007-08|25.0|CHI|NBA|PG|66.0|1490.0|100|0|0|0|0|-1.8|2.1|47.0|6.0|44.0|4.0|35.0|9.0|574.0|6.0|29.0
4|2008-09|26.0|NYK|NBA|PG|79.0|2906.0|57|43|0|0|0|-3.7|-3.5|150.0|52.0|54.0|4.0|63.0|18.0|1340.0|15.0|36.0
5|2009-10|27.0|NYK|NBA|PG|67.0|2072.0|88|12|0|0|0|-3.2|1.3|78.0|19.0|37.0|5.0|24.0|14.0|878.0|3.0|16.0
6|2010-11|28.0|ORL|NBA|PG|51.0|774.0|96|4|0|0|0|1.8|-5.3|39.0|15.0|13.0|2.0|8.0|7.0|292.0|1.0|14.0
7|2011-12|29.0|ORL|NBA|PG|63.0|1226.0|100|0|0|0|0|0.7|-0.4|44.0|24.0|27.0|1.0|5.0|8.0|360.0|1.0|9.0
8|2012-13|30.0|LAL|NBA|PG|46.0|820.0|100|0|0|0|0|-0.4|-2.5|26.0|12.0|29.0|1.0|3.0|3.0|316.0|1.0|4.0
