player_id|Rk|Unnamed: 1|Age|G|GS|MP|FG|FGA|FG%|FT|FTA|FT%|TRB|AST|PF|PTS/G|player_id
thurmna01|1|Nate Thurmond|24|73||39.6|6.2|15.3|0.406|3.8|5.9|0.654|18.0|1.5|3.1|16.3|thurmna01
barryri01|2|Rick Barry|21|80||37.4|9.3|21.2|0.439|7.1|8.3|0.862|10.6|2.2|3.7|25.7|barryri01
rodgegu01|3|Guy Rodgers|30|79||36.7|7.4|19.9|0.373|3.7|5.2|0.727|5.3|10.7|3.1|18.6|rodgegu01
meschto01|4|Tom Meschery|27|80||29.8|5.0|11.2|0.44799999999999995|2.8|3.7|0.765|9.0|1.0|3.6|12.8|meschto01
neumapa01|5|Paul Neumann|28|66||26.2|5.2|12.4|0.42|4.0|4.8|0.836|3.2|2.8|2.6|14.4|neumapa01
attleal01|6|Al Attles|29|79||26.0|4.6|9.2|0.503|1.9|3.2|0.611|4.1|2.8|3.4|11.2|attleal01
mclemmc01|7|McCoy McLemore|23|80||18.3|2.8|6.6|0.426|1.8|2.4|0.743|6.1|0.7|2.5|7.4|mclemmc01
hetzefr01|8|Fred Hetzel|23|56||12.9|2.9|7.2|0.39899999999999997|1.1|1.6|0.685|5.2|0.5|2.2|6.8|hetzefr01
phillga01|9|Gary Phillips|26|67||12.9|1.6|4.5|0.35|0.8|1.3|0.621|2.0|1.7|1.4|4.0|phillga01
olsenbu01|10|Bud Olsen|25|55||10.3|1.4|3.4|0.42200000000000004|0.7|1.5|0.447|3.3|0.3|1.4|3.5|olsenbu01
erickke01|11|Keith Erickson|21|64||10.1|1.5|4.2|0.35600000000000004|0.7|1.0|0.662|2.5|0.6|1.4|3.6|erickke01
fraziwi01|12|Will Frazier|23|2||4.5|0.0|2.0|0.0|0.5|1.0|0.5|2.5|0.5|0.5|0.5|fraziwi01
