player_id|Rk|Unnamed: 1|Age|G|GS|MP|FG|FGA|FG%|3P|3PA|3P%|2P|2PA|2P%|eFG%|FT|FTA|FT%|ORB|DRB|TRB|AST|STL|BLK|TOV|PF|PTS|player_id
duhonch01|1|Chris Duhon|26|79|78|2906|287|681|0.42100000000000004|127|325|0.391|160|356|0.449|0.515|179|209|0.856|45|201|246|566|72|7|221|126|880|duhonch01
leeda02|2|David Lee|25|81|74|2824|522|951|0.5489999999999999|0|3|0.0|522|948|0.551|0.5489999999999999|249|330|0.755|256|695|951|174|80|22|150|260|1293|leeda02
chandwi01|3|Wilson Chandler|21|82|70|2735|455|1054|0.43200000000000005|103|314|0.32799999999999996|352|740|0.47600000000000003|0.48100000000000004|171|215|0.795|91|354|445|170|71|75|139|250|1184|chandwi01
harrial01|4|Al Harrington|28|68|51|2380|509|1142|0.446|160|442|0.36200000000000004|349|700|0.499|0.516|229|285|0.804|89|338|427|92|81|22|154|213|1407|harrial01
robinna01|5|Nate Robinson|24|74|11|2209|449|1028|0.43700000000000006|125|385|0.325|324|643|0.504|0.498|249|296|0.841|98|192|290|301|95|6|139|206|1272|robinna01
richaqu01|6|Quentin Richardson|28|72|51|1894|262|667|0.39299999999999996|120|329|0.365|142|338|0.42|0.483|89|117|0.7609999999999999|71|248|319|117|47|7|74|132|733|richaqu01
jeffrja01|7|Jared Jeffries|27|56|36|1310|120|273|0.44|1|12|0.083|119|261|0.456|0.441|55|90|0.611|128|103|231|80|47|33|65|153|296|jeffrja01
thomati01|8|Tim Thomas|31|36|1|773|119|258|0.461|53|126|0.42100000000000004|66|132|0.5|0.564|54|67|0.8059999999999999|20|93|113|46|22|10|46|91|345|thomati01
hughela01|9|Larry Hughes|30|25|14|687|97|249|0.39|35|91|0.385|62|158|0.392|0.46|50|63|0.794|10|55|65|60|36|5|35|45|279|hughela01
gallida01|10|Danilo Gallinari|20|28|2|412|56|125|0.44799999999999995|32|72|0.444|24|53|0.45299999999999996|0.5760000000000001|26|27|0.963|13|42|55|15|14|4|15|48|170|gallida01
crawfja01|11|Jamal Crawford|28|11|11|392|73|169|0.43200000000000005|35|77|0.455|38|92|0.413|0.536|35|46|0.7609999999999999|2|15|17|48|9|0|26|13|216|crawfja01
randoza01|12|Zach Randolph|27|11|11|388|82|189|0.434|7|24|0.292|75|165|0.455|0.452|55|67|0.821|40|97|137|15|13|3|23|28|226|randoza01
wilcoch01|13|Chris Wilcox|26|25|0|330|54|102|0.529|0|1|0.0|54|101|0.535|0.529|27|53|0.509|31|51|82|14|8|5|20|48|135|wilcoch01
roberan02|14|Anthony Roberson|25|23|0|253|39|103|0.379|24|71|0.33799999999999997|15|32|0.469|0.495|5|5|1.0|4|11|15|19|10|1|7|18|107|roberan02
rosema01|15|Malik Rose|34|18|0|160|11|41|0.268|0|4|0.0|11|37|0.297|0.268|8|11|0.727|4|27|31|10|1|1|17|24|30|rosema01
collima01|16|Mardy Collins|24|9|0|75|8|23|0.348|0|3|0.0|8|20|0.4|0.348|4|9|0.444|2|6|8|10|2|0|5|7|20|collima01
crawfjo01|17|Joe Crawford|22|2|0|23|3|10|0.3|1|4|0.25|2|6|0.33299999999999996|0.35|2|2|1.0|1|3|4|1|1|0|0|2|9|crawfjo01
curryed01|18|Eddy Curry|26|3|0|12|2|2|1.0|0|0||2|2|1.0|1.0|1|3|0.33299999999999996|0|4|4|0|0|0|2|5|5|curryed01
simsco01|19|Courtney Sims|25|1|0|11|3|6|0.5|0|0||3|6|0.5|0.5|0|0||2|2|4|0|0|0|0|1|6|simsco01
jamesje01|20|Jerome James|33|2|0|10|3|8|0.375|0|0||3|8|0.375|0.375|0|0||1|2|3|0|1|1|1|2|6|jamesje01
nichode01|21|Demetris Nichols|24|2|0|9|2|5|0.4|0|1|0.0|2|4|0.5|0.4|1|2|0.5|0|2|2|0|0|1|0|0|5|nichode01
sambch01|22|Cheikh Samb|24|2|0|8|0|3|0.0|0|0||0|3|0.0|0.0|0|2|0.0|1|1|2|0|0|0|0|0|0|sambch01
senesa01|23|Mouhamed Sene|22|1|0|6|1|2|0.5|0|0||1|2|0.5|0.5|1|1|1.0|2|3|5|0|0|1|1|0|3|senesa01
