player_id|Rk|Unnamed: 1|Age|G|GS|MP|FG|FGA|FG%|FT|FTA|FT%|ORB|DRB|TRB|AST|STL|BLK|TOV|PF|PTS|player_id
hayesel01|1|Elvin Hayes|33|82||3105|8.3|17.1|0.48700000000000004|4.0|6.2|0.654|3.6|7.9|11.5|1.7|0.9|2.2|2.7|3.6|20.7|hayesel01
dandrbo01|2|Bob Dandridge|31|78||2629|8.6|17.3|0.499|4.5|5.5|0.825|1.5|4.6|6.1|5.0|1.0|0.8|3.0|3.5|21.8|dandrbo01
unselwe01|3|Wes Unseld|32|77||2406|5.2|9.0|0.5770000000000001|2.3|3.5|0.643|4.1|8.3|12.4|4.7|1.1|0.6|2.3|3.1|12.6|unselwe01
hendeto01|4|Tom Henderson|27|70||2081|5.2|11.1|0.466|2.7|3.4|0.8|0.9|1.9|2.8|7.2|1.5|0.2|2.6|2.1|13.0|hendeto01
greveke01|5|Kevin Grevey|25|65||1856|8.1|17.9|0.45299999999999996|3.4|4.3|0.772|1.7|2.8|4.5|3.0|0.9|0.3|2.3|3.1|19.6|greveke01
johnsch01|6|Charles Johnson|29|82||1819|6.8|15.6|0.435|1.3|1.6|0.848|1.4|2.6|4.0|3.5|1.9|0.1|1.7|3.2|14.9|johnsch01
wrighla01|7|Larry Wright|24|73||1658|6.0|12.8|0.469|2.7|3.6|0.7440000000000001|1.0|2.0|3.0|6.5|1.5|0.3|2.6|3.6|14.7|wrighla01
kupchmi01|8|Mitch Kupchak|24|66||1604|8.3|15.4|0.539|5.0|6.7|0.743|3.4|6.2|9.7|2.0|0.5|0.5|2.7|3.2|21.6|kupchmi01
ballagr01|9|Greg Ballard|24|82||1552|6.0|13.0|0.465|2.8|4.0|0.6920000000000001|3.3|7.1|10.4|2.7|1.3|0.7|2.3|3.9|14.8|ballagr01
corzida01|10|Dave Corzine|22|59||532|4.3|8.0|0.534|3.3|4.3|0.778|3.5|6.4|9.9|3.3|0.7|0.9|3.6|4.5|11.8|corzida01
cheniph01|11|Phil Chenier|28|27||385|6.5|14.8|0.43700000000000006|1.7|2.6|0.643|0.3|1.6|1.9|2.9|0.4|0.5|2.9|2.6|14.6|cheniph01
pheglro01|12|Roger Phegley|22|29||153|6.6|18.4|0.359|5.6|6.8|0.828|1.2|4.0|5.2|3.5|1.2|0.5|4.0|4.9|18.8|pheglro01
