player_id|Rk|Unnamed: 1|Age|G|GS|MP|FG|FGA|FG%|3P|3PA|3P%|2P|2PA|2P%|eFG%|FT|FTA|FT%|ORB|DRB|TRB|AST|STL|BLK|TOV|PF|PTS/G|player_id
ricegl01|1|Glen Rice|30|82|82|40.2|7.7|16.9|0.457|1.6|3.7|0.433|6.1|13.2|0.46399999999999997|0.504|5.2|6.1|0.8490000000000001|1.1|3.2|4.3|2.2|0.9|0.3|2.2|2.4|22.3|ricegl01
masonan01|2|Anthony Mason|31|81|80|38.9|4.8|9.4|0.509|0.0|0.0|0.0|4.8|9.4|0.512|0.509|3.2|5.0|0.649|2.2|8.0|10.2|4.2|0.8|0.2|1.8|2.2|12.8|masonan01
wesleda01|3|David Wesley|27|81|81|35.1|4.7|10.7|0.44299999999999995|0.7|2.1|0.34700000000000003|4.0|8.6|0.467|0.47700000000000004|2.8|3.6|0.795|0.6|2.0|2.6|6.5|1.7|0.4|2.8|2.8|13.0|wesleda01
phillbo01|4|Bobby Phills|28|62|61|30.4|4.0|8.9|0.446|0.7|1.8|0.386|3.3|7.1|0.461|0.486|1.7|2.3|0.757|1.0|2.5|3.5|3.0|1.3|0.3|1.7|2.9|10.4|phillbo01
divacvl01|5|Vlade Divac|29|64|41|28.2|4.2|8.4|0.498|0.0|0.2|0.214|4.1|8.2|0.506|0.501|2.0|2.9|0.691|2.9|5.2|8.1|2.7|1.3|1.5|1.8|2.8|10.4|divacvl01
geigema01|6|Matt Geiger|28|78|42|23.6|4.6|9.1|0.505|0.0|0.1|0.091|4.6|8.9|0.511|0.506|2.2|3.0|0.7120000000000001|2.5|4.2|6.7|1.0|0.9|1.1|1.4|2.4|11.3|geigema01
curryde01|7|Dell Curry|33|52|1|18.7|3.7|8.3|0.447|1.2|2.8|0.42100000000000004|2.6|5.6|0.46|0.517|0.8|1.0|0.7879999999999999|0.5|1.4|1.9|1.3|0.6|0.1|1.0|1.6|9.4|curryde01
maxweve01|8|Vernon Maxwell|32|31|0|15.1|2.5|5.8|0.428|1.0|2.8|0.36|1.5|3.0|0.489|0.514|0.8|1.1|0.735|0.3|1.1|1.4|1.3|0.5|0.1|0.9|1.6|6.8|maxweve01
reidjr01|9|J.R. Reid|29|79|1|14.0|1.8|4.0|0.45899999999999996|0.0|0.1|0.375|1.8|3.9|0.461|0.46399999999999997|1.1|1.5|0.73|0.9|1.7|2.7|0.6|0.4|0.2|0.8|2.2|4.9|reidjr01
armstbj01|10|B.J. Armstrong|30|62|0|12.5|1.6|3.1|0.51|0.1|0.5|0.265|1.5|2.6|0.563|0.534|0.6|0.7|0.86|0.2|0.9|1.1|2.3|0.4|0.0|0.6|1.1|3.9|armstbj01
beckco01|11|Corey Beck|26|59|14|12.5|1.2|2.7|0.45899999999999996|0.0|0.1|0.5|1.2|2.6|0.45799999999999996|0.465|0.7|1.0|0.7290000000000001|0.5|1.1|1.5|1.7|0.6|0.1|1.2|1.7|3.2|beckco01
delkto01|12|Tony Delk|24|3|0|11.3|1.0|1.3|0.75|0.3|0.3|1.0|0.7|1.0|0.667|0.875|0.3|0.7|0.5|0.0|0.7|0.7|1.0|0.0|0.0|1.3|2.7|2.7|delkto01
grayeje01|13|Jeff Grayer|32|1|0|11.0|0.0|4.0|0.0|0.0|3.0|0.0|0.0|1.0|0.0|0.0|0.0|0.0||0.0|0.0|0.0|1.0|0.0|0.0|2.0|0.0|0.0|grayeje01
royaldo01|14|Donald Royal|31|29|5|10.5|0.8|2.2|0.381|0.0|0.0||0.8|2.2|0.381|0.381|0.9|1.0|0.897|0.6|0.7|1.3|0.6|0.2|0.0|0.2|1.0|2.6|royaldo01
willitr01|15|Travis Williams|28|39|0|9.4|1.4|3.1|0.47100000000000003|0.0|0.0|0.0|1.4|3.0|0.475|0.47100000000000003|0.6|1.2|0.522|1.4|1.0|2.4|0.5|0.5|0.1|0.8|1.4|3.5|willitr01
boguemu01|16|Muggsy Bogues|33|2|0|8.0|1.0|2.5|0.4|0.0|0.0||1.0|2.5|0.4|0.4|1.0|1.0|1.0|0.0|0.5|0.5|2.0|1.0|0.0|0.5|1.0|3.0|boguemu01
farmeto01|17|Tony Farmer|28|27|2|6.3|0.6|2.0|0.321|0.1|0.3|0.222|0.6|1.6|0.341|0.34|1.1|1.4|0.795|0.6|0.6|1.2|0.2|0.4|0.1|0.3|0.9|2.5|farmeto01
mcdonmi01|18|Michael McDonald|28|1|0|4.0|0.0|0.0||0.0|0.0||0.0|0.0|||0.0|0.0||1.0|0.0|1.0|0.0|0.0|0.0|2.0|1.0|0.0|mcdonmi01
