|Season|Age|Tm|Lg|Pos|G|GS|MP|FG|FGA|FG%|3P|3PA|3P%|2P|2PA|2P%|FT|FTA|FT%|ORB|DRB|TRB|AST|STL|BLK|TOV|PF|PTS
0|1991-92|23.0|MIN|NBA|C|66.0|3.0|991.0|4.1|9.0|0.45799999999999996|0.0|0.0||4.1|9.0|0.45799999999999996|1.9|2.9|0.6629999999999999|2.4|6.9|9.3|1.9|1.3|2.3|3.0|5.7|10.2
1|1992-93|24.0|MIN|NBA|C|55.0|25.0|1045.0|4.6|10.1|0.455|0.0|0.0||4.6|10.1|0.455|1.8|2.5|0.716|2.4|5.8|8.3|1.8|1.6|2.7|3.0|5.8|11.0
3|1993-94|25.0|MIN|NBA|C|49.0|29.0|989.0|4.9|10.5|0.46399999999999997|0.0|0.0|0.0|4.9|10.5|0.465|2.0|2.9|0.7|3.2|7.6|10.7|1.7|1.3|2.1|2.9|4.8|11.8
4|1993-94|25.0|CHI|NBA|C|27.0|17.0|513.0|6.0|12.4|0.483|0.0|0.0||6.0|12.4|0.483|2.4|3.2|0.7559999999999999|2.9|6.7|9.7|4.4|0.7|1.5|2.8|6.0|14.3
5|1994-95|26.0|CHI|NBA|C|55.0|0.0|1001.0|4.9|10.9|0.447|0.0|0.1|0.0|4.9|10.8|0.45|3.2|3.8|0.8220000000000001|2.9|6.5|9.5|2.6|0.9|1.6|3.1|6.4|12.9
6|1995-96|27.0|CHI|NBA|C|62.0|62.0|1641.0|5.3|11.0|0.48200000000000004|0.0|0.0||5.3|11.0|0.48200000000000004|1.8|2.3|0.777|2.3|4.7|7.0|2.6|0.5|1.8|2.5|4.9|12.4
7|1996-97|28.0|CHI|NBA|C|59.0|59.0|1472.0|5.4|11.9|0.456|0.0|0.0|0.0|5.4|11.8|0.45799999999999996|2.3|2.9|0.792|3.0|5.2|8.1|3.4|0.6|1.6|2.7|4.7|13.1
8|1997-98|29.0|CHI|NBA|C|58.0|58.0|1703.0|5.9|12.9|0.455|0.0|0.0||5.9|12.9|0.455|2.3|3.1|0.736|2.4|4.8|7.2|3.4|0.7|1.3|2.7|4.4|14.0
9|1998-99|30.0|PHO|NBA|C|39.0|39.0|933.0|5.4|11.2|0.483|0.0|0.0||5.4|11.2|0.483|2.3|2.9|0.7759999999999999|2.3|6.3|8.5|1.7|0.9|0.8|2.0|4.6|13.1
10|1999-00|31.0|PHO|NBA|C|72.0|68.0|1417.0|4.7|10.1|0.466|0.0|0.0||4.7|10.1|0.466|2.0|2.5|0.825|2.5|5.7|8.2|2.0|0.6|1.1|3.5|5.6|11.5
11|2000-01|32.0|NYK|NBA|C|25.0|2.0|301.0|2.2|6.5|0.33299999999999996|0.0|0.0||2.2|6.5|0.33299999999999996|1.6|2.0|0.765|3.1|4.8|7.9|0.8|0.4|1.1|2.6|6.1|5.9
