player_id|Rk|Unnamed: 1|Age|G|GS|MP|FG|FGA|FG%|3P|3PA|3P%|2P|2PA|2P%|eFG%|FT|FTA|FT%|ORB|DRB|TRB|AST|STL|BLK|TOV|PF|PTS|player_id
mccraro01|1|Rodney McCray|25|81|81|3136|432|783|0.552|0|9|0.0|432|774|0.5579999999999999|0.552|306|393|0.779|190|388|578|434|88|53|208|172|1170|mccraro01
olajuha01|2|Hakeem Olajuwon|24|75|75|2760|677|1332|0.508|1|5|0.2|676|1327|0.509|0.509|400|570|0.7020000000000001|315|543|858|220|140|254|228|294|1755|olajuha01
reidro01|3|Robert Reid|31|75|63|2594|420|1006|0.41700000000000004|53|162|0.327|367|844|0.435|0.444|136|177|0.768|47|242|289|323|75|21|104|232|1029|reidro01
peterji01|4|Jim Petersen|24|82|56|2403|386|755|0.511|0|4|0.0|386|751|0.514|0.511|152|209|0.727|177|380|557|127|43|102|152|268|924|peterji01
minnidi01|5|Dirk Minniefield|26|63|52|1478|205|440|0.466|11|34|0.324|194|406|0.478|0.478|61|86|0.7090000000000001|28|102|130|335|66|6|145|166|482|minnidi01
sampsra01|6|Ralph Sampson|26|43|32|1326|277|566|0.489|0|3|0.0|277|563|0.49200000000000005|0.489|118|189|0.624|88|284|372|120|40|58|126|169|672|sampsra01
leaveal01|7|Allen Leavell|29|53|11|1175|147|358|0.41100000000000003|18|57|0.316|129|301|0.429|0.436|100|119|0.84|14|47|61|224|53|10|64|126|412|leaveal01
harrist01|8|Steve Harris|23|74|3|1174|251|599|0.419|0|8|0.0|251|591|0.425|0.419|111|130|0.8540000000000001|71|99|170|100|37|16|74|111|613|harrist01
maxwece01|9|Cedric Maxwell|31|46|0|836|103|188|0.5479999999999999|0|1|0.0|103|187|0.551|0.5479999999999999|126|163|0.773|72|112|184|75|13|5|48|76|332|maxwece01
wiggimi01|10|Mitchell Wiggins|27|32|19|788|153|350|0.43700000000000006|0|5|0.0|153|345|0.44299999999999995|0.43700000000000006|49|65|0.754|74|59|133|76|44|3|50|82|355|wiggimi01
lloydle01|11|Lewis Lloyd|27|32|14|688|165|310|0.532|1|7|0.14300000000000002|164|303|0.541|0.534|65|86|0.7559999999999999|13|35|48|90|19|5|52|69|396|lloydle01
johnsbu01|12|Buck Johnson|23|60|3|520|94|201|0.46799999999999997|0|1|0.0|94|200|0.47|0.46799999999999997|40|58|0.69|38|50|88|40|17|15|37|81|228|johnsbu01
feitlda01|13|Dave Feitl|24|62|1|498|88|202|0.436|0|1|0.0|88|201|0.43799999999999994|0.436|53|71|0.746|39|78|117|22|9|4|38|83|229|feitlda01
anderri01|14|Richard Anderson|26|51|0|312|59|139|0.424|4|16|0.25|55|123|0.447|0.439|22|29|0.759|24|55|79|33|7|3|19|37|144|anderri01
henryco01|15|Conner Henry|23|18|0|92|8|33|0.242|1|11|0.091|7|22|0.318|0.258|7|10|0.7|0|7|7|8|3|0|9|7|24|henryco01
