|Season|Age|Tm|Lg|Pos|G|MP|FG%|Dist.|% of 2PA|% of 0-3|% of 3-10|% of 10-16|% of 16-3pt|% of 3P|2P %FG|0-3 %FG|3-10 %FG|10-16 %FG|16-3pt%FG|3P %FG|2P % Assisted|% of Dunks|Dunks Made|3P % Assisted|% of 3PA from Corner|Corner 3 %FG |Heaves Attempted|Heaves Made
0|2000-01|22.0|IND|NBA|C|4.0|157.0|0.436|8.4|0.9740000000000001|0.231|0.385|0.256|0.10300000000000001|0.026000000000000002|0.447|1.0|0.33299999999999996|0.1|0.5|0.0|0.47100000000000003|0.077|3.0||0.0||0.0|0.0
1|2001-02|23.0|IND|NBA|PF|5.0|192.0|0.447|9.2|0.987|0.22399999999999998|0.289|0.355|0.11800000000000001|0.013000000000000001|0.45299999999999996|0.647|0.455|0.40700000000000003|0.222|0.0|0.47100000000000003|0.11800000000000001|8.0||1.0|0.0|0.0|0.0
2|2002-03|24.0|IND|NBA|PF|6.0|272.0|0.467|7.9|0.9670000000000001|0.337|0.272|0.261|0.098|0.033|0.483|0.677|0.52|0.33299999999999996|0.111|0.0|0.628|0.12|10.0||0.0||0.0|0.0
3|2003-04|25.0|IND|NBA|PF|16.0|604.0|0.423|9.7|0.985|0.228|0.27899999999999997|0.272|0.20600000000000002|0.015|0.429|0.6609999999999999|0.382|0.35100000000000003|0.33899999999999997|0.0|0.687|0.051|14.0||0.5|0.0|0.0|0.0
4|2004-05|26.0|IND|NBA|PF|13.0|476.0|0.365|9.2|0.986|0.27|0.251|0.308|0.156|0.013999999999999999|0.37|0.509|0.20800000000000002|0.415|0.303|0.0|0.688|0.057|12.0||0.0||0.0|0.0
5|2005-06|27.0|IND|NBA|PF|6.0|216.0|0.524|8.9|0.976|0.321|0.226|0.28600000000000003|0.14300000000000002|0.024|0.537|0.519|0.632|0.5|0.5|0.0|0.659|0.071|6.0||0.5|0.0|0.0|0.0
6|2008-09|30.0|MIA|NBA|C|6.0|162.0|0.5489999999999999|9.5|1.0|0.13699999999999998|0.353|0.451|0.059000000000000004|0.0|0.5489999999999999|0.7140000000000001|0.444|0.609|0.33299999999999996||0.536|0.039|1.0||||0.0|0.0
7|2009-10|31.0|MIA|NBA|C|5.0|117.0|0.205|10.3|1.0|0.22699999999999998|0.205|0.341|0.22699999999999998|0.0|0.205|0.5|0.0|0.2|0.1||0.889|0.091|4.0||||0.0|0.0
8|2010-11|32.0|BOS|NBA|C|9.0|197.0|0.488|7.0|1.0|0.395|0.27899999999999997|0.209|0.11599999999999999|0.0|0.488|0.47100000000000003|0.583|0.444|0.4||0.7140000000000001|0.047|1.0||||0.0|0.0
9|2013-14|35.0|GSW|NBA|PF|7.0|84.0|0.563|4.9|1.0|0.469|0.344|0.188|0.0|0.0|0.563|0.667|0.636|0.16699999999999998|||0.833|0.21899999999999997|7.0||||0.0|0.0
