player_id|Rk|Unnamed: 1|Age|G|GS|MP|FG|FGA|FG%|FT|FTA|FT%|TRB|AST|PF|PTS|player_id
architi01|1|Tiny Archibald|24|80||3681|10.1|20.6|0.488|6.5|7.7|0.847|2.2|8.9|2.0|26.6|architi01
laceysa01|2|Sam Lacey|24|79||2930|5.8|12.2|0.474|1.5|2.2|0.708|11.5|2.3|3.5|13.1|laceysa01
guokama02|3|Matt Guokas|28|79||2846|4.1|7.1|0.57|0.9|1.1|0.8220000000000001|3.1|5.1|2.4|9.1|guokama02
willina01|4|Nate Williams|22|80||1979|7.6|15.9|0.47700000000000004|1.9|2.4|0.797|6.2|2.3|4.9|17.1|willina01
rileyro01|5|Ron Riley|22|74||1634|6.0|14.0|0.431|1.7|2.6|0.6809999999999999|11.2|1.7|5.0|13.8|rileyro01
vanarto01|6|Tom Van Arsdale|29|49||1282|7.0|15.4|0.457|3.1|3.9|0.7859999999999999|4.9|2.5|3.5|17.1|vanarto01
greenjo01|7|Johnny Green|39|66||1245|5.5|9.2|0.599|2.6|3.8|0.679|10.4|1.7|5.3|13.6|greenjo01
kojisdo01|8|Don Kojis|34|77||1240|8.0|16.7|0.48|3.1|4.0|0.774|5.7|2.3|3.7|19.1|kojisdo01
gibbsdi01|9|Dick Gibbs|24|66||733|3.9|10.9|0.36200000000000004|2.3|3.1|0.746|4.6|3.0|5.5|10.2|gibbsdi01
ratlimi01|10|Mike Ratliff|21|58||681|5.2|12.4|0.41700000000000004|2.4|4.4|0.536|10.3|2.0|5.9|12.7|ratlimi01
kimbato01|11|Toby Kimball|30|67||643|5.4|12.3|0.436|2.5|3.8|0.657|10.7|1.5|4.8|13.2|kimbato01
blockjo01|12|John Block|28|25||483|6.0|13.4|0.444|4.8|5.7|0.8420000000000001|8.9|1.4|5.1|16.7|blockjo01
mengejo01|13|John Mengelt|23|12||212|4.4|11.5|0.382|1.9|3.2|0.579|3.7|4.2|4.1|10.7|mengejo01
schadfr01|14|Frank Schade|23|9||76|0.9|3.3|0.28600000000000003|2.8|2.8|1.0|2.8|4.7|5.7|4.7|schadfr01
durreke01|15|Ken Durrett|24|8||65|4.4|11.6|0.381|3.3|4.4|0.75|7.8|1.7|8.9|12.2|durreke01
sibersa01|16|Sam Sibert|23|5||26|5.5|18.0|0.308|5.5|6.9|0.8|5.5|0.0|5.5|16.6|sibersa01
crosspe01|17|Pete Cross|24|3||24|0.0|6.0|0.0|0.0|0.0||6.0|0.0|7.5|0.0|crosspe01
