player_id|Rk|Unnamed: 1|Age|G|GS|MP|FG|FGA|FG%|3P|3PA|3P%|2P|2PA|2P%|eFG%|FT|FTA|FT%|ORB|DRB|TRB|AST|STL|BLK|TOV|PF|PTS/G|player_id
denglu01|1|Luol Deng|24|70|69|37.9|6.8|14.5|0.466|0.5|1.2|0.386|6.3|13.3|0.474|0.48200000000000004|3.6|4.7|0.764|1.9|5.4|7.3|2.0|0.9|0.9|1.9|1.8|17.6|denglu01
rosede01|2|Derrick Rose|21|78|78|36.8|8.6|17.6|0.489|0.2|0.8|0.267|8.4|16.8|0.5|0.495|3.3|4.3|0.7659999999999999|0.8|2.9|3.8|6.0|0.7|0.3|2.8|1.2|20.8|rosede01
hinriki01|3|Kirk Hinrich|29|74|53|33.5|4.2|10.2|0.409|1.4|3.8|0.371|2.8|6.4|0.431|0.478|1.1|1.5|0.752|0.3|3.2|3.5|4.5|1.1|0.3|1.5|2.8|10.9|hinriki01
salmojo01|4|John Salmons|30|51|28|33.2|4.5|10.7|0.42|1.4|3.8|0.38|3.1|7.0|0.441|0.486|2.3|2.9|0.789|0.4|3.1|3.4|2.5|1.3|0.4|1.4|2.0|12.7|salmojo01
noahjo01|5|Joakim Noah|24|64|54|30.1|4.1|8.1|0.504|0.0|0.0||4.1|8.1|0.504|0.504|2.5|3.4|0.7440000000000001|3.4|7.6|11.0|2.1|0.5|1.6|1.8|3.1|10.7|noahjo01
gibsota01|6|Taj Gibson|24|82|70|26.9|3.8|7.7|0.494|0.0|0.0||3.8|7.7|0.494|0.494|1.4|2.1|0.6459999999999999|2.8|4.7|7.5|0.9|0.6|1.3|1.4|3.4|9.0|gibsota01
millebr01|7|Brad Miller|33|82|37|23.8|3.0|7.1|0.43|0.5|1.6|0.28|2.6|5.5|0.474|0.462|2.2|2.7|0.8270000000000001|1.0|3.9|4.9|1.9|0.5|0.4|1.3|2.3|8.8|millebr01
thomaty01|8|Tyrus Thomas|23|29|3|23.4|3.4|7.1|0.483|0.0|0.0|0.0|3.4|7.0|0.485|0.483|2.0|3.1|0.644|1.4|4.9|6.3|1.1|1.4|1.7|1.8|2.2|8.8|thomaty01
murraro01|9|Ronald Murray|30|29|1|23.4|3.7|9.4|0.397|1.0|3.1|0.311|2.8|6.3|0.44|0.449|1.7|2.2|0.762|0.4|2.5|2.9|1.8|0.6|0.1|0.9|1.7|10.1|murraro01
warriha01|10|Hakim Warrick|27|28|0|19.0|3.0|6.1|0.483|0.0|0.0|0.0|3.0|6.1|0.485|0.483|2.8|3.6|0.755|1.4|2.2|3.6|0.6|0.3|0.3|0.8|1.5|8.7|warriha01
pargoja01|11|Jannero Pargo|30|63|5|13.2|2.1|6.0|0.34600000000000003|0.6|2.2|0.275|1.5|3.9|0.387|0.396|0.7|0.7|0.9329999999999999|0.1|1.1|1.2|1.4|0.5|0.0|0.8|1.1|5.5|pargoja01
richach01|12|Chris Richard|25|18|0|12.4|0.8|1.6|0.517|0.0|0.0||0.8|1.6|0.517|0.517|0.4|0.6|0.636|1.1|2.2|3.3|0.4|0.4|0.2|0.8|2.8|2.1|richach01
johnsja01|13|James Johnson|22|65|11|11.6|1.5|3.2|0.452|0.2|0.7|0.326|1.2|2.5|0.488|0.488|0.8|1.1|0.7290000000000001|0.5|1.4|2.0|0.7|0.3|0.7|1.0|1.9|3.9|johnsja01
lawac01|14|Acie Law|25|12|1|11.3|1.8|3.8|0.467|0.3|1.0|0.33299999999999996|1.4|2.8|0.515|0.511|1.7|2.3|0.741|0.3|0.9|1.2|1.3|0.3|0.0|1.0|0.7|5.5|lawac01
hunteli01|15|Lindsey Hunter|39|13|0|9.4|0.4|2.3|0.16699999999999998|0.1|1.0|0.077|0.3|1.3|0.235|0.183|0.2|0.2|1.0|0.1|1.0|1.1|0.7|0.1|0.0|0.3|0.9|1.0|hunteli01
brownde02|16|Devin Brown|31|11|0|8.5|0.7|3.3|0.222|0.4|1.5|0.235|0.4|1.7|0.21100000000000002|0.278|0.0|0.0||0.2|1.2|1.4|0.6|0.3|0.1|0.5|0.9|1.8|brownde02
grayaa01|17|Aaron Gray|25|8|0|6.3|1.0|2.6|0.381|0.0|0.0||1.0|2.6|0.381|0.381|0.3|0.9|0.28600000000000003|0.6|1.4|2.0|0.3|0.0|0.0|0.1|1.3|2.3|grayaa01
alexajo01|18|Joe Alexander|23|8|0|3.6|0.1|0.8|0.16699999999999998|0.0|0.1|0.0|0.1|0.6|0.2|0.16699999999999998|0.3|0.4|0.667|0.3|0.4|0.6|0.3|0.1|0.1|0.0|1.1|0.5|alexajo01
