|Season|Age|Tm|Lg|Pos|G|MP|PG%|SG%|SF%|PF%|C%|OnCourt|On-Off|BadPass|LostBall|Shoot|Off.|Shoot.1|Off..1|PGA|And1|Blkd
0|2000-01|24.0|GSW|NBA|SF|82.0|3394.0|0|1|42|56|1|-8.4|8.9|81.0|65.0|101.0|33.0|211.0|0.0|352.0|53.0|98.0
1|2001-02|25.0|GSW|NBA|SF|82.0|3033.0|0|0|74|25|1|-6.3|-1.8|66.0|49.0|85.0|27.0|159.0|0.0|348.0|44.0|80.0
2|2002-03|26.0|GSW|NBA|SF|82.0|3226.0|0|4|84|12|0|-2.1|-5.3|73.0|61.0|101.0|25.0|170.0|0.0|351.0|35.0|64.0
3|2003-04|27.0|DAL|NBA|SF|82.0|2376.0|0|2|72|26|1|5.7|2.1|46.0|19.0|92.0|11.0|122.0|0.0|162.0|23.0|60.0
4|2004-05|28.0|WAS|NBA|PF|68.0|2605.0|0|0|18|80|3|2.0|6.7|55.0|39.0|74.0|16.0|112.0|0.0|349.0|30.0|42.0
5|2005-06|29.0|WAS|NBA|SF|82.0|3288.0|0|1|53|45|1|3.4|8.3|60.0|47.0|122.0|17.0|109.0|20.0|360.0|30.0|60.0
6|2006-07|30.0|WAS|NBA|PF|70.0|2662.0|0|0|14|80|7|0.7|4.7|42.0|35.0|118.0|16.0|128.0|14.0|313.0|31.0|46.0
7|2007-08|31.0|WAS|NBA|PF|79.0|3061.0|0|0|30|69|1|2.7|14.0|50.0|36.0|106.0|12.0|200.0|20.0|283.0|48.0|56.0
8|2008-09|32.0|WAS|NBA|PF|81.0|3096.0|0|0|15|84|2|-8.2|0.3|60.0|35.0|138.0|15.0|209.0|11.0|338.0|52.0|63.0
10|2009-10|33.0|WAS|NBA|PF|41.0|1595.0|0|0|7|93|0|-3.8|2.9|24.0|22.0|67.0|14.0|96.0|14.0|120.0|18.0|31.0
11|2009-10|33.0|CLE|NBA|PF|25.0|811.0|0|0|8|88|4|9.1|2.1|12.0|10.0|43.0|3.0|34.0|5.0|73.0|9.0|15.0
12|2010-11|34.0|CLE|NBA|PF|56.0|1842.0|0|0|1|99|0|-10.1|-1.1|42.0|20.0|85.0|11.0|93.0|8.0|219.0|26.0|30.0
13|2011-12|35.0|CLE|NBA|PF|65.0|2151.0|0|0|0|99|1|-7.3|0.5|39.0|29.0|90.0|12.0|114.0|6.0|296.0|26.0|52.0
14|2012-13|36.0|LAL|NBA|PF|76.0|1636.0|0|0|33|65|2|1.6|0.0|32.0|10.0|76.0|5.0|60.0|3.0|115.0|15.0|28.0
15|2013-14|37.0|LAC|NBA|PF|22.0|248.0|0|0|0|99|1|11.6|4.8|2.0|1.0|18.0|1.0|11.0|1.0|18.0|2.0|3.0
