|Season|Age|Tm|Lg|Pos|G|GS|MP|FG|FGA|FG%|3P|3PA|3P%|2P|2PA|2P%|FT|FTA|FT%|ORB|DRB|TRB|AST|STL|BLK|TOV|PF|PTS
0|1991-92|24.0|GSW|NBA|PF|54.0|1.0|612.0|6.9|12.1|0.568|0.0|0.2|0.0|6.9|11.9|0.579|4.2|6.4|0.6609999999999999|4.4|6.3|10.7|0.9|1.8|2.1|2.6|5.9|18.0
1|1992-93|25.0|GSW|NBA|PF|70.0|11.0|1248.0|7.2|13.3|0.539|0.0|0.2|0.0|7.2|13.2|0.546|4.3|6.0|0.725|3.7|5.5|9.2|1.2|1.3|1.5|2.9|5.7|18.7
2|1993-94|26.0|GSW|NBA|C|82.0|23.0|1296.0|7.5|12.8|0.588|0.0|0.0|0.0|7.5|12.8|0.589|3.6|5.8|0.62|4.0|7.1|11.0|1.1|1.1|1.7|2.3|6.2|18.6
3|1994-95|27.0|GSW|NBA|PF|58.0|22.0|1470.0|7.9|12.5|0.633|0.0|0.0|0.0|7.9|12.5|0.634|3.6|6.1|0.5920000000000001|3.5|7.3|10.8|1.2|1.0|1.3|2.9|4.5|19.5
5|1995-96|28.0|GSW|NBA|PF|47.0|2.0|862.0|7.1|12.9|0.555|0.0|0.0|0.0|7.1|12.8|0.557|3.5|5.5|0.636|3.3|6.8|10.1|1.1|0.8|1.2|2.5|5.6|17.8
6|1995-96|28.0|MIA|NBA|PF|24.0|0.0|565.0|9.9|16.5|0.598|0.0|0.0||9.9|16.5|0.598|3.5|4.8|0.733|3.2|7.9|11.2|1.1|1.1|0.7|2.2|5.2|23.3
8|1996-97|29.0|DAL|NBA|PF|44.0|1.0|1191.0|9.3|17.5|0.5329999999999999|0.0|0.2|0.16699999999999998|9.3|17.4|0.537|6.7|9.5|0.706|3.8|6.7|10.5|0.8|1.1|0.9|3.4|3.8|25.4
9|1996-97|29.0|NJN|NBA|PF|3.0|0.0|92.0|7.0|16.8|0.419|0.0|0.0||7.0|16.8|0.419|5.9|6.3|0.938|3.1|5.5|8.6|1.2|1.6|0.0|2.3|5.1|20.0
10|1997-98|30.0|NJN|NBA|PF|57.0|16.0|1359.0|6.6|14.4|0.455|0.0|0.1|0.25|6.5|14.3|0.457|4.2|7.0|0.6|3.1|5.7|8.8|1.4|1.4|0.8|2.6|4.0|17.4
12|1998-99|31.0|NJN|NBA|C|18.0|2.0|281.0|4.6|12.4|0.371|0.0|0.1|0.0|4.6|12.3|0.375|1.5|3.1|0.5|2.7|5.6|8.3|1.5|1.0|0.5|3.7|5.1|10.8
13|1998-99|31.0|MIL|NBA|C|30.0|1.0|494.0|5.9|12.2|0.48200000000000004|0.1|0.5|0.14300000000000002|5.8|11.7|0.49700000000000005|1.8|5.0|0.36200000000000004|2.3|6.0|8.3|1.5|1.7|0.4|2.4|5.7|13.7
15|1999-00|32.0|ORL|NBA|PF|45.0|0.0|1041.0|7.3|16.0|0.455|0.2|0.8|0.304|7.0|15.2|0.462|5.9|8.5|0.698|3.1|7.1|10.3|1.4|1.7|0.3|3.6|4.9|20.7
16|1999-00|32.0|DEN|NBA|PF|40.0|0.0|770.0|7.2|15.9|0.456|0.5|2.2|0.23399999999999999|6.7|13.7|0.491|4.4|6.0|0.742|2.9|6.6|9.6|1.4|1.6|0.6|3.0|4.9|19.4
17|2000-01|33.0|CLE|NBA|PF|74.0|6.0|1670.0|7.1|15.8|0.449|0.6|2.0|0.304|6.5|13.8|0.47|3.4|4.9|0.684|2.1|6.3|8.4|1.3|1.1|0.6|2.6|4.0|18.2
18|2001-02|34.0|MIA|NBA|PF|54.0|1.0|809.0|5.8|13.0|0.447|0.0|0.4|0.125|5.8|12.7|0.456|3.6|5.2|0.701|3.2|6.0|9.2|1.1|0.8|0.5|2.6|4.9|15.4
