|Season|Age|Tm|Lg|Pos|G|MP|PER|TS%|3PAr|FTr|ORB%|DRB%|TRB%|AST%|STL%|BLK%|TOV%|USG%|OWS|DWS|WS|WS/48|OBPM|DBPM|BPM|VORP
0|1988-89|23.0|POR|NBA|PF|56.0|803.0|9.1|0.505|0.0|0.27899999999999997|8.5|15.9|12.1|5.3|1.2|0.5|12.9|15.3|0.4|0.7|1.1|0.063|-2.9|-1.2|-4.1|-0.4
1|1989-90|24.0|POR|NBA|PF|58.0|562.0|9.1|0.48|0.0|0.327|10.3|18.0|14.1|3.0|1.5|1.0|12.5|14.0|0.2|0.9|1.0|0.08800000000000001|-3.4|0.3|-3.1|-0.2
2|1990-91|25.0|POR|NBA|PF|53.0|781.0|11.2|0.55|0.005|0.498|9.3|17.5|13.5|4.5|0.9|0.9|11.8|14.6|1.0|1.1|2.1|0.129|-1.8|-0.1|-1.9|0.0
3|1991-92|26.0|POR|NBA|PF|56.0|800.0|11.3|0.512|0.015|0.303|11.9|15.5|13.7|6.8|1.6|0.6|11.8|12.9|0.9|1.2|2.1|0.125|-1.2|0.9|-0.3|0.3
4|1992-93|27.0|POR|NBA|C|80.0|1396.0|11.2|0.547|0.003|0.4|10.0|15.5|12.7|4.1|1.3|1.0|13.0|14.7|1.5|1.8|3.2|0.111|-2.0|0.0|-2.0|0.0
5|1993-94|28.0|POR|NBA|C|79.0|1441.0|9.9|0.514|0.003|0.271|8.5|15.6|11.9|3.5|1.1|1.3|13.3|14.0|0.9|1.4|2.3|0.076|-2.8|-0.2|-3.0|-0.4
6|1994-95|29.0|POR|NBA|PF|49.0|658.0|13.2|0.555|0.01|0.32799999999999996|9.0|19.1|13.8|6.4|1.5|1.8|15.1|16.6|0.6|1.0|1.6|0.11599999999999999|-2.2|0.7|-1.5|0.1
7|1995-96|30.0|HOU|NBA|PF|71.0|1587.0|13.1|0.583|0.004|0.397|9.6|15.3|12.5|5.2|1.0|0.9|14.0|17.3|2.1|1.4|3.6|0.107|-1.6|-1.2|-2.8|-0.3
8|1996-97|31.0|PHO|NBA|PF|41.0|1018.0|13.3|0.589|0.0|0.39299999999999996|7.7|16.5|12.2|7.2|1.1|0.4|12.5|16.3|1.6|0.7|2.3|0.109|-0.6|-0.5|-1.1|0.2
9|1997-98|32.0|PHO|NBA|C|70.0|1110.0|10.2|0.545|0.004|0.42200000000000004|9.9|15.6|12.8|6.0|1.7|1.0|17.9|13.3|1.0|1.6|2.5|0.109|-2.1|1.0|-1.1|0.2
10|1998-99|33.0|CHI|NBA|PF|45.0|1204.0|12.1|0.513|0.003|0.316|8.6|14.4|11.4|8.0|1.5|1.0|14.6|18.1|0.5|1.0|1.5|0.06|-2.4|-0.3|-2.7|-0.2
11|1999-00|34.0|CLE|NBA|PF|75.0|1712.0|8.9|0.547|0.0|0.272|8.1|14.9|11.5|5.5|0.9|1.3|18.3|12.0|1.0|1.4|2.4|0.067|-2.6|0.6|-2.0|0.0
12|2000-01|35.0|DAL|NBA|PF|18.0|101.0|2.1|0.428|0.0|0.25|4.5|18.3|11.6|4.2|0.5|1.4|18.4|12.2|-0.1|0.1|0.0|0.005|-6.2|-0.5|-6.6|-0.1
13|2001-02|36.0|SAS|NBA|PF|30.0|206.0|11.5|0.478|0.0|0.145|14.4|10.3|12.3|7.9|1.8|0.7|9.3|14.6|0.3|0.3|0.6|0.133|-0.5|0.5|-0.1|0.1
15|2002-03|37.0|PHI|NBA|PF|11.0|77.0|1.5|0.336|0.0|0.11800000000000001|10.5|14.0|12.2|1.9|0.7|1.0|21.9|13.3|-0.1|0.1|-0.1|-0.057|-7.5|-1.8|-9.3|-0.1
16|2002-03|37.0|DEN|NBA|PF|3.0|14.0|-5.0|0.266|0.0|2.0|7.9|8.7|8.3|21.0|0.0|0.0|51.5|12.3|-0.1|0.0|0.0|-0.161|-10.7|-1.4|-12.1|0.0
17|2002-03|37.0|BOS|NBA|PF|2.0|9.0|-1.1|0.0|0.0|0.0|0.0|25.9|12.6|16.3|0.0|0.0|0.0|5.2|0.0|0.0|0.0|-0.019|-10.4|0.6|-9.8|0.0
