player_id|Rk|Unnamed: 1|Age|G|GS|MP|FG|FGA|FG%|3P|3PA|3P%|2P|2PA|2P%|FT|FTA|FT%|ORB|DRB|TRB|AST|STL|BLK|TOV|PF|PTS|player_id
malonmo01|1|Moses Malone|32|79|78|2692|7.1|14.6|0.48700000000000004|0.0|0.1|0.28600000000000003|7.1|14.5|0.488|7.3|9.2|0.7879999999999999|5.0|6.8|11.8|1.5|0.8|1.0|3.3|2.1|21.5|malonmo01
malonje01|2|Jeff Malone|26|80|80|2655|8.8|18.4|0.47600000000000003|0.1|0.3|0.41700000000000004|8.7|18.1|0.478|4.5|5.2|0.882|0.6|2.2|2.8|3.2|0.7|0.2|2.3|2.7|22.3|malonje01
willijo02|3|John Williams|21|82|37|2428|6.3|13.5|0.469|0.1|0.6|0.132|6.3|12.9|0.484|2.8|3.8|0.7340000000000001|1.9|4.7|6.6|3.4|1.7|0.5|2.1|3.2|15.5|willijo02
kingbe01|4|Bernard King|31|69|38|2044|8.3|16.5|0.501|0.0|0.1|0.16699999999999998|8.3|16.4|0.503|4.4|5.7|0.762|1.5|3.4|4.9|3.4|0.9|0.2|3.7|3.6|20.9|kingbe01
boguemu01|5|Muggsy Bogues|23|79|14|1628|3.7|9.4|0.39|0.1|0.4|0.188|3.6|9.1|0.39799999999999996|1.3|1.6|0.784|0.8|2.2|3.0|8.9|2.8|0.1|2.2|3.1|8.7|boguemu01
catlete01|6|Terry Catledge|24|70|40|1610|6.6|13.1|0.506|0.0|0.0|0.0|6.6|13.0|0.508|3.4|5.3|0.655|4.0|4.9|8.9|1.4|0.7|0.2|2.3|3.8|16.7|catlete01
coltest01|7|Steve Colter|25|56|53|1361|5.0|10.6|0.469|0.1|0.3|0.3|4.9|10.3|0.473|1.8|2.3|0.7909999999999999|1.3|2.8|4.1|6.2|1.5|0.4|2.0|3.0|11.8|coltest01
jonesch01|8|Charles Jones|30|69|49|1313|2.0|4.9|0.40700000000000003|0.0|0.0|0.0|2.0|4.8|0.409|1.5|2.1|0.7070000000000001|2.9|6.0|8.9|1.6|1.5|3.1|1.6|6.2|5.4|jonesch01
johnsfr01|9|Frank Johnson|29|75|17|1258|6.2|14.3|0.434|0.0|0.3|0.111|6.2|14.0|0.44|3.5|4.3|0.812|1.1|2.3|3.5|5.4|2.0|0.1|2.8|3.4|15.9|johnsfr01
bolma01|10|Manute Bol|25|77|4|1136|2.4|5.2|0.455|0.0|0.0|0.0|2.4|5.2|0.457|0.8|1.6|0.531|2.3|6.4|8.7|0.4|0.3|6.6|1.1|5.1|5.6|bolma01
walkeda01|11|Darrell Walker|26|52|0|940|4.4|11.1|0.392|0.0|0.2|0.0|4.4|10.9|0.4|3.1|4.0|0.7809999999999999|1.6|3.2|4.9|3.8|2.4|0.4|2.6|4.0|11.9|walkeda01
alarima01|12|Mark Alarie|24|63|0|769|6.7|14.0|0.48|0.2|0.8|0.222|6.6|13.2|0.496|1.6|2.3|0.7140000000000001|3.3|4.2|7.5|1.8|0.5|0.6|2.3|5.0|15.3|alarima01
murphja01|13|Jay Murphy|25|9|0|46|6.3|18.0|0.348|0.0|0.0||6.3|18.0|0.348|3.1|3.9|0.8|3.1|9.4|12.5|0.8|0.0|0.0|3.9|3.9|15.7|murphja01
