|Season|Age|Tm|Lg|Pos|G|GS|MP|FG|FGA|FG%|FT|FTA|FT%|TRB|AST|PF|PTS
0|1947-48|25.0|CHS|BAA||5.0|||2.6|9.2|0.28300000000000003|2.0|2.8|0.7140000000000001||0.8|2.2|7.2
1|1948-49|26.0|CHS|BAA||2.0|||7.0|18.0|0.389|5.5|5.5|1.0||6.0|4.5|19.5
2|1949-50|27.0|CHS|NBA||2.0|||3.5|13.5|0.259|5.0|6.5|0.769||6.0|4.0|12.0
3|1950-51|28.0|PHW|NBA||2.0|||3.0|7.5|0.4|1.5|3.0|0.5|7.5|7.0|4.5|7.5
4|1951-52|29.0|PHW|NBA|SG|3.0||40.7|2.7|6.3|0.42100000000000004|6.3|8.0|0.792|4.7|7.3|5.3|11.7
5|1952-53|30.0|FTW|NBA|SG|8.0||41.1|3.0|8.9|0.33799999999999997|4.3|6.4|0.667|4.0|3.8|2.9|10.3
6|1953-54|31.0|FTW|NBA|PG|4.0||34.0|3.3|9.5|0.342|2.3|3.0|0.75|3.0|4.3|2.3|8.8
7|1954-55|32.0|FTW|NBA|PG|11.0||40.5|2.7|8.5|0.32299999999999995|3.1|3.6|0.85|5.5|7.1|3.4|8.5
8|1955-56|33.0|FTW|NBA|PG|10.0||17.3|0.9|2.7|0.33299999999999996|1.1|2.5|0.44|2.6|3.5|1.6|2.9
9|1956-57|34.0|BOS|NBA|PG|10.0||12.8|0.8|2.2|0.364|0.6|1.5|0.4|2.0|1.7|1.8|2.2
10|1957-58|35.0|BOS|NBA|PG|10.0||9.1|0.5|2.1|0.23800000000000002|0.7|0.9|0.778|1.4|0.7|2.0|1.7
