player_id|Rk|Unnamed: 1|Age|G|GS|MP|FG|FGA|FG%|FT|FTA|FT%|ORB|DRB|TRB|AST|STL|BLK|PF|PTS|player_id
abdulka01|1|Kareem Abdul-Jabbar|29|82||3016|10.6|18.3|0.579|4.5|6.4|0.701|3.2|9.8|13.0|3.8|1.2|3.1|3.1|25.7|abdulka01
russeca01|2|Cazzie Russell|32|82||2583|8.1|16.4|0.49|2.6|3.1|0.858|1.2|2.9|4.1|2.9|1.2|0.1|2.3|18.7|russeca01
allenlu01|3|Lucius Allen|29|78||2482|6.8|15.0|0.456|2.8|3.7|0.774|0.8|2.8|3.6|5.9|1.7|0.3|2.7|16.5|allenlu01
chanedo01|4|Don Chaney|30|81||2408|3.2|7.8|0.408|1.0|1.4|0.745|1.8|3.1|4.9|4.6|2.1|0.5|3.3|7.4|chanedo01
forddo01|5|Don Ford|24|82||1782|5.3|11.5|0.46|1.5|2.1|0.716|2.1|5.0|7.1|2.7|1.2|0.4|3.4|12.1|forddo01
abernto01|6|Tom Abernethy|22|70||1378|4.4|9.1|0.484|2.6|3.5|0.754|3.0|4.7|7.6|2.6|1.3|0.3|3.1|11.5|abernto01
washike01|7|Kermit Washington|25|53||1342|5.1|10.2|0.503|3.5|5.0|0.706|4.9|8.3|13.2|1.3|1.2|1.4|4.9|13.8|washike01
tatumea01|8|Earl Tatum|23|68||1249|8.2|17.5|0.466|2.1|2.9|0.72|2.4|4.4|6.8|3.4|2.4|0.6|4.8|18.4|tatumea01
lamarbo01|9|Bo Lamar|25|71||1165|7.0|17.3|0.406|1.4|2.1|0.6759999999999999|0.9|1.9|2.8|5.5|1.8|0.1|2.3|15.5|lamarbo01
kupeccj01|10|C.J. Kupec|24|82||908|6.1|13.6|0.447|3.1|4.0|0.772|3.0|4.9|7.9|2.1|0.7|0.2|4.5|15.2|kupeccj01
neumajo01|11|Johnny Neumann|25|59||888|5.9|14.7|0.402|2.2|3.3|0.667|0.8|1.8|2.6|5.6|1.1|0.3|5.1|14.0|neumajo01
roberma01|12|Marv Roberts|27|28||209|4.7|13.1|0.355|0.7|1.0|0.667|1.6|2.8|4.3|3.3|0.7|0.3|5.9|10.0|roberma01
calvima01|13|Mack Calvin|29|12||207|4.7|14.3|0.32899999999999996|7.1|8.3|0.8540000000000001|1.0|1.7|2.8|3.7|1.9|0.2|2.8|16.5|calvima01
warneco01|14|Cornell Warner|28|14||170|5.3|11.2|0.47200000000000003|0.8|1.3|0.667|4.4|10.2|14.6|2.3|0.2|0.4|5.9|11.4|warneco01
murphal01|15|Allen Murphy|24|2||18|2.0|10.0|0.2|6.0|14.0|0.429|6.0|2.0|8.0|0.0|0.0|0.0|10.0|10.0|murphal01
