player_id|Rk|Unnamed: 1|Age|G|GS|MP|FG|FGA|FG%|FT|FTA|FT%|ORB|DRB|TRB|AST|STL|BLK|PF|PTS|player_id
abdulka01|1|Kareem Abdul-Jabbar|29|82||3016|888|1533|0.579|376|536|0.701|266|824|1090|319|101|261|262|2152|abdulka01
russeca01|2|Cazzie Russell|32|82||2583|578|1179|0.49|188|219|0.858|86|208|294|210|86|7|163|1344|russeca01
allenlu01|3|Lucius Allen|29|78||2482|472|1035|0.456|195|252|0.774|58|193|251|405|116|19|183|1139|allenlu01
chanedo01|4|Don Chaney|30|81||2408|213|522|0.408|70|94|0.745|120|210|330|308|140|33|224|496|chanedo01
forddo01|5|Don Ford|24|82||1782|262|570|0.46|73|102|0.716|105|248|353|133|60|21|170|597|forddo01
abernto01|6|Tom Abernethy|22|70||1378|169|349|0.484|101|134|0.754|113|178|291|98|49|10|118|439|abernto01
washike01|7|Kermit Washington|25|53||1342|191|380|0.503|132|187|0.706|182|310|492|48|43|52|183|514|washike01
tatumea01|8|Earl Tatum|23|68||1249|283|607|0.466|72|100|0.72|83|153|236|118|85|22|168|638|tatumea01
lamarbo01|9|Bo Lamar|25|71||1165|228|561|0.406|46|68|0.6759999999999999|30|62|92|177|59|3|73|502|lamarbo01
kupeccj01|10|C.J. Kupec|24|82||908|153|342|0.447|78|101|0.772|76|123|199|53|18|4|113|384|kupeccj01
neumajo01|11|Johnny Neumann|25|59||888|146|363|0.402|54|81|0.667|19|44|63|137|28|8|127|346|neumajo01
roberma01|12|Marv Roberts|27|28||209|27|76|0.355|4|6|0.667|9|16|25|19|4|2|34|58|roberma01
calvima01|13|Mack Calvin|29|12||207|27|82|0.32899999999999996|41|48|0.8540000000000001|6|10|16|21|11|1|16|95|calvima01
warneco01|14|Cornell Warner|28|14||170|25|53|0.47200000000000003|4|6|0.667|21|48|69|11|1|2|28|54|warneco01
murphal01|15|Allen Murphy|24|2||18|1|5|0.2|3|7|0.429|3|1|4|0|0|0|5|5|murphal01
