|Season|Age|Tm|Lg|Pos|G|GS|MP|FG|FGA|FG%|3P|3PA|3P%|2P|2PA|2P%|FT|FTA|FT%|ORB|DRB|TRB|AST|STL|BLK|TOV|PF|PTS|ORtg|DRtg
0|1984-85|26.0|CLE|NBA|SF|36.0|7.0|520.0|7.6|17.7|0.431|0.1|0.2|0.5|7.5|17.5|0.43|3.7|4.5|0.82|3.5|4.4|8.0|3.1|0.8|0.6|3.1|3.6|19.0|100.0|112.0
2|1985-86|27.0|CLE|NBA|SF|17.0|3.0|207.0|8.4|16.9|0.5|0.0|0.2|0.0|8.4|16.7|0.507|2.7|3.7|0.75|1.1|4.8|5.9|1.8|0.2|0.0|1.4|4.6|19.6|109.0|113.0
3|1985-86|27.0|IND|NBA|SF|60.0|27.0|1469.0|8.8|17.9|0.493|0.1|0.3|0.25|8.8|17.7|0.496|2.4|3.6|0.6579999999999999|4.0|4.0|8.0|4.4|1.8|0.2|2.5|3.4|20.1|107.0|108.0
4|1986-87|28.0|IND|NBA|SF|63.0|0.0|721.0|9.4|19.8|0.473|0.0|0.3|0.0|9.4|19.5|0.48100000000000004|5.7|7.3|0.787|4.9|5.3|10.2|3.6|2.1|0.2|3.7|4.4|24.5|106.0|107.0
5|1987-88|29.0|IND|NBA|SF|74.0|1.0|1097.0|9.7|19.5|0.498|0.0|0.1|0.0|9.7|19.4|0.5|4.8|6.3|0.7659999999999999|4.0|5.7|9.6|3.5|1.8|0.3|3.3|4.4|24.2|108.0|108.0
6|1988-89|30.0|PHI|NBA|SF|82.0|12.0|2618.0|10.5|21.4|0.491|0.0|0.2|0.182|10.5|21.2|0.494|3.6|4.3|0.856|3.1|4.4|7.6|2.6|1.3|0.4|2.3|3.1|24.7|110.0|114.0
7|1989-90|31.0|PHI|NBA|SF|78.0|3.0|2089.0|9.0|20.0|0.451|0.1|0.5|0.14300000000000002|9.0|19.5|0.45899999999999996|3.9|4.7|0.838|1.9|5.1|7.0|3.4|1.7|0.3|1.9|3.4|22.0|108.0|110.0
8|1990-91|32.0|PHI|NBA|SF|82.0|13.0|2340.0|11.0|22.6|0.485|0.2|0.9|0.209|10.8|21.7|0.49700000000000005|3.5|4.2|0.833|2.2|5.7|7.9|2.5|1.4|0.3|2.1|3.5|25.7|107.0|110.0
9|1991-92|33.0|PHI|NBA|SF|82.0|11.0|2432.0|9.9|21.2|0.465|0.9|2.7|0.331|9.0|18.6|0.485|3.0|3.4|0.877|2.0|3.8|5.9|2.8|1.8|0.2|2.3|2.7|23.6|107.0|112.0
10|1992-93|34.0|PHI|NBA|SF|69.0|0.0|1263.0|8.7|21.0|0.414|1.5|4.6|0.325|7.2|16.4|0.439|2.8|3.4|0.809|2.4|4.7|7.1|3.6|1.2|0.2|2.4|2.9|21.7|99.0|113.0
12|1993-94|35.0|NJN|NBA|SF|11.0|2.0|176.0|4.3|12.3|0.349|1.1|3.4|0.33299999999999996|3.1|8.8|0.355|2.9|3.4|0.833|2.3|5.1|7.4|1.7|1.4|0.6|0.3|2.6|12.6|112.0|107.0
13|1993-94|35.0|WSB|NBA|SF|10.0|0.0|180.0|5.6|12.0|0.465|0.8|3.9|0.214|4.7|8.1|0.586|2.5|3.1|0.818|2.2|5.3|7.5|3.1|0.8|0.3|2.5|1.9|14.5|106.0|115.0
