|Season|Age|Tm|Lg|Pos|G|MP|FG%|Dist.|% of 2PA|% of 0-3|% of 3-10|% of 10-16|% of 16-3pt|% of 3P|2P %FG|0-3 %FG|3-10 %FG|10-16 %FG|16-3pt%FG|3P %FG|2P % Assisted|% of Dunks|Dunks Made|3P % Assisted|% of 3PA from Corner|Corner 3 %FG |Heaves Attempted|Heaves Made
0|2011-12|21.0|OKC|NBA|PG|45.0|501.0|0.321|15.0|0.61|0.264|0.107|0.094|0.145|0.39|0.392|0.452|0.353|0.2|0.435|0.21|0.158|0.025|3.0|0.6920000000000001|0.242|0.133|2.0|0.0
1|2012-13|22.0|OKC|NBA|PG|70.0|993.0|0.45799999999999996|13.7|0.68|0.292|0.166|0.083|0.138|0.32|0.5660000000000001|0.747|0.519|0.33299999999999996|0.37799999999999995|0.231|0.17600000000000002|0.04|12.0|0.833|0.163|0.41200000000000003|6.0|0.0
2|2013-14|23.0|OKC|NBA|PG|80.0|2277.0|0.44|12.8|0.733|0.28600000000000003|0.19699999999999998|0.11599999999999999|0.134|0.267|0.47700000000000004|0.599|0.41700000000000004|0.387|0.382|0.33899999999999997|0.19699999999999998|0.032|27.0|0.6629999999999999|0.127|0.452|10.0|0.0
4|2014-15|24.0|OKC|NBA|PG|50.0|1398.0|0.43200000000000005|13.4|0.726|0.23600000000000002|0.18600000000000003|0.099|0.205|0.27399999999999997|0.49|0.596|0.505|0.491|0.35600000000000004|0.278|0.146|0.03|15.0|0.5|0.114|0.222|0.0|0.0
5|2014-15|24.0|DET|NBA|PG|27.0|870.0|0.436|11.3|0.802|0.312|0.212|0.14800000000000002|0.124|0.198|0.46|0.6409999999999999|0.315|0.371|0.365|0.337|0.11|0.017|7.0|0.46399999999999997|0.048|0.25|3.0|0.0
6|2015-16|25.0|DET|NBA|PG|79.0|2424.0|0.434|11.9|0.732|0.28|0.21899999999999997|0.122|0.109|0.268|0.46399999999999997|0.575|0.381|0.48|0.331|0.353|0.064|0.011000000000000001|13.0|0.415|0.11699999999999999|0.385|2.0|0.0
7|2016-17|26.0|DET|NBA|PG|52.0|1424.0|0.419|13.4|0.728|0.23199999999999998|0.207|0.129|0.161|0.272|0.442|0.51|0.371|0.43700000000000006|0.44|0.359|0.073|0.012|6.0|0.455|0.13|0.292|3.0|0.0
8|2017-18|27.0|DET|NBA|PG|45.0|1201.0|0.426|13.7|0.7070000000000001|0.156|0.251|0.172|0.128|0.293|0.475|0.6|0.434|0.515|0.35100000000000003|0.308|0.08800000000000001|0.009000000000000001|3.0|0.5770000000000001|0.142|0.41700000000000004|3.0|0.0
9|2018-19|28.0|DET|NBA|PG|82.0|2289.0|0.42100000000000004|16.5|0.55|0.138|0.20600000000000002|0.113|0.094|0.45|0.46399999999999997|0.583|0.39399999999999996|0.43200000000000005|0.48|0.369|0.187|0.016|14.0|0.7929999999999999|0.172|0.40700000000000003|4.0|0.0
