|Season|Age|Tm|Lg|Pos|G|GS|MP|FG|FGA|FG%|3P|3PA|3P%|2P|2PA|2P%|eFG%|FT|FTA|FT%|ORB|DRB|TRB|AST|STL|BLK|TOV|PF|PTS
0|2011-12|21.0|OKC|NBA|PG|45.0|0.0|501.0|51.0|159.0|0.321|13.0|62.0|0.21|38.0|97.0|0.392|0.36200000000000004|25.0|29.0|0.862|14.0|39.0|53.0|71.0|25.0|1.0|36.0|31.0|140.0
1|2012-13|22.0|OKC|NBA|PG|70.0|0.0|993.0|149.0|325.0|0.45799999999999996|24.0|104.0|0.231|125.0|221.0|0.5660000000000001|0.495|52.0|62.0|0.8390000000000001|21.0|145.0|166.0|122.0|29.0|13.0|53.0|84.0|374.0
2|2013-14|23.0|OKC|NBA|PG|80.0|36.0|2277.0|403.0|916.0|0.44|83.0|245.0|0.33899999999999997|320.0|671.0|0.47700000000000004|0.485|158.0|177.0|0.893|43.0|270.0|313.0|331.0|85.0|9.0|168.0|142.0|1047.0
4|2014-15|24.0|OKC|NBA|PG|50.0|13.0|1398.0|249.0|576.0|0.43200000000000005|44.0|158.0|0.278|205.0|418.0|0.49|0.47|99.0|115.0|0.861|28.0|173.0|201.0|214.0|42.0|5.0|91.0|94.0|641.0
5|2014-15|24.0|DET|NBA|PG|27.0|27.0|870.0|183.0|420.0|0.436|28.0|83.0|0.337|155.0|337.0|0.46|0.469|82.0|103.0|0.7959999999999999|28.0|98.0|126.0|248.0|20.0|4.0|95.0|73.0|476.0
6|2015-16|25.0|DET|NBA|PG|79.0|79.0|2424.0|540.0|1244.0|0.434|118.0|334.0|0.353|422.0|910.0|0.46399999999999997|0.48200000000000004|291.0|337.0|0.8640000000000001|58.0|195.0|253.0|492.0|59.0|11.0|223.0|187.0|1489.0
7|2016-17|26.0|DET|NBA|PG|52.0|50.0|1424.0|284.0|677.0|0.419|66.0|184.0|0.359|218.0|493.0|0.442|0.46799999999999997|118.0|136.0|0.868|21.0|93.0|114.0|270.0|35.0|5.0|114.0|129.0|752.0
8|2017-18|27.0|DET|NBA|PG|45.0|45.0|1201.0|246.0|577.0|0.426|52.0|169.0|0.308|194.0|408.0|0.475|0.47100000000000003|112.0|134.0|0.836|29.0|96.0|125.0|238.0|27.0|4.0|99.0|87.0|656.0
9|2018-19|28.0|DET|NBA|PG|82.0|82.0|2289.0|441.0|1047.0|0.42100000000000004|174.0|471.0|0.369|267.0|576.0|0.46399999999999997|0.504|204.0|236.0|0.8640000000000001|45.0|171.0|216.0|344.0|55.0|9.0|148.0|208.0|1260.0
