|Season|Age|Tm|Lg|Pos|G|GS|MP|FG|FGA|FG%|3P|3PA|3P%|2P|2PA|2P%|FT|FTA|FT%|ORB|DRB|TRB|AST|STL|BLK|TOV|PF|PTS|ORtg|DRtg
0|2009-10|20.0|MIL|NBA|PG|82.0|82.0|2671.0|8.8|23.8|0.371|2.8|7.6|0.374|6.0|16.2|0.37|4.4|5.4|0.8170000000000001|1.0|4.6|5.5|9.2|2.1|0.4|3.9|3.7|24.9|100.0|104.0
1|2010-11|21.0|MIL|NBA|PG|63.0|61.0|2169.0|8.9|22.8|0.39|2.4|7.5|0.32299999999999995|6.5|15.4|0.42200000000000004|4.9|6.1|0.809|1.0|4.7|5.8|7.5|2.3|0.5|3.6|3.2|25.1|100.0|103.0
2|2011-12|22.0|MIL|NBA|PG|66.0|66.0|2331.0|10.3|24.6|0.418|2.8|8.5|0.332|7.5|16.1|0.46399999999999997|4.2|5.2|0.8079999999999999|1.1|3.9|5.0|8.0|2.3|0.5|3.2|2.5|27.7|106.0|107.0
3|2012-13|23.0|MIL|NBA|PG|80.0|80.0|2897.0|8.7|21.8|0.39899999999999997|3.0|8.1|0.375|5.7|13.8|0.41200000000000003|4.0|4.9|0.8190000000000001|1.0|3.3|4.3|9.1|2.2|0.2|3.6|2.7|24.4|106.0|108.0
4|2013-14|24.0|DET|NBA|PG|80.0|79.0|2728.0|7.8|21.0|0.373|2.9|8.5|0.337|5.0|12.6|0.397|4.5|5.9|0.7509999999999999|1.1|3.4|4.5|11.3|1.9|0.1|4.0|2.9|23.0|106.0|113.0
5|2014-15|25.0|DET|NBA|PG|41.0|41.0|1173.0|9.6|23.9|0.401|3.4|9.3|0.36|6.3|14.6|0.428|5.3|6.3|0.8390000000000001|0.9|3.7|4.6|12.0|1.9|0.2|4.0|2.8|27.9|110.0|109.0
7|2015-16|26.0|DET|NBA|PG|23.0|1.0|416.0|6.4|17.3|0.371|2.9|9.3|0.312|3.5|8.0|0.439|3.3|4.6|0.711|0.6|5.0|5.6|8.5|1.3|0.2|2.7|2.9|19.0|107.0|108.0
8|2015-16|26.0|ORL|NBA|PG|25.0|6.0|452.0|6.5|17.8|0.366|3.0|8.6|0.34600000000000003|3.5|9.2|0.386|3.3|4.4|0.75|1.2|4.3|5.5|11.1|2.0|0.6|3.9|3.7|19.4|103.0|108.0
10|2016-17|27.0|NYK|NBA|PG|58.0|11.0|1428.0|5.7|15.0|0.38|2.4|7.0|0.34|3.3|8.0|0.415|3.6|4.7|0.7559999999999999|0.7|4.6|5.3|10.1|1.9|0.1|3.7|2.9|17.4|105.0|113.0
11|2016-17|27.0|WAS|NBA|PG|23.0|2.0|374.0|3.8|14.0|0.27399999999999997|1.5|6.9|0.212|2.4|7.1|0.33299999999999996|1.6|2.2|0.706|1.1|4.7|5.8|14.2|2.0|0.0|2.9|4.2|10.7|98.0|111.0
12|2017-18|28.0|MIL|NBA|PG|14.0|0.0|205.0|6.6|17.5|0.375|2.2|8.0|0.273|4.4|9.5|0.462|2.4|2.4|1.0|1.2|6.3|7.5|10.7|1.5|1.0|4.4|2.7|17.8|99.0|111.0
