|Season|Age|Tm|Lg|Pos|G|MP|FG%|Dist.|% of 2PA|% of 0-3|% of 3-10|% of 10-16|% of 16-3pt|% of 3P|2P %FG|0-3 %FG|3-10 %FG|10-16 %FG|16-3pt%FG|3P %FG|2P % Assisted|% of Dunks|Dunks Made|3P % Assisted|% of 3PA from Corner|Corner 3 %FG |Heaves Attempted|Heaves Made
0|2009-10|20.0|MIL|NBA|PG|82.0|2671.0|0.371|14.8|0.6809999999999999|0.23600000000000002|0.10400000000000001|0.124|0.21600000000000003|0.319|0.37|0.425|0.331|0.311|0.361|0.374|0.19|0.002|2.0|0.614|0.059000000000000004|0.435|1.0|0.0
1|2010-11|21.0|MIL|NBA|PG|63.0|2169.0|0.39|14.2|0.6729999999999999|0.256|0.149|0.109|0.159|0.327|0.42200000000000004|0.519|0.355|0.366|0.36700000000000005|0.32299999999999995|0.24|0.006|5.0|0.735|0.106|0.43799999999999994|3.0|0.0
2|2011-12|22.0|MIL|NBA|PG|66.0|2331.0|0.418|14.0|0.654|0.262|0.16699999999999998|0.084|0.141|0.34600000000000003|0.46399999999999997|0.5710000000000001|0.396|0.36200000000000004|0.405|0.332|0.326|0.008|8.0|0.55|0.152|0.373|4.0|0.0
3|2012-13|23.0|MIL|NBA|PG|80.0|2897.0|0.39899999999999997|15.1|0.63|0.228|0.121|0.12300000000000001|0.158|0.37|0.41200000000000003|0.496|0.285|0.41600000000000004|0.386|0.375|0.253|0.005|6.0|0.595|0.158|0.384|3.0|0.0
4|2013-14|24.0|DET|NBA|PG|80.0|2728.0|0.373|15.9|0.597|0.215|0.13699999999999998|0.07|0.175|0.40299999999999997|0.397|0.529|0.265|0.3|0.377|0.337|0.23|0.004|4.0|0.44799999999999995|0.125|0.316|9.0|0.0
5|2014-15|25.0|DET|NBA|PG|41.0|1173.0|0.401|14.6|0.611|0.28|0.11800000000000001|0.087|0.127|0.389|0.428|0.52|0.313|0.34|0.391|0.36|0.261|0.006|3.0|0.461|0.147|0.516|1.0|0.0
7|2015-16|26.0|DET|NBA|PG|23.0|416.0|0.371|17.2|0.462|0.18899999999999997|0.14|0.027999999999999997|0.098|0.5379999999999999|0.439|0.593|0.4|0.25|0.28600000000000003|0.312|0.345|0.0|0.0|0.375|0.16899999999999998|0.308|3.0|0.0
8|2015-16|26.0|ORL|NBA|PG|25.0|452.0|0.366|17.5|0.516|0.124|0.099|0.099|0.193|0.484|0.386|0.55|0.313|0.43799999999999994|0.29|0.34600000000000003|0.156|0.0|0.0|0.815|0.192|0.33299999999999996|0.0|0.0
10|2016-17|27.0|NYK|NBA|PG|58.0|1428.0|0.38|16.1|0.534|0.226|0.096|0.096|0.114|0.466|0.415|0.515|0.268|0.415|0.34700000000000003|0.34|0.2|0.0|0.0|0.485|0.18|0.444|2.0|0.0
11|2016-17|27.0|WAS|NBA|PG|23.0|374.0|0.27399999999999997|17.6|0.509|0.16|0.113|0.113|0.12300000000000001|0.491|0.33299999999999996|0.41200000000000003|0.16699999999999998|0.5|0.231|0.212|0.055999999999999994|0.0|0.0|0.636|0.17300000000000001|0.111|0.0|0.0
12|2017-18|28.0|MIL|NBA|PG|14.0|205.0|0.375|16.9|0.542|0.125|0.125|0.125|0.16699999999999998|0.45799999999999996|0.462|0.556|0.33299999999999996|0.33299999999999996|0.583|0.273|0.222|0.0|0.0|0.667|0.121|0.25|0.0|0.0
