|Season|Age|Tm|Lg|Pos|G|GS|MP|FG|FGA|FG%|3P|3PA|3P%|2P|2PA|2P%|FT|FTA|FT%|ORB|DRB|TRB|AST|STL|BLK|TOV|PF|PTS|ORtg|DRtg
0|1974-75|23.0|DNA|ABA|PF|13.0||428.0|7.5|13.9|0.535|0.0|0.1|0.0|7.5|13.8|0.539|3.3|4.3|0.775|3.8|8.2|12.0|4.1|1.3|1.3|3.3|5.3|18.3|112.0|110.0
1|1975-76|24.0|DNA|ABA|PF|13.0||431.0|7.8|13.3|0.583|0.0|0.0||7.8|13.3|0.583|3.1|4.3|0.732|4.3|7.4|11.7|6.2|1.7|2.1|3.6|5.6|18.7|117.0|106.0
2|1976-77|25.0|DEN|NBA|PF|6.0||187.0|7.5|15.5|0.484||||7.5|15.5|0.484|2.4|4.1|0.588|2.7|5.8|8.5|5.1|4.1|3.4||6.1|17.5||92.0
3|1977-78|26.0|DEN|NBA|PF|13.0||390.0|7.7|13.5|0.569||||7.7|13.5|0.569|4.0|5.3|0.7390000000000001|4.2|7.7|11.9|4.1|1.9|1.0|2.8|4.9|19.3|119.0|105.0
4|1978-79|27.0|PHI|NBA|PF|9.0||260.0|8.4|15.2|0.552||||8.4|15.2|0.552|3.8|4.5|0.846|2.1|5.4|7.5|3.3|0.9|0.7|2.6|5.2|20.6|116.0|106.0
5|1979-80|28.0|PHI|NBA|PF|18.0||470.0|9.3|17.7|0.523|0.0|0.1|0.0|9.3|17.6|0.526|5.5|6.4|0.855|3.0|5.9|8.9|3.2|2.2|3.3|2.4|5.8|24.0|116.0|100.0
6|1980-81|29.0|PHI|NBA|PF|16.0||443.0|8.9|17.6|0.506|0.0|0.0||8.9|17.6|0.506|8.0|9.7|0.83|3.9|5.8|9.7|3.6|2.0|2.3|3.5|6.6|25.9|116.0|105.0
7|1981-82|30.0|PHI|NBA|PF|21.0||589.0|7.8|14.5|0.54|0.0|0.0||7.8|14.5|0.54|5.7|6.7|0.84|3.1|5.2|8.2|4.3|1.2|1.8|2.7|5.7|21.3|120.0|107.0
8|1982-83|31.0|PHI|NBA|PF|12.0||324.0|6.6|11.9|0.551|0.0|0.2|0.0|6.6|11.7|0.5579999999999999|2.6|3.0|0.85|2.9|5.9|8.8|5.2|2.3|2.7|2.7|4.4|15.7|116.0|100.0
9|1983-84|32.0|PHI|NBA|PF|5.0||130.0|5.5|11.3|0.484|0.0|0.0||5.5|11.3|0.484|6.6|6.9|0.9470000000000001|3.3|5.1|8.4|3.3|1.1|2.6|2.9|4.4|17.5|118.0|106.0
10|1984-85|33.0|PHI|NBA|PF|13.0|11.0|309.0|7.2|12.2|0.59|0.0|0.0||7.2|12.2|0.59|2.2|3.1|0.7|3.4|4.1|7.5|2.5|1.9|2.3|3.0|5.9|16.6|113.0|106.0
11|1985-86|34.0|PHI|NBA|PF|12.0|5.0|329.0|5.8|11.0|0.527|0.0|0.1|0.0|5.8|10.8|0.534|5.6|7.4|0.76|1.3|3.4|4.8|5.0|1.5|2.1|2.2|5.8|17.2|123.0|110.0
