|Season|Age|Tm|Lg|Pos|G|MP|FG%|Dist.|% of 2PA|% of 0-3|% of 3-10|% of 10-16|% of 16-3pt|% of 3P|2P %FG|0-3 %FG|3-10 %FG|10-16 %FG|16-3pt%FG|3P %FG|2P % Assisted|% of Dunks|Dunks Made|3P % Assisted|% of 3PA from Corner|Corner 3 %FG |Heaves Attempted|Heaves Made
0|2003-04|23.0|LAL|NBA|PF|72.0|730.0|0.425|12.5|0.745|0.314|0.105|0.111|0.21600000000000003|0.255|0.456|0.563|0.375|0.529|0.303|0.33299999999999996|0.635|0.0|0.0|1.0|0.308|0.33299999999999996|1.0|0.0
1|2004-05|24.0|LAL|NBA|SF|61.0|768.0|0.41100000000000003|11.4|0.6609999999999999|0.42200000000000004|0.11699999999999999|0.044000000000000004|0.078|0.33899999999999997|0.48700000000000004|0.526|0.429|0.125|0.5710000000000001|0.262|0.621|0.039|5.0|1.0|0.32799999999999996|0.4|0.0|0.0
2|2005-06|25.0|LAL|NBA|SF|69.0|1333.0|0.41200000000000003|12.6|0.8320000000000001|0.247|0.159|0.159|0.268|0.168|0.429|0.494|0.423|0.40399999999999997|0.386|0.327|0.5379999999999999|0.015|4.0|1.0|0.564|0.32299999999999995|1.0|0.0
3|2006-07|26.0|LAL|NBA|SF|60.0|1982.0|0.474|10.1|0.777|0.40399999999999997|0.16|0.084|0.129|0.223|0.499|0.618|0.41600000000000004|0.34|0.33299999999999996|0.387|0.685|0.027000000000000003|14.0|0.958|0.484|0.41700000000000004|1.0|0.0
4|2007-08|27.0|LAL|NBA|SF|74.0|1729.0|0.45|11.0|0.8240000000000001|0.331|0.192|0.105|0.19699999999999998|0.17600000000000002|0.475|0.627|0.402|0.36|0.35100000000000003|0.33299999999999996|0.6579999999999999|0.025|12.0|0.929|0.41700000000000004|0.314|1.0|0.0
5|2008-09|28.0|LAL|NBA|SF|65.0|1166.0|0.436|11.7|0.8140000000000001|0.28|0.19899999999999998|0.11699999999999999|0.218|0.18600000000000003|0.46799999999999997|0.581|0.426|0.389|0.40299999999999997|0.298|0.726|0.016|5.0|0.941|0.7020000000000001|0.3|0.0|0.0
6|2009-10|29.0|LAL|NBA|SF|29.0|272.0|0.35700000000000004|12.6|0.7979999999999999|0.179|0.23800000000000002|0.226|0.155|0.20199999999999999|0.34299999999999997|0.4|0.35|0.316|0.308|0.41200000000000003|0.391|0.0|0.0|0.857|0.47100000000000003|0.5|0.0|0.0
7|2010-11|30.0|LAL|NBA|SF|54.0|484.0|0.32799999999999996|16.8|0.7070000000000001|0.10300000000000001|0.147|0.138|0.319|0.293|0.366|0.5|0.294|0.43799999999999994|0.324|0.235|0.7|0.0|0.0|1.0|0.529|0.33299999999999996|1.0|0.0
9|2011-12|31.0|LAL|NBA|SF|9.0|65.0|0.429|18.2|0.7140000000000001|0.071|0.071|0.071|0.5|0.28600000000000003|0.6|1.0|1.0|1.0|0.429|0.0|0.5|0.0|0.0||0.5|0.0|0.0|0.0
10|2011-12|31.0|CLE|NBA|PF|21.0|299.0|0.353|18.5|0.6859999999999999|0.059000000000000004|0.039|0.13699999999999998|0.451|0.314|0.314|0.33299999999999996|0.5|0.28600000000000003|0.304|0.43799999999999994|0.818|0.0|0.0|1.0|0.563|0.444|0.0|0.0
11|2012-13|32.0|CLE|NBA|PF|50.0|857.0|0.392|16.4|0.63|0.133|0.166|0.077|0.254|0.37|0.447|0.625|0.4|0.14300000000000002|0.478|0.299|0.8240000000000001|0.006|1.0|1.0|0.209|0.071|0.0|0.0
