|Season|Age|Tm|Lg|Pos|G|MP|PER|TS%|3PAr|FTr|ORB%|DRB%|TRB%|AST%|STL%|BLK%|TOV%|USG%|OWS|DWS|WS|WS/48|OBPM|DBPM|BPM|VORP
0|1997-98|22.0|CLE|NBA|C|82.0|2379.0|19.7|0.564|0.005|0.345|14.6|22.6|18.6|5.7|1.2|4.3|12.6|22.4|4.5|4.9|9.4|0.18899999999999997|0.3|1.7|2.0|2.4
1|1998-99|23.0|CLE|NBA|C|5.0|171.0|17.5|0.541|0.0|0.526|12.8|20.0|16.4|4.9|1.3|3.3|11.4|22.6|0.3|0.2|0.5|0.134|-0.7|-0.6|-1.3|0.0
2|2000-01|25.0|CLE|NBA|C|24.0|616.0|16.0|0.524|0.009000000000000001|0.33299999999999996|12.3|17.8|15.0|5.4|1.3|4.4|18.3|24.1|0.1|0.7|0.7|0.055999999999999994|-2.1|0.0|-2.1|0.0
3|2001-02|26.0|CLE|NBA|C|62.0|1329.0|17.4|0.501|0.009000000000000001|0.48700000000000004|12.1|17.3|14.8|9.4|0.7|4.6|12.0|27.0|1.5|1.0|2.5|0.08900000000000001|-1.3|-0.9|-2.2|-0.1
4|2002-03|27.0|CLE|NBA|C|81.0|2432.0|19.4|0.516|0.004|0.456|10.8|17.4|14.1|10.1|1.2|4.4|13.5|27.8|2.9|2.1|5.0|0.099|-0.5|-0.4|-0.9|0.7
5|2003-04|28.0|CLE|NBA|C|81.0|2539.0|20.2|0.541|0.006999999999999999|0.42100000000000004|12.1|16.3|14.2|7.8|0.8|5.6|12.5|23.1|5.0|2.8|7.8|0.147|0.9|0.8|1.7|2.4
6|2004-05|29.0|CLE|NBA|C|78.0|2615.0|19.5|0.55|0.006999999999999999|0.514|13.2|17.2|15.2|6.6|1.1|4.7|13.7|24.1|4.8|3.3|8.1|0.149|0.3|0.7|1.0|2.0
7|2005-06|30.0|CLE|NBA|C|78.0|2283.0|21.9|0.5760000000000001|0.006|0.42700000000000005|12.6|18.1|15.3|7.4|0.9|4.6|12.8|24.6|5.6|3.1|8.7|0.184|0.8|1.0|1.8|2.2
8|2006-07|31.0|CLE|NBA|C|78.0|2130.0|18.0|0.527|0.001|0.242|12.9|20.0|16.4|10.2|1.2|3.6|13.8|21.7|2.6|4.0|6.6|0.14800000000000002|-0.6|2.6|2.0|2.1
9|2007-08|32.0|CLE|NBA|C|73.0|2222.0|18.7|0.522|0.001|0.276|13.1|22.2|17.5|8.5|0.8|4.3|12.0|22.9|2.9|3.2|6.1|0.131|-1.3|1.2|-0.1|1.1
10|2008-09|33.0|CLE|NBA|C|65.0|1765.0|18.0|0.523|0.054000000000000006|0.24|11.0|21.6|16.5|6.4|0.9|3.8|10.1|23.8|2.1|3.5|5.6|0.151|-1.9|1.0|-0.9|0.5
11|2009-10|34.0|CLE|NBA|C|64.0|1339.0|11.9|0.491|0.053|0.231|10.7|19.6|15.3|5.6|0.5|2.9|11.6|19.0|0.5|2.0|2.5|0.08800000000000001|-3.3|0.2|-3.2|-0.4
12|2010-11|35.0|MIA|NBA|C|72.0|1145.0|12.8|0.531|0.003|0.14400000000000002|11.9|17.5|14.9|3.6|1.1|4.0|13.3|16.0|1.0|1.9|2.9|0.122|-2.6|1.0|-1.5|0.1
