|Season|Age|Tm|Lg|Pos|G|GS|MP|FG|FGA|FG%|3P|3PA|3P%|2P|2PA|2P%|FT|FTA|FT%|ORB|DRB|TRB|AST|STL|BLK|TOV|PF|PTS|ORtg|DRtg
0|1992-93|22.0|LAL|NBA|SG|23.0|0.0|332.0|6.8|15.9|0.425|0.3|1.8|0.16699999999999998|6.5|14.1|0.457|7.5|9.9|0.758|3.6|4.1|7.7|8.0|3.3|0.8|7.5|8.0|21.3|94.0|108.0
1|1993-94|23.0|LAL|NBA|SG|65.0|34.0|1515.0|8.1|18.7|0.434|1.3|3.9|0.32799999999999996|6.8|14.7|0.46299999999999997|4.8|6.9|0.6970000000000001|3.1|4.7|7.8|4.5|3.0|0.9|4.6|6.2|22.3|98.0|108.0
2|1994-95|24.0|NYK|NBA|SG|12.0|0.0|79.0|3.3|14.7|0.22699999999999998|0.7|4.7|0.14300000000000002|2.7|10.0|0.267|2.7|3.3|0.8|2.0|6.7|8.7|5.3|1.3|0.7|8.7|12.0|10.0|57.0|104.0
4|1995-96|25.0|NYK|NBA|SF|23.0|0.0|218.0|8.5|17.7|0.479|2.4|4.6|0.526|6.0|13.1|0.46299999999999997|3.1|5.3|0.591|1.9|6.3|8.2|6.0|2.9|0.7|4.6|9.9|22.5|102.0|101.0
5|1995-96|25.0|TOR|NBA|SF|32.0|17.0|818.0|7.2|16.6|0.436|2.3|5.5|0.414|5.0|11.1|0.446|3.5|4.5|0.789|1.6|5.9|7.6|5.8|3.7|1.0|4.8|6.3|20.3|100.0|108.0
6|1996-97|26.0|TOR|NBA|SG|81.0|81.0|3127.0|6.7|16.1|0.41700000000000004|2.5|6.5|0.384|4.2|9.6|0.44|4.0|5.2|0.775|1.4|5.9|7.3|5.3|3.4|0.8|3.4|4.2|19.9|108.0|106.0
7|1997-98|27.0|TOR|NBA|SG|78.0|78.0|2939.0|8.1|18.9|0.428|1.8|5.4|0.326|6.3|13.5|0.469|4.8|5.8|0.8290000000000001|1.7|5.5|7.1|5.0|3.4|1.0|4.0|3.5|22.7|103.0|109.0
8|1998-99|28.0|TOR|NBA|SG|50.0|50.0|1768.0|7.7|19.9|0.38799999999999996|1.5|4.9|0.304|6.2|15.0|0.415|6.3|7.5|0.841|1.8|4.5|6.3|5.7|3.5|0.8|3.6|3.4|23.2|104.0|103.0
9|1999-00|29.0|TOR|NBA|SG|73.0|73.0|2264.0|7.1|17.5|0.40700000000000003|2.3|6.3|0.36|4.9|11.2|0.434|4.2|5.0|0.843|1.4|5.1|6.5|7.4|2.3|1.0|3.3|3.8|20.7|107.0|105.0
10|2000-01|30.0|SAC|NBA|SG|81.0|81.0|2939.0|5.4|13.6|0.395|1.6|4.3|0.376|3.8|9.3|0.40299999999999997|4.8|5.4|0.897|1.6|4.5|6.1|5.0|3.2|0.8|2.7|3.9|17.2|109.0|99.0
11|2001-02|31.0|SAC|NBA|SG|81.0|81.0|2798.0|6.1|13.2|0.46|1.6|4.6|0.35200000000000004|4.5|8.6|0.518|3.7|4.3|0.851|1.3|5.4|6.7|6.1|2.9|0.4|2.9|3.8|17.4|112.0|101.0
12|2002-03|32.0|SAC|NBA|SG|80.0|80.0|2710.0|5.0|10.3|0.479|1.4|3.4|0.395|3.6|6.9|0.522|2.6|3.2|0.81|1.1|5.2|6.4|7.0|3.3|0.7|2.7|3.5|13.9|113.0|98.0
13|2003-04|33.0|SAC|NBA|SG|82.0|82.0|2780.0|5.9|12.8|0.461|0.9|2.6|0.345|5.0|10.2|0.491|2.8|3.2|0.86|1.3|4.8|6.1|6.5|2.8|0.8|2.9|3.5|15.5|107.0|104.0
15|2004-05|34.0|SAC|NBA|SG|31.0|31.0|996.0|4.3|10.6|0.40700000000000003|0.5|2.0|0.256|3.8|8.5|0.442|2.6|2.9|0.893|1.5|4.9|6.4|7.9|2.2|0.7|3.5|3.2|11.7|100.0|109.0
16|2004-05|34.0|ORL|NBA|SG|21.0|13.0|529.0|4.5|12.3|0.36700000000000005|0.5|2.2|0.217|4.0|10.1|0.4|1.9|2.1|0.909|0.9|4.3|5.2|4.4|3.5|0.5|3.4|4.3|11.4|85.0|106.0
17|2005-06|35.0|DAL|NBA|SG|7.0|7.0|185.0|2.7|7.7|0.34600000000000003|0.0|0.3|0.0|2.7|7.4|0.36|2.4|3.5|0.667|0.6|3.3|3.8|4.1|2.7|0.3|1.8|3.0|7.7|93.0|106.0
18|2006-07|36.0|LAC|NBA|SG|7.0|0.0|82.0|3.2|11.0|0.294|0.6|3.9|0.16699999999999998|2.6|7.1|0.364|1.3|1.9|0.667|1.9|5.2|7.1|5.2|1.9|0.6|3.2|7.1|8.4|78.0|106.0
