|Season|Age|Tm|Lg|Pos|G|GS|MP|FG|FGA|FG%|3P|3PA|3P%|2P|2PA|2P%|eFG%|FT|FTA|FT%|ORB|DRB|TRB|AST|STL|BLK|TOV|PF|PTS
0|1979-80|24.0|BOS|NBA|PG|76.0|2.0|1061.0|191.0|382.0|0.5|2.0|6.0|0.33299999999999996|189.0|376.0|0.503|0.503|89.0|129.0|0.69|37.0|46.0|83.0|147.0|45.0|15.0|109.0|96.0|473.0
1|1980-81|25.0|BOS|NBA|PG|82.0|10.0|1608.0|261.0|579.0|0.451|1.0|16.0|0.063|260.0|563.0|0.462|0.452|113.0|157.0|0.72|43.0|89.0|132.0|213.0|79.0|12.0|160.0|177.0|636.0
2|1981-82|26.0|BOS|NBA|PG|82.0|31.0|1844.0|353.0|705.0|0.501|2.0|12.0|0.16699999999999998|351.0|693.0|0.506|0.502|125.0|172.0|0.727|47.0|105.0|152.0|252.0|82.0|11.0|150.0|199.0|833.0
3|1982-83|27.0|BOS|NBA|PG|82.0|9.0|1551.0|286.0|618.0|0.46299999999999997|3.0|16.0|0.188|283.0|602.0|0.47|0.465|96.0|133.0|0.722|57.0|67.0|124.0|195.0|95.0|3.0|128.0|190.0|671.0
4|1983-84|28.0|BOS|NBA|PG|78.0|78.0|2088.0|376.0|718.0|0.524|20.0|57.0|0.35100000000000003|356.0|661.0|0.539|0.5379999999999999|136.0|177.0|0.768|68.0|79.0|147.0|300.0|117.0|14.0|161.0|209.0|908.0
5|1984-85|29.0|SEA|NBA|PG|79.0|78.0|2648.0|427.0|891.0|0.479|9.0|38.0|0.237|418.0|853.0|0.49|0.484|199.0|255.0|0.78|71.0|119.0|190.0|559.0|140.0|9.0|231.0|196.0|1062.0
6|1985-86|30.0|SEA|NBA|PG|82.0|82.0|2568.0|434.0|900.0|0.48200000000000004|18.0|52.0|0.34600000000000003|416.0|848.0|0.491|0.49200000000000005|185.0|223.0|0.83|89.0|98.0|187.0|487.0|138.0|11.0|184.0|230.0|1071.0
8|1986-87|31.0|SEA|NBA|PG|6.0|6.0|155.0|25.0|50.0|0.5|0.0|3.0|0.0|25.0|47.0|0.532|0.5|17.0|18.0|0.9440000000000001|6.0|3.0|9.0|32.0|6.0|0.0|15.0|17.0|67.0
9|1986-87|31.0|NYK|NBA|PG|68.0|53.0|1890.0|273.0|624.0|0.43799999999999994|19.0|74.0|0.257|254.0|550.0|0.462|0.45299999999999996|173.0|212.0|0.816|44.0|122.0|166.0|439.0|95.0|11.0|157.0|191.0|738.0
11|1987-88|32.0|NYK|NBA|PG|6.0|2.0|69.0|5.0|14.0|0.35700000000000004|2.0|4.0|0.5|3.0|10.0|0.3|0.429|2.0|2.0|1.0|1.0|9.0|10.0|13.0|2.0|0.0|8.0|14.0|14.0
12|1987-88|32.0|PHI|NBA|PG|69.0|3.0|1436.0|189.0|439.0|0.431|67.0|159.0|0.42100000000000004|122.0|280.0|0.436|0.507|136.0|168.0|0.81|26.0|71.0|97.0|218.0|67.0|5.0|125.0|173.0|581.0
13|1988-89|33.0|PHI|NBA|PG|65.0|0.0|986.0|144.0|348.0|0.414|33.0|107.0|0.308|111.0|241.0|0.461|0.461|104.0|127.0|0.8190000000000001|17.0|51.0|68.0|140.0|42.0|3.0|73.0|121.0|425.0
15|1989-90|34.0|MIL|NBA|PG|11.0|0.0|129.0|11.0|26.0|0.423|3.0|7.0|0.429|8.0|19.0|0.42100000000000004|0.48100000000000004|2.0|2.0|1.0|3.0|9.0|12.0|13.0|8.0|0.0|8.0|14.0|27.0
16|1989-90|34.0|DET|NBA|PG|46.0|0.0|335.0|42.0|83.0|0.506|14.0|31.0|0.452|28.0|52.0|0.5379999999999999|0.59|10.0|13.0|0.769|8.0|23.0|31.0|61.0|8.0|2.0|16.0|36.0|108.0
17|1990-91|35.0|DET|NBA|PG|23.0|10.0|392.0|50.0|117.0|0.42700000000000005|7.0|21.0|0.33299999999999996|43.0|96.0|0.44799999999999995|0.457|16.0|21.0|0.762|8.0|29.0|37.0|62.0|12.0|2.0|28.0|43.0|123.0
19|1991-92|36.0|HOU|NBA|PG|8.0|0.0|34.0|4.0|11.0|0.364|0.0|3.0|0.0|4.0|8.0|0.5|0.364|4.0|6.0|0.667|1.0|1.0|2.0|5.0|0.0|0.0|4.0|4.0|12.0
20|1991-92|36.0|DET|NBA|PG|8.0|0.0|62.0|8.0|21.0|0.381|3.0|5.0|0.6|5.0|16.0|0.313|0.452|5.0|5.0|1.0|0.0|6.0|6.0|5.0|3.0|0.0|4.0|8.0|24.0
