|Season|Age|Tm|Lg|Pos|G|GS|MP|FG|FGA|FG%|3P|3PA|3P%|2P|2PA|2P%|FT|FTA|FT%|ORB|DRB|TRB|AST|STL|BLK|TOV|PF|PTS
0|1970-71|22.0|CIN|NBA|PG|82.0||2867.0|6.1|13.7|0.444||||6.1|13.7|0.444|4.2|5.6|0.757|||3.0|5.7||||2.7|16.4
1|1971-72|23.0|CIN|NBA|PG|76.0||3272.0|8.1|16.6|0.486||||8.1|16.6|0.486|7.4|9.1|0.8220000000000001|||2.4|7.7||||2.2|23.6
2|1972-73|24.0|KCO|NBA|PG|80.0||3681.0|10.1|20.6|0.488||||10.1|20.6|0.488|6.5|7.7|0.847|||2.2|8.9||||2.0|26.6
3|1973-74|25.0|KCO|NBA|PG|35.0||1272.0|6.3|13.9|0.451||||6.3|13.9|0.451|4.9|6.0|0.82|0.6|1.8|2.4|7.5|1.6|0.2||2.2|17.5
4|1974-75|26.0|KCO|NBA|PG|82.0||3244.0|8.4|18.5|0.456||||8.4|18.5|0.456|7.2|8.3|0.872|0.5|1.9|2.5|6.2|1.3|0.1||2.1|24.1
5|1975-76|27.0|KCK|NBA|PG|78.0||3184.0|8.1|17.9|0.45299999999999996||||8.1|17.9|0.45299999999999996|5.7|7.1|0.802|0.8|1.7|2.4|7.0|1.4|0.2||1.9|21.9
6|1976-77|28.0|NYN|NBA|PG|34.0||1277.0|7.0|15.8|0.446||||7.0|15.8|0.446|5.6|7.1|0.785|0.6|1.6|2.3|7.2|1.7|0.3||2.2|19.6
7|1978-79|30.0|BOS|NBA|PG|69.0||1662.0|5.6|12.4|0.452||||5.6|12.4|0.452|5.2|6.6|0.7879999999999999|0.5|1.7|2.2|7.0|1.2|0.1|4.3|2.9|16.5
8|1979-80|31.0|BOS|NBA|PG|80.0|80.0|2864.0|4.8|10.0|0.48200000000000004|0.1|0.2|0.222|4.8|9.8|0.488|4.5|5.5|0.83|0.7|1.7|2.5|8.4|1.3|0.1|3.0|2.7|14.2
9|1980-81|32.0|BOS|NBA|PG|80.0|72.0|2820.0|4.9|9.8|0.499|0.0|0.1|0.0|4.9|9.7|0.505|4.4|5.3|0.816|0.5|1.8|2.2|7.9|1.0|0.2|3.4|2.6|14.1
10|1981-82|33.0|BOS|NBA|PG|68.0|51.0|2167.0|5.1|10.8|0.47200000000000003|0.1|0.3|0.375|5.0|10.6|0.475|3.9|5.2|0.747|0.4|1.5|1.9|9.0|0.9|0.0|3.0|2.2|14.3
11|1982-83|34.0|BOS|NBA|PG|66.0|19.0|1811.0|4.7|11.0|0.425|0.1|0.5|0.20800000000000002|4.6|10.5|0.435|4.4|5.9|0.743|0.5|1.3|1.8|8.1|0.8|0.1|3.2|2.2|13.8
12|1983-84|35.0|MIL|NBA|PG|46.0|46.0|1038.0|4.7|9.7|0.48700000000000004|0.1|0.6|0.222|4.6|9.1|0.506|2.2|3.5|0.634|0.6|2.1|2.6|5.5|1.1|0.0|2.7|2.7|11.8
