|Season|Age|Tm|Lg|MP|FG|FGA|3P|3PA|2P|2PA|FT|FTA|ORB|DRB|TRB|AST|STL|BLK|TOV|PF|PTS|GmSc
0|1973-74|23.0|SDA|ABA||15.0||2.0||||7.0|11.0|||||||||37.0|
1|1974-75|24.0|SDA|ABA||16.0||1.0||||11.0|13.0|||||||||39.0|
3|1975-76|25.0|SDS|ABA||11.0||0.0||||6.0|8.0|||||||||25.0|
4|1975-76|25.0|KEN|ABA||8.0||0.0||||4.0|6.0|||||||||16.0|
5|1975-76|25.0|SSL|ABA||11.0||0.0||||6.0|7.0|||||||||24.0|
6|1976-77|26.0|PHI|NBA||8.0||||||6.0|8.0|||||||||16.0|
7|1977-78|27.0|PHI|NBA||7.0||||||11.0|13.0|||||||||18.0|
8|1978-79|28.0|PHI|NBA||10.0||||||7.0|9.0|||||||||22.0|
9|1979-80|29.0|PHI|NBA||8.0||0.0||||6.0|8.0|||||||||20.0|
10|1980-81|30.0|PHI|NBA||6.0||0.0||||9.0|11.0|||||||||15.0|
11|1981-82|31.0|PHI|NBA||8.0|13.0|0.0||8.0||10.0|10.0|||19.0|5.0||8.0||6.0|20.0|
12|1982-83|32.0|HOU|NBA||11.0|22.0|0.0||11.0||13.0|14.0|||||||||29.0|
13|1983-84|33.0|HOU|NBA||12.0|18.0|1.0|1.0|12.0|18.0|13.0|13.0|7.0|13.0|15.0|5.0|3.0|7.0|7.0|6.0|24.0|28.4
14|1984-85|34.0|CHI|NBA||6.0|10.0|0.0|1.0|6.0|10.0|5.0|6.0|4.0|10.0|11.0|5.0|1.0|5.0|4.0|6.0|16.0|14.9
15|1985-86|35.0|POR|NBA||6.0|12.0|0.0|1.0|6.0|12.0|11.0|11.0|4.0|11.0|13.0|3.0|3.0|6.0|6.0|6.0|21.0|22.6
16|1986-87|36.0|POR|NBA||6.0|11.0|0.0|1.0|6.0|11.0|6.0|7.0|6.0|17.0|20.0|5.0|2.0|4.0|5.0|6.0|15.0|17.5
17|1987-88|37.0|POR|NBA||5.0|9.0|0.0|1.0|5.0|9.0|7.0|8.0|6.0|11.0|14.0|5.0|3.0|5.0|4.0|5.0|14.0|13.5
18|1988-89|38.0|POR|NBA||4.0|6.0|0.0|1.0|4.0|6.0|4.0|4.0|4.0|8.0|10.0|5.0|2.0|7.0|4.0|5.0|11.0|14.2
19|1989-90|39.0|SAS|NBA||5.0|7.0|1.0|1.0|4.0|7.0|4.0|4.0|5.0|7.0|9.0|2.0|2.0|4.0|3.0|6.0|11.0|10.7
