|Season|Age|Tm|Lg|Pos|G|GS|MP|FG|FGA|FG%|3P|3PA|3P%|2P|2PA|2P%|eFG%|FT|FTA|FT%|ORB|DRB|TRB|AST|STL|BLK|TOV|PF|PTS
0|1973-74|23.0|SDA|ABA|C|6.0||46.2|6.0|14.7|0.409|0.0|0.0||6.0|14.7|0.409|0.409|1.8|2.7|0.688|3.5|12.2|15.7|2.5|1.0|2.3|1.5|3.2|13.8
1|1976-77|26.0|PHI|NBA|C|19.0||27.0|1.9|3.8|0.507||||1.9|3.8|0.507|0.507|0.9|1.6|0.6|2.0|5.9|7.9|1.1|0.5|2.1||4.3|4.8
2|1977-78|27.0|PHI|NBA|C|10.0||30.1|2.8|5.6|0.5||||2.8|5.6|0.5|0.5|0.8|1.0|0.8|2.2|8.4|10.6|1.4|0.5|3.0|1.9|3.6|6.4
3|1978-79|28.0|PHI|NBA|C|9.0||35.6|4.8|9.9|0.483||||4.8|9.9|0.483|0.483|3.1|4.0|0.778|4.1|9.3|13.4|2.3|0.4|2.4|2.3|4.0|12.7
4|1979-80|29.0|PHI|NBA|C|18.0||35.5|3.2|7.2|0.45|0.0|0.2|0.0|3.2|7.0|0.46|0.45|2.3|2.9|0.8079999999999999|2.8|7.5|10.3|1.9|0.7|2.1|2.1|4.2|8.8
5|1980-81|30.0|PHI|NBA|C|16.0||36.3|3.4|5.9|0.568|0.0|0.0||3.4|5.9|0.568|0.568|1.9|2.6|0.738|2.3|7.4|9.7|1.7|0.4|1.9|2.1|3.3|8.7
6|1981-82|31.0|PHI|NBA|C|21.0||32.3|3.5|7.6|0.46299999999999997|0.0|0.0||3.5|7.6|0.46299999999999997|0.46299999999999997|1.7|2.0|0.8540000000000001|2.5|6.5|9.0|0.9|0.5|1.9|1.4|3.7|8.7
7|1984-85|34.0|CHI|NBA|C|2.0|0.0|9.0|2.5|3.0|0.833|0.0|0.5|0.0|2.5|2.5|1.0|0.833|0.0|0.0||0.5|2.0|2.5|0.0|0.0|0.5|0.5|3.5|5.0
8|1985-86|35.0|POR|NBA|C|4.0|0.0|18.3|1.5|4.3|0.353|0.0|0.0||1.5|4.3|0.353|0.353|0.5|1.0|0.5|2.3|2.5|4.8|0.8|0.0|0.5|1.0|3.3|3.5
9|1986-87|36.0|POR|NBA|PF|4.0|4.0|32.3|1.3|3.0|0.41700000000000004|0.0|0.0||1.3|3.0|0.41700000000000004|0.41700000000000004|1.3|1.5|0.833|2.3|5.5|7.8|1.5|0.0|1.5|1.3|3.8|3.8
10|1987-88|37.0|POR|NBA|C|4.0|4.0|24.5|1.5|4.0|0.375|0.0|0.0||1.5|4.0|0.375|0.375|0.3|0.5|0.5|1.0|3.3|4.3|0.3|0.5|2.0|0.5|4.3|3.3
11|1988-89|38.0|POR|NBA|PF|3.0|1.0|16.7|0.7|1.0|0.667|0.0|0.0||0.7|1.0|0.667|0.667|0.0|0.0||0.7|2.0|2.7|0.0|0.0|1.0|1.0|2.0|1.3
12|1989-90|39.0|SAS|NBA|PF|9.0|0.0|7.3|0.4|1.0|0.444|0.0|0.0||0.4|1.0|0.444|0.444|0.0|0.1|0.0|0.7|0.8|1.4|0.2|0.0|0.3|0.3|1.1|0.9
