|Season|Age|Tm|Lg|Pos|G|MP|PER|TS%|3PAr|FTr|ORB%|DRB%|TRB%|AST%|STL%|BLK%|TOV%|USG%|OWS|DWS|WS|WS/48|OBPM|DBPM|BPM|VORP
0|2008-09|20.0|POR|NBA|PG|53.0|655.0|8.2|0.48700000000000004|0.14300000000000002|0.545|1.5|9.4|5.4|18.2|1.4|0.2|19.3|20.9|-0.2|0.5|0.3|0.019|-3.8|-1.6|-5.4|-0.6
1|2009-10|21.0|POR|NBA|SG|74.0|1304.0|14.3|0.534|0.19|0.501|1.7|9.8|5.7|22.1|1.1|0.3|13.8|24.9|1.7|1.0|2.7|0.098|-0.3|-2.2|-2.5|-0.2
3|2010-11|22.0|NOH|NBA|PG|11.0|149.0|7.2|0.44299999999999995|0.28600000000000003|0.34700000000000003|1.6|10.7|6.1|29.9|0.7|0.6|23.1|23.5|-0.3|0.1|-0.2|-0.05|-4.8|-2.2|-7.0|-0.2
4|2010-11|22.0|TOR|NBA|PG|60.0|1347.0|14.9|0.545|0.282|0.40399999999999997|2.1|11.4|6.6|27.4|1.4|0.2|16.6|22.0|1.7|0.1|1.8|0.064|1.1|-2.6|-1.6|0.1
5|2011-12|23.0|TOR|NBA|PG|31.0|705.0|17.7|0.561|0.377|0.319|1.3|9.5|5.5|30.7|1.8|0.5|14.4|24.6|1.5|0.6|2.0|0.139|3.2|-1.9|1.3|0.6
6|2012-13|24.0|MEM|NBA|PG|80.0|1765.0|13.5|0.514|0.324|0.196|1.4|10.5|5.9|24.9|1.8|0.8|15.1|20.8|1.5|2.5|4.0|0.10800000000000001|0.1|-0.2|-0.2|0.8
8|2013-14|25.0|MEM|NBA|PG|31.0|650.0|11.3|0.473|0.34700000000000003|0.23800000000000002|1.5|9.3|5.4|15.6|1.6|0.6|7.7|20.3|0.4|0.6|1.0|0.077|-0.6|-1.3|-2.0|0.0
9|2013-14|25.0|BOS|NBA|PG|41.0|1036.0|12.5|0.514|0.341|0.161|1.5|8.1|4.7|20.4|2.0|0.3|12.9|19.9|0.7|0.7|1.4|0.064|-0.2|-1.5|-1.7|0.1
10|2014-15|26.0|MIL|NBA|PG|77.0|1717.0|11.1|0.519|0.233|0.266|1.5|12.5|7.0|21.0|1.8|0.6|18.8|18.6|0.3|2.0|2.4|0.066|-2.3|-0.3|-2.6|-0.3
11|2015-16|27.0|MIL|NBA|SG|52.0|1505.0|12.4|0.568|0.529|0.20600000000000002|1.6|9.0|5.4|16.2|1.6|0.6|13.3|16.4|1.8|0.6|2.4|0.075|1.1|-2.1|-1.0|0.4
12|2016-17|28.0|PHI|NBA|PG|3.0|71.0|8.7|0.45299999999999996|0.156|0.313|4.6|14.0|9.3|29.4|0.0|0.0|19.8|27.7|-0.1|0.0|-0.1|-0.067|-5.2|-2.9|-8.2|-0.1
13|2017-18|29.0|PHI|NBA|SG|39.0|925.0|7.5|0.546|0.557|0.168|1.8|7.3|4.7|8.0|1.2|0.5|14.1|15.1|0.2|0.9|1.1|0.055|-1.8|-1.0|-2.7|-0.2
14|2018-19|30.0|MIN|NBA|PG|34.0|657.0|8.5|0.431|0.426|0.122|1.8|8.4|5.0|24.6|1.3|0.3|11.7|17.6|-0.2|0.2|0.0|-0.003|-2.4|-2.7|-5.1|-0.5
