|Season|Age|Tm|Lg|Pos|G|MP|PG%|SG%|SF%|PF%|C%|OnCourt|On-Off|BadPass|LostBall|Shoot|Off.|Shoot.1|Off..1|PGA|And1|Blkd
0|2008-09|20.0|POR|NBA|PG|53.0|655.0|71|29|0|0|0|-0.7|-8.4|28.0|12.0|24.0|8.0|42.0|6.0|183.0|8.0|24.0
1|2009-10|21.0|POR|NBA|SG|74.0|1304.0|41|57|3|0|0|0.2|-5.5|38.0|23.0|55.0|16.0|99.0|18.0|391.0|18.0|40.0
3|2010-11|22.0|NOH|NBA|PG|11.0|149.0|95|6|0|0|0|1.1|0.4|8.0|2.0|6.0|4.0|9.0|0.0|67.0|4.0|7.0
4|2010-11|22.0|TOR|NBA|PG|60.0|1347.0|87|13|0|0|0|-10.3|-5.2|65.0|24.0|51.0|7.0|75.0|6.0|523.0|17.0|35.0
5|2011-12|23.0|TOR|NBA|PG|31.0|705.0|79|22|0|0|0|-2.0|2.2|18.0|20.0|31.0|7.0|34.0|7.0|262.0|4.0|7.0
6|2012-13|24.0|MEM|NBA|PG|80.0|1765.0|58|42|0|0|0|-0.1|-8.8|82.0|24.0|79.0|6.0|44.0|4.0|596.0|8.0|30.0
8|2013-14|25.0|MEM|NBA|PG|31.0|650.0|61|39|0|0|0|2.1|0.0|14.0|4.0|31.0|1.0|18.0|3.0|152.0|5.0|8.0
9|2013-14|25.0|BOS|NBA|PG|41.0|1036.0|25|72|4|0|0|-7.6|-3.4|38.0|10.0|40.0|6.0|17.0|6.0|292.0|4.0|13.0
10|2014-15|26.0|MIL|NBA|PG|77.0|1717.0|69|31|0|0|0|0.1|-1.1|79.0|27.0|59.0|11.0|42.0|10.0|537.0|8.0|27.0
11|2015-16|27.0|MIL|NBA|SG|52.0|1505.0|9|67|24|0|0|-5.6|-2.5|37.0|16.0|58.0|4.0|31.0|13.0|367.0|8.0|20.0
12|2016-17|28.0|PHI|NBA|PG|3.0|71.0|94|6|0|0|0|-14.2|-8.4|5.0|4.0|2.0|0.0|4.0|0.0|29.0|0.0|4.0
13|2017-18|29.0|PHI|NBA|SG|39.0|925.0|8|75|16|0|0|-4.1|-11.6|20.0|12.0|41.0|3.0|14.0|3.0|127.0|2.0|18.0
14|2018-19|30.0|MIN|NBA|PG|34.0|657.0|79|21|0|0|0|-12.7|-13.4|21.0|8.0|26.0|1.0|14.0|1.0|289.0|4.0|8.0
