player_id|Rk|Unnamed: 1|Age|G|GS|MP|FG|FGA|FG%|FT|FTA|FT%|ORB|DRB|TRB|AST|STL|BLK|PF|PTS|player_id
newlimi01|1|Mike Newlin|27|82||3065|6.7|13.2|0.507|4.5|5.2|0.865|0.8|3.1|3.9|5.4|1.2|0.1|3.1|17.9|newlimi01
murphca01|2|Calvin Murphy|27|82||2995|8.1|16.5|0.493|4.5|4.9|0.907|0.6|1.9|2.5|7.2|1.8|0.1|3.5|20.7|murphca01
tomjaru01|3|Rudy Tomjanovich|27|79||2912|7.7|14.9|0.517|2.7|3.6|0.767|2.1|6.2|8.2|2.3|0.5|0.2|2.5|18.1|tomjaru01
ratleed01|4|Ed Ratleff|25|72||2401|4.7|9.7|0.485|2.5|3.1|0.816|1.6|4.1|5.7|3.9|1.7|0.6|3.5|11.9|ratleed01
kunneke01|5|Kevin Kunnert|24|80||2335|7.2|14.7|0.48700000000000004|1.6|2.4|0.654|4.1|8.0|12.1|2.4|0.9|1.6|4.9|15.9|kunneke01
meriwjo01|6|Joe Meriweather|22|81||2042|6.0|12.1|0.494|2.7|4.2|0.644|2.9|6.2|9.1|1.4|0.6|2.1|3.9|14.6|meriwjo01
johnsjo01|7|John Johnson|28|67||1485|6.7|14.8|0.452|2.4|3.1|0.758|2.0|5.1|7.1|4.8|1.2|0.7|4.0|15.7|johnsjo01
rileyro01|8|Ron Riley|25|65||1049|3.9|9.6|0.41100000000000003|1.3|1.9|0.679|3.1|7.3|10.4|2.6|1.1|0.7|4.7|9.2|rileyro01
wohlda01|9|Dave Wohl|26|50||700|3.4|8.4|0.405|2.0|2.5|0.7759999999999999|0.5|2.4|2.9|5.8|1.3|0.1|5.8|8.7|wohlda01
whiteru01|10|Rudy White|22|32||284|5.3|12.9|0.41200000000000003|2.3|3.2|0.72|1.6|3.2|4.8|3.8|2.4|0.6|4.1|12.9|whiteru01
bailegu01|11|Gus Bailey|24|30||262|3.8|10.6|0.364|1.9|3.8|0.5|2.7|4.1|6.9|5.6|1.9|1.1|4.5|9.6|bailegu01
meelycl01|12|Cliff Meely|28|14||174|6.6|16.8|0.395|1.9|3.3|0.563|2.5|8.3|10.8|2.1|1.9|0.8|6.4|15.1|meelycl01
hawesst01|13|Steve Hawes|25|6||51|3.5|9.2|0.385|0.0|0.0||3.5|9.2|12.7|7.1|0.0|0.0|4.2|7.1|hawesst01
