|Season|Age|Tm|Lg|Pos|G|GS|MP|FG|FGA|FG%|3P|3PA|3P%|2P|2PA|2P%|FT|FTA|FT%|ORB|DRB|TRB|AST|STL|BLK|TOV|PF|PTS|ORtg|DRtg
0|1977-78|22.0|MIL|NBA|SG|73.0||1261.0|7.1|16.1|0.44299999999999995||||7.1|16.1|0.44299999999999995|3.3|5.0|0.657|2.5|4.3|6.8|5.1|1.9|0.7|3.4|5.3|17.6|97.0|104.0
1|1978-79|23.0|MIL|NBA|SF|82.0||1778.0|8.3|16.8|0.493||||8.3|16.8|0.493|4.8|6.4|0.7609999999999999|3.1|6.0|9.1|5.5|1.5|0.4|3.6|5.6|21.4|108.0|105.0
2|1979-80|24.0|KCK|NBA|SF|80.0||1397.0|6.2|14.0|0.44299999999999995|0.0|0.1|0.5|6.2|13.9|0.44299999999999995|3.4|4.4|0.7709999999999999|2.9|4.8|7.7|3.6|1.9|0.3|2.7|5.0|15.8|101.0|102.0
3|1980-81|25.0|KCK|NBA|SF|79.0||1584.0|7.8|14.5|0.535|0.0|0.0||7.8|14.5|0.535|2.2|3.0|0.743|0.9|5.2|6.2|6.1|1.8|0.4|2.6|4.6|17.8|109.0|105.0
4|1981-82|26.0|KCK|NBA|SG|81.0|11.0|1892.0|10.5|20.5|0.511|0.0|0.3|0.14300000000000002|10.4|20.1|0.517|4.7|5.7|0.821|1.4|3.2|4.5|6.9|1.8|1.0|3.7|4.8|25.7|109.0|109.0
5|1982-83|27.0|NYK|NBA|SF|77.0|0.0|1422.0|5.8|13.1|0.44299999999999995|0.0|0.1|0.0|5.8|13.0|0.44799999999999995|2.8|3.4|0.8270000000000001|1.5|4.2|5.7|4.7|1.4|0.3|2.9|6.0|14.4|98.0|102.0
6|1983-84|28.0|NYK|NBA|SG|76.0|6.0|1119.0|7.2|15.7|0.45899999999999996|0.1|0.4|0.222|7.1|15.3|0.465|2.8|3.6|0.7709999999999999|1.0|4.2|5.2|4.7|1.9|0.3|3.1|6.5|17.2|99.0|105.0
7|1984-85|29.0|NYK|NBA|SF|69.0|0.0|1061.0|8.5|17.5|0.49|0.1|0.4|0.25|8.5|17.1|0.495|3.5|4.7|0.74|1.9|5.0|6.9|4.8|2.3|0.3|1.8|5.9|20.7|112.0|109.0
8|1985-86|30.0|NYK|NBA|SF|76.0|0.0|1402.0|5.1|12.3|0.41700000000000004|0.9|2.1|0.426|4.2|10.2|0.415|3.1|3.8|0.833|1.5|5.7|7.2|4.1|1.4|0.5|1.7|6.7|14.3|108.0|106.0
