|Season|Age|Tm|Lg|Pos|G|GS|MP|FG|FGA|FG%|3P|3PA|3P%|2P|2PA|2P%|FT|FTA|FT%|ORB|DRB|TRB|AST|STL|BLK|TOV|PF|PTS
0|1977-78|22.0|MIL|NBA|SG|73.0||1261.0|5.8|13.2|0.44299999999999995||||5.8|13.2|0.44299999999999995|2.7|4.1|0.657|2.0|3.5|5.5|4.1|1.5|0.5|2.8|4.3|14.3
1|1978-79|23.0|MIL|NBA|SF|82.0||1778.0|6.6|13.4|0.493||||6.6|13.4|0.493|3.9|5.1|0.7609999999999999|2.5|4.8|7.3|4.4|1.2|0.3|2.9|4.5|17.1
2|1979-80|24.0|KCK|NBA|SF|80.0||1397.0|4.8|10.8|0.44299999999999995|0.0|0.1|0.5|4.8|10.8|0.44299999999999995|2.6|3.4|0.7709999999999999|2.2|3.7|6.0|2.8|1.4|0.2|2.1|3.9|12.2
3|1980-81|25.0|KCK|NBA|SF|79.0||1584.0|5.9|11.0|0.535|0.0|0.0||5.9|11.0|0.535|1.7|2.3|0.743|0.7|4.0|4.7|4.7|1.4|0.3|2.0|3.5|13.5
4|1981-82|26.0|KCK|NBA|SG|81.0|11.0|1892.0|8.0|15.6|0.511|0.0|0.3|0.14300000000000002|8.0|15.4|0.517|3.6|4.4|0.821|1.0|2.4|3.5|5.3|1.4|0.7|2.8|3.6|19.6
5|1982-83|27.0|NYK|NBA|SF|77.0|0.0|1422.0|4.2|9.5|0.44299999999999995|0.0|0.1|0.0|4.2|9.4|0.44799999999999995|2.1|2.5|0.8270000000000001|1.1|3.1|4.1|3.4|1.0|0.3|2.1|4.4|10.5
6|1983-84|28.0|NYK|NBA|SG|76.0|6.0|1119.0|5.3|11.6|0.45899999999999996|0.1|0.3|0.222|5.3|11.4|0.465|2.1|2.7|0.7709999999999999|0.8|3.1|3.9|3.5|1.4|0.2|2.3|4.9|12.8
7|1984-85|29.0|NYK|NBA|SF|69.0|0.0|1061.0|6.4|13.0|0.49|0.1|0.3|0.25|6.3|12.8|0.495|2.6|3.5|0.74|1.4|3.7|5.1|3.6|1.7|0.2|1.4|4.4|15.4
8|1985-86|30.0|NYK|NBA|SF|76.0|0.0|1402.0|3.8|9.1|0.41700000000000004|0.7|1.6|0.426|3.1|7.5|0.415|2.3|2.8|0.833|1.1|4.2|5.3|3.1|1.0|0.3|1.3|4.9|10.6
