|Season|Age|Tm|Lg|Pos|G|MP|FG%|Dist.|% of 2PA|% of 0-3|% of 3-10|% of 10-16|% of 16-3pt|% of 3P|2P %FG|0-3 %FG|3-10 %FG|10-16 %FG|16-3pt%FG|3P %FG|2P % Assisted|% of Dunks|Dunks Made|3P % Assisted|% of 3PA from Corner|Corner 3 %FG |Heaves Attempted|Heaves Made
0|2004-05|19.0|CHI|NBA|SF|61.0|1663.0|0.434|11.7|0.8190000000000001|0.35200000000000004|0.079|0.11599999999999999|0.271|0.18100000000000002|0.47200000000000003|0.639|0.33299999999999996|0.24|0.39399999999999996|0.265|0.6629999999999999|0.05|31.0|0.871|0.39299999999999996|0.326|0.0|0.0
1|2005-06|20.0|CHI|NBA|SF|78.0|2604.0|0.46299999999999997|10.8|0.9179999999999999|0.355|0.11199999999999999|0.11699999999999999|0.33299999999999996|0.08199999999999999|0.48100000000000004|0.628|0.402|0.384|0.384|0.26899999999999996|0.691|0.044000000000000004|40.0|1.0|0.705|0.327|2.0|0.0
2|2006-07|21.0|CHI|NBA|SF|82.0|3071.0|0.517|10.3|0.9940000000000001|0.369|0.105|0.10300000000000001|0.418|0.006|0.519|0.6679999999999999|0.42200000000000004|0.41600000000000004|0.43799999999999994|0.14300000000000002|0.693|0.076|90.0|1.0|0.28600000000000003|0.5|2.0|0.0
3|2007-08|22.0|CHI|NBA|SF|63.0|2128.0|0.479|10.3|0.975|0.364|0.11699999999999999|0.122|0.373|0.025|0.48200000000000004|0.62|0.371|0.349|0.425|0.364|0.672|0.05|43.0|0.75|0.455|0.5|1.0|0.0
4|2008-09|23.0|CHI|NBA|SF|49.0|1665.0|0.44799999999999995|11.6|0.966|0.32799999999999996|0.095|0.08800000000000001|0.455|0.034|0.45|0.613|0.268|0.385|0.38299999999999995|0.4|0.7240000000000001|0.046|25.0|0.875|0.55|0.455|0.0|0.0
5|2009-10|24.0|CHI|NBA|SF|70.0|2651.0|0.466|12.2|0.9179999999999999|0.294|0.114|0.08900000000000001|0.42100000000000004|0.08199999999999999|0.474|0.621|0.44|0.42200000000000004|0.391|0.386|0.583|0.035|33.0|0.9690000000000001|0.7829999999999999|0.415|1.0|0.0
6|2010-11|25.0|CHI|NBA|SF|82.0|3208.0|0.46|13.7|0.7120000000000001|0.268|0.158|0.069|0.217|0.28800000000000003|0.506|0.667|0.456|0.3|0.41|0.345|0.62|0.028999999999999998|33.0|0.9740000000000001|0.381|0.354|2.0|0.0
7|2011-12|26.0|CHI|NBA|SF|54.0|2129.0|0.41200000000000003|14.4|0.715|0.23199999999999998|0.162|0.053|0.26899999999999996|0.285|0.43|0.6459999999999999|0.344|0.125|0.355|0.36700000000000005|0.53|0.019|14.0|0.987|0.33|0.366|4.0|0.0
8|2012-13|27.0|CHI|NBA|SF|75.0|2903.0|0.426|12.7|0.787|0.305|0.142|0.086|0.254|0.213|0.455|0.619|0.342|0.36200000000000004|0.353|0.322|0.645|0.013999999999999999|15.0|0.9329999999999999|0.24|0.33899999999999997|2.0|0.0
10|2013-14|28.0|CHI|NBA|SF|23.0|860.0|0.452|12.4|0.825|0.28|0.172|0.102|0.271|0.175|0.49|0.7070000000000001|0.361|0.389|0.385|0.27399999999999997|0.5660000000000001|0.017|6.0|0.882|0.258|0.375|1.0|1.0
11|2013-14|28.0|CLE|NBA|SF|40.0|1353.0|0.41700000000000004|13.1|0.7490000000000001|0.255|0.172|0.09699999999999999|0.225|0.251|0.451|0.597|0.35600000000000004|0.28600000000000003|0.43|0.315|0.591|0.018000000000000002|9.0|0.95|0.354|0.311|1.0|0.0
12|2014-15|29.0|MIA|NBA|SF|72.0|2421.0|0.469|13.0|0.72|0.309|0.122|0.098|0.192|0.28|0.513|0.6459999999999999|0.45799999999999996|0.377|0.40399999999999997|0.355|0.595|0.027999999999999997|21.0|0.9740000000000001|0.495|0.44|2.0|0.0
13|2015-16|30.0|MIA|NBA|PF|74.0|2394.0|0.455|13.0|0.6559999999999999|0.305|0.136|0.059000000000000004|0.16|0.344|0.513|0.67|0.446|0.205|0.37799999999999995|0.344|0.622|0.035|26.0|1.0|0.539|0.36200000000000004|1.0|0.0
14|2016-17|31.0|LAL|NBA|SF|56.0|1486.0|0.387|14.9|0.611|0.28300000000000003|0.094|0.083|0.156|0.389|0.436|0.617|0.35|0.28600000000000003|0.22699999999999998|0.309|0.5489999999999999|0.031|10.0|0.922|0.33899999999999997|0.39299999999999996|3.0|0.0
15|2017-18|32.0|LAL|NBA|SF|1.0|13.0|0.5|2.5|1.0|0.5|0.5|0.0|0.0|0.0|0.5|1.0|0.0||||1.0|0.0|0.0||||0.0|0.0
16|2018-19|33.0|MIN|NBA|SF|22.0|392.0|0.5|12.9|0.627|0.35600000000000004|0.102|0.11|0.059000000000000004|0.373|0.608|0.762|0.5|0.385|0.28600000000000003|0.318|0.644|0.042|4.0|0.929|0.455|0.45|1.0|0.0
