|Season|Age|Tm|Lg|Pos|G|GS|MP|FG|FGA|FG%|3P|3PA|3P%|2P|2PA|2P%|eFG%|FT|FTA|FT%|ORB|DRB|TRB|AST|STL|BLK|TOV|PF|PTS
1|1967-68|23.0|KEN|ABA|PF|17.0||279.0|55.0|162.0|0.34|9.0|26.0|0.34600000000000003|46.0|136.0|0.33799999999999997|0.36700000000000005|14.0|25.0|0.56|||88.0|5.0|||19.0|19.0|133.0
2|1967-68|23.0|NJA|ABA|PF|55.0||1196.0|200.0|581.0|0.344|16.0|53.0|0.302|184.0|528.0|0.348|0.358|55.0|88.0|0.625|||327.0|44.0|||70.0|128.0|471.0
4|1968-69|24.0|NYA|ABA|PF|9.0||205.0|28.0|72.0|0.389|2.0|8.0|0.25|26.0|64.0|0.406|0.40299999999999997|16.0|17.0|0.941|12.0|32.0|44.0|9.0|||9.0|24.0|74.0
5|1968-69|24.0|HSM|ABA|PF|69.0||2279.0|588.0|1372.0|0.429|62.0|175.0|0.354|526.0|1197.0|0.439|0.451|183.0|236.0|0.775|186.0|374.0|560.0|133.0|||163.0|154.0|1421.0
6|1969-70|25.0|PTP|ABA|PF|81.0||2347.0|544.0|1337.0|0.40700000000000003|15.0|55.0|0.273|529.0|1282.0|0.413|0.41200000000000003|137.0|176.0|0.778|184.0|363.0|547.0|120.0|||150.0|210.0|1240.0
7|1970-71|26.0|PTC|ABA|PF|84.0||2595.0|593.0|1350.0|0.439|12.0|40.0|0.3|581.0|1310.0|0.444|0.444|144.0|171.0|0.8420000000000001|194.0|452.0|646.0|123.0|||160.0|221.0|1342.0
9|1971-72|27.0|PTC|ABA|PF|17.0||409.0|85.0|216.0|0.39399999999999996|3.0|7.0|0.429|82.0|209.0|0.392|0.4|20.0|26.0|0.769|26.0|84.0|110.0|15.0|||24.0|43.0|193.0
10|1971-72|27.0|CAR|ABA|PF|50.0||1125.0|283.0|658.0|0.43|13.0|40.0|0.325|270.0|618.0|0.43700000000000006|0.44|53.0|73.0|0.726|90.0|182.0|272.0|73.0|||67.0|116.0|632.0
11|1972-73|28.0|SDA|ABA|PF|80.0||2952.0|769.0|1748.0|0.44|37.0|133.0|0.278|732.0|1615.0|0.45299999999999996|0.451|195.0|238.0|0.8190000000000001|178.0|419.0|597.0|174.0|||161.0|258.0|1770.0
12|1973-74|29.0|SDA|ABA|PF|84.0||2652.0|716.0|1668.0|0.429|59.0|190.0|0.311|657.0|1478.0|0.445|0.447|199.0|235.0|0.847|181.0|350.0|531.0|127.0|72.0|13.0|136.0|162.0|1690.0
14|1974-75|30.0|SDA|ABA|PF|9.0||253.0|72.0|170.0|0.424|3.0|12.0|0.25|69.0|158.0|0.43700000000000006|0.43200000000000005|4.0|5.0|0.8|11.0|40.0|51.0|18.0|6.0|5.0|17.0|29.0|151.0
15|1974-75|30.0|MMS|ABA|PF|72.0||2559.0|592.0|1323.0|0.447|37.0|120.0|0.308|555.0|1203.0|0.461|0.461|59.0|81.0|0.728|127.0|315.0|442.0|120.0|90.0|21.0|101.0|199.0|1280.0
17|1975-76|31.0|SDS|ABA|PF|10.0||227.0|40.0|119.0|0.336|0.0|5.0|0.0|40.0|114.0|0.35100000000000003|0.336|16.0|18.0|0.889|12.0|17.0|29.0|8.0|6.0|1.0|11.0|19.0|96.0
18|1975-76|31.0|SAA|ABA|PF|10.0||123.0|21.0|78.0|0.26899999999999996|1.0|8.0|0.125|20.0|70.0|0.28600000000000003|0.276|2.0|4.0|0.5|10.0|9.0|19.0|15.0|2.0|0.0|2.0|16.0|45.0
