|Season|Age|Tm|Lg|Pos|G|MP|PER|TS%|3PAr|FTr|ORB%|DRB%|TRB%|AST%|STL%|BLK%|TOV%|USG%|OWS|DWS|WS|WS/48|OBPM|DBPM|BPM|VORP
0|1971-72|22.0|POR|NBA|PF|82.0|3245.0|19.2|0.47600000000000003||0.33799999999999997|||13.6|17.1|||||1.3|1.0|2.3|0.034||||
1|1972-73|23.0|POR|NBA|PF|80.0|3152.0|20.3|0.49700000000000005||0.315|||13.3|20.9|||||4.2|1.3|5.6|0.085||||
2|1973-74|24.0|POR|NBA|PF|75.0|2853.0|19.0|0.503||0.276|6.9|17.8|12.2|17.1|1.4|1.2|||4.3|1.3|5.6|0.094|1.1|0.4|1.4|2.5
3|1974-75|25.0|POR|NBA|PF|82.0|3162.0|19.7|0.5429999999999999||0.401|8.0|20.5|14.5|14.2|1.6|1.3|||5.7|4.0|9.7|0.147|2.7|0.8|3.5|4.4
4|1975-76|26.0|POR|NBA|PF|79.0|3044.0|16.4|0.528||0.426|8.4|15.3|11.9|11.9|1.1|0.9|||4.2|2.9|7.1|0.11199999999999999|1.3|-0.1|1.2|2.5
5|1976-77|27.0|BOS|NBA|PF|82.0|2642.0|15.4|0.509||0.45799999999999996|10.1|20.5|15.3|9.2|1.1|1.2|||2.2|3.8|6.1|0.11|0.4|0.5|0.8|1.9
6|1977-78|28.0|BOS|NBA|PF|81.0|2413.0|13.9|0.505||0.355|9.6|18.5|14.2|10.1|1.3|1.0|17.4|20.8|1.4|2.8|4.2|0.084|-0.7|0.5|-0.2|1.1
7|1978-79|29.0|SDC|NBA|PF|79.0|2022.0|11.1|0.49700000000000005||0.33399999999999996|8.4|13.0|10.7|7.9|1.6|0.9|18.8|17.9|0.5|1.0|1.5|0.037000000000000005|-2.2|0.4|-1.8|0.1
8|1979-80|30.0|SDC|NBA|PF|71.0|2146.0|8.5|0.447|0.002|0.306|6.7|14.1|10.3|12.5|1.7|1.3|22.9|13.6|-1.3|1.2|-0.1|-0.001|-3.9|2.4|-1.5|0.3
9|1980-81|31.0|SDC|NBA|PF|49.0|1083.0|9.7|0.46299999999999997|0.003|0.524|8.1|16.2|12.0|13.4|1.8|2.1|21.1|16.8|-0.7|1.0|0.4|0.016|-3.4|2.2|-1.2|0.2
