|Season|Age|Tm|Lg|Pos|G|GS|MP|FG|FGA|FG%|3P|3PA|3P%|2P|2PA|2P%|FT|FTA|FT%|ORB|DRB|TRB|AST|STL|BLK|TOV|PF|PTS
0|1971-72|22.0|POR|NBA|PF|82.0||3245.0|8.7|20.4|0.42700000000000005||||8.7|20.4|0.42700000000000005|4.9|6.9|0.71|||10.5|3.9||||2.1|22.3
1|1972-73|23.0|POR|NBA|PF|80.0||3152.0|8.7|19.2|0.452||||8.7|19.2|0.452|4.4|6.1|0.723|||9.9|5.0||||2.9|21.8
2|1973-74|24.0|POR|NBA|PF|75.0||2853.0|8.6|18.8|0.45899999999999996||||8.6|18.8|0.45899999999999996|4.0|5.2|0.762|2.5|6.2|8.6|4.1|1.1|0.8||2.7|21.2
3|1974-75|25.0|POR|NBA|PF|82.0||3162.0|7.9|15.8|0.49700000000000005||||7.9|15.8|0.49700000000000005|4.5|6.4|0.706|2.6|7.4|10.0|3.3|1.2|0.9||3.3|20.2
4|1975-76|26.0|POR|NBA|PF|79.0||3044.0|6.9|14.2|0.483||||6.9|14.2|0.483|4.1|6.1|0.674|2.9|5.5|8.4|2.9|0.9|0.6||3.0|17.8
5|1976-77|27.0|BOS|NBA|PF|82.0||2642.0|6.3|13.8|0.45799999999999996||||6.3|13.8|0.45799999999999996|4.2|6.3|0.6679999999999999|3.7|7.6|11.2|2.3|0.9|0.8||4.5|16.9
6|1977-78|28.0|BOS|NBA|PF|81.0||2413.0|6.5|13.8|0.467||||6.5|13.8|0.467|3.2|4.9|0.66|3.3|6.7|10.0|2.6|1.0|0.7|3.4|4.7|16.2
7|1978-79|29.0|SDC|NBA|PF|79.0||2022.0|5.6|12.0|0.462||||5.6|12.0|0.462|2.6|4.0|0.65|2.8|4.4|7.2|2.2|1.2|0.6|3.2|4.9|13.7
8|1979-80|30.0|SDC|NBA|PF|71.0||2146.0|3.5|8.3|0.423|0.0|0.0|0.0|3.5|8.3|0.424|1.4|2.5|0.546|2.3|4.5|6.9|3.6|1.3|0.9|2.8|4.0|8.4
9|1980-81|31.0|SDC|NBA|PF|49.0||1083.0|4.2|9.5|0.43700000000000006|0.0|0.0|0.0|4.2|9.5|0.439|2.5|5.0|0.507|2.6|4.8|7.4|3.7|1.3|1.3|3.1|5.6|10.8
