|Season|Age|Tm|Lg|Pos|G|GS|MP|FG|FGA|FG%|3P|3PA|3P%|2P|2PA|2P%|eFG%|FT|FTA|FT%|ORB|DRB|TRB|AST|STL|BLK|TOV|PF|PTS
0|1971-72|22.0|POR|NBA|PF|82.0||39.6|9.6|22.4|0.42700000000000005||||9.6|22.4|0.42700000000000005|0.42700000000000005|5.4|7.6|0.71|||11.5|4.3||||2.3|24.5
1|1972-73|23.0|POR|NBA|PF|80.0||39.4|9.5|21.1|0.452||||9.5|21.1|0.452|0.452|4.8|6.6|0.723|||10.9|5.5||||3.2|23.8
2|1973-74|24.0|POR|NBA|PF|75.0||38.0|9.1|19.9|0.45899999999999996||||9.1|19.9|0.45899999999999996|0.45899999999999996|4.2|5.5|0.762|2.6|6.5|9.1|4.3|1.2|0.8||2.9|22.5
3|1974-75|25.0|POR|NBA|PF|82.0||38.6|8.4|17.0|0.49700000000000005||||8.4|17.0|0.49700000000000005|0.49700000000000005|4.8|6.8|0.706|2.8|7.9|10.7|3.5|1.3|1.0||3.5|21.7
4|1975-76|26.0|POR|NBA|PF|79.0||38.5|7.3|15.2|0.483||||7.3|15.2|0.483|0.483|4.4|6.5|0.674|3.1|5.9|9.0|3.1|1.0|0.7||3.2|19.1
5|1976-77|27.0|BOS|NBA|PF|82.0||32.2|5.7|12.3|0.45799999999999996||||5.7|12.3|0.45799999999999996|0.45799999999999996|3.8|5.7|0.6679999999999999|3.3|6.8|10.0|2.1|0.8|0.7||4.0|15.1
6|1977-78|28.0|BOS|NBA|PF|81.0||29.8|5.3|11.4|0.467||||5.3|11.4|0.467|0.467|2.7|4.1|0.66|2.8|5.6|8.3|2.1|0.8|0.6|2.8|3.9|13.4
7|1978-79|29.0|SDC|NBA|PF|79.0||25.6|3.9|8.6|0.462||||3.9|8.6|0.462|0.462|1.9|2.9|0.65|2.0|3.1|5.1|1.6|0.9|0.5|2.3|3.5|9.8
8|1979-80|30.0|SDC|NBA|PF|71.0||30.2|3.0|7.0|0.423|0.0|0.0|0.0|3.0|7.0|0.424|0.423|1.2|2.1|0.546|1.9|3.8|5.8|3.0|1.1|0.7|2.4|3.4|7.1
9|1980-81|31.0|SDC|NBA|PF|49.0||22.1|2.6|5.8|0.43700000000000006|0.0|0.0|0.0|2.6|5.8|0.439|0.43700000000000006|1.6|3.1|0.507|1.6|2.9|4.6|2.3|0.8|0.8|1.9|3.4|6.7
