player_id|Rk|Unnamed: 1|Age|G|GS|MP|FG|FGA|FG%|FT|FTA|FT%|TRB|AST|PF|PTS|player_id
searske01|1|Kenny Sears|24|72||2685|6.0|13.6|0.439|6.1|7.4|0.8220000000000001|10.5|1.7|3.4|18.0|searske01
braunca01|2|Carl Braun|30|71||2475|6.2|14.8|0.418|4.7|5.5|0.8490000000000001|4.8|5.7|2.7|17.1|braunca01
naullwi01|3|Willie Naulls|23|68||2369|7.2|18.1|0.397|4.3|5.2|0.826|12.1|1.5|3.3|18.7|naullwi01
gueriri01|4|Richie Guerin|25|63||2368|5.2|14.8|0.354|5.4|7.8|0.691|7.4|4.8|3.1|15.8|gueriri01
felixra01|5|Ray Felix|27|72||1709|6.4|14.5|0.442|5.7|8.2|0.6970000000000001|15.7|1.1|6.0|18.5|felixra01
sparrgu01|6|Guy Sparrow|25|72||1661|6.9|18.2|0.379|3.6|5.6|0.642|10.0|1.5|5.0|17.4|sparrgu01
sobiero01|7|Ron Sobie|23|55||1399|5.6|13.9|0.40299999999999997|5.0|6.2|0.82|6.8|3.2|3.8|16.2|sobiero01
tyrach01|8|Charlie Tyra|22|68||1182|5.3|14.9|0.35700000000000004|4.6|6.8|0.67|14.6|1.0|5.3|15.2|tyrach01
frienla01|9|Larry Friend|22|44||569|4.7|14.3|0.327|1.7|2.6|0.659|6.7|3.0|3.4|11.1|frienla01
hutchme01|10|Mel Hutchins|29|18||384|4.8|12.3|0.389|2.3|4.0|0.5579999999999999|8.1|3.2|2.9|11.8|hutchme01
mccanbr01|11|Brendan McCann|22|36||295|2.7|12.2|0.22|3.1|4.5|0.6759999999999999|5.5|6.6|4.1|8.4|mccanbr01
spoelar01|12|Art Spoelstra|25|17||207|3.5|11.5|0.303|4.7|6.4|0.73|8.9|1.0|7.3|11.7|spoelar01
jordoph01|13|Phil Jordon|24|12||75|7.7|16.3|0.47100000000000003|2.4|2.9|0.833|11.5|2.4|5.3|17.8|jordoph01
shavlro01|14|Ron Shavlik|24|1||2|0.0|18.0|0.0|0.0|0.0||18.0|0.0|0.0|0.0|shavlro01
