player_id|Rk|Unnamed: 1|Age|G|GS|MP|FG|FGA|FG%|3P|3PA|3P%|2P|2PA|2P%|FT|FTA|FT%|ORB|DRB|TRB|AST|STL|BLK|TOV|PF|PTS|player_id
youngtr01|1|Trae Young|20|81|81|2503|7.6|18.1|0.418|2.2|6.9|0.324|5.3|11.1|0.47700000000000004|4.9|6.0|0.8290000000000001|0.9|3.4|4.3|9.4|1.0|0.2|4.4|2.0|22.3|youngtr01
huertke01|2|Kevin Huerter|20|75|59|2048|4.8|11.5|0.419|2.4|6.2|0.385|2.4|5.3|0.457|0.7|1.0|0.732|1.1|3.3|4.3|3.8|1.1|0.4|1.9|2.7|12.8|huertke01
bembrde01|3|DeAndre' Bembry|24|82|15|1931|5.1|11.5|0.446|0.9|3.2|0.289|4.2|8.3|0.508|1.6|2.5|0.64|1.0|5.7|6.7|3.8|2.0|0.8|2.6|3.5|12.8|bembrde01
collijo01|4|John Collins|21|61|59|1829|9.2|16.4|0.56|1.1|3.1|0.348|8.1|13.2|0.609|4.0|5.2|0.763|4.3|7.4|11.7|2.4|0.4|0.8|2.4|3.9|23.4|collijo01
bazemke01|5|Kent Bazemore|29|67|35|1643|6.1|15.1|0.402|2.1|6.6|0.32|4.0|8.6|0.465|2.8|3.8|0.726|0.8|4.9|5.7|3.3|2.0|0.9|2.7|3.7|17.1|bazemke01
dedmode01|6|Dewayne Dedmon|29|64|52|1609|5.8|11.8|0.49200000000000005|1.9|4.9|0.382|3.9|6.9|0.57|2.1|2.5|0.8140000000000001|2.3|8.4|10.7|2.0|1.5|1.6|1.9|4.8|15.5|dedmode01
princta02|7|Taurean Waller-Prince|24|55|47|1552|6.1|13.8|0.441|2.9|7.3|0.39|3.2|6.5|0.498|2.2|2.7|0.8190000000000001|0.5|4.1|4.6|2.7|1.2|0.4|2.3|3.3|17.2|princta02
lenal01|8|Alex Len|25|77|31|1544|7.5|15.1|0.494|1.7|4.8|0.363|5.7|10.4|0.5539999999999999|3.3|5.0|0.648|3.7|6.2|9.9|2.0|0.6|1.6|2.3|4.7|19.9|lenal01
cartevi01|9|Vince Carter|42|76|9|1330|5.3|12.7|0.419|3.3|8.6|0.389|2.0|4.1|0.48|1.3|1.8|0.7120000000000001|0.8|4.4|5.3|2.4|1.2|0.7|1.3|3.8|15.2|cartevi01
linje01|10|Jeremy Lin|30|51|1|1003|6.5|13.9|0.466|1.6|4.7|0.33299999999999996|4.9|9.1|0.535|5.1|6.0|0.845|0.6|3.7|4.3|6.5|1.4|0.3|3.5|3.4|19.6|linje01
spellom01|11|Omari Spellman|21|46|11|805|4.4|10.9|0.402|2.0|5.7|0.344|2.4|5.2|0.466|1.4|2.0|0.711|3.2|5.5|8.7|2.1|1.2|1.1|1.4|3.0|12.2|spellom01
anderju01|12|Justin Anderson|25|48|4|463|5.0|12.2|0.408|1.9|6.0|0.312|3.1|6.2|0.5|2.0|2.7|0.743|1.9|4.7|6.5|1.8|1.7|1.0|1.8|3.7|13.8|anderju01
adamsja01|13|Jaylen Adams|22|34|1|428|3.2|9.3|0.345|2.1|6.2|0.33799999999999997|1.1|3.0|0.361|0.6|0.8|0.778|0.9|4.1|5.0|5.5|1.2|0.4|2.4|3.8|9.1|adamsja01
poythal01|14|Alex Poythress|25|21|1|305|4.7|9.6|0.494|1.1|2.7|0.391|3.7|6.8|0.534|2.1|3.4|0.621|3.4|5.5|9.0|2.0|0.5|1.2|1.5|5.5|12.6|poythal01
dorsety01|15|Tyler Dorsey|22|27|0|251|4.6|12.8|0.36|1.4|5.6|0.256|3.2|7.2|0.44|2.3|3.7|0.615|1.3|4.9|6.2|2.4|1.0|0.1|1.4|2.9|12.9|dorsety01
hamilda02|16|Daniel Hamilton|23|19|3|204|4.1|10.6|0.38299999999999995|1.4|4.1|0.348|2.6|6.5|0.405|0.5|1.1|0.5|1.8|6.5|8.3|3.9|1.1|0.2|2.8|3.4|10.1|hamilda02
plumlmi01|17|Miles Plumlee|30|18|0|173|6.7|10.0|0.667|0.0|0.0||6.7|10.0|0.667|3.3|6.2|0.5329999999999999|3.3|4.8|8.1|3.5|1.2|0.8|2.1|2.9|16.6|plumlmi01
davisde01|18|Deyonta Davis|22|9|0|118|4.6|6.7|0.682|0.0|0.3|0.0|4.6|6.4|0.7140000000000001|1.8|3.1|0.6|3.1|7.9|11.0|1.5|0.9|1.5|0.9|3.7|11.0|davisde01
humphis01|19|Isaac Humphries|21|5|1|56|3.9|13.5|0.28600000000000003|1.9|7.1|0.273|1.9|6.4|0.3|0.0|0.0||2.6|4.5|7.1|0.0|0.6|0.0|0.0|4.5|9.6|humphis01
johnsbj01|20|B.J. Johnson|23|6|0|43|6.7|13.4|0.5|2.5|5.0|0.5|4.2|8.4|0.5|1.7|1.7|1.0|1.7|5.0|6.7|0.0|1.7|0.0|1.7|2.5|17.6|johnsbj01
zellety01|21|Tyler Zeller|29|2|0|11|0.0|6.5|0.0|0.0|3.3|0.0|0.0|3.3|0.0|0.0|0.0||6.5|13.1|19.6|3.3|0.0|0.0|0.0|13.1|0.0|zellety01
siberjo01|22|Jordan Sibert|26|1|0|4|9.0|9.0|1.0|9.0|9.0|1.0|0.0|0.0||0.0|0.0||0.0|0.0|0.0|0.0|0.0|0.0|0.0|0.0|27.0|siberjo01
