|Season|Age|Tm|Lg|Pos|G|MP|PG%|SG%|SF%|PF%|C%|OnCourt|On-Off|BadPass|LostBall|Shoot|Off.|Shoot.1|Off..1|PGA|And1|Blkd
0|2009-10|21.0|GSW|NBA|PG|80|2896|64|36|0|0|0|-3.2|2.2|134|61|149|10|71|33|1054|17|49
1|2010-11|22.0|GSW|NBA|PG|74|2489|100|0|0|0|0|-1.1|4.6|138|52|120|14|75|17|960|20|40
2|2011-12|23.0|GSW|NBA|PG|26|732|96|5|0|0|0|4.8|10.9|39|16|24|2|10|5|309|1|7
3|2012-13|24.0|GSW|NBA|PG|78|2983|100|0|0|0|0|1.7|2.7|149|57|88|6|95|21|1181|19|45
4|2013-14|25.0|GSW|NBA|PG|78|2846|93|7|0|0|0|9.2|15.1|193|59|97|15|109|29|1485|33|34
5|2014-15|26.0|GSW|NBA|PG|80|2613|100|0|0|0|0|16.7|18.1|162|58|74|9|110|17|1422|29|35
6|2015-16|27.0|GSW|NBA|PG|79|2700|100|0|0|0|0|18.0|22.6|124|99|74|6|129|19|1213|32|51
7|2016-17|28.0|GSW|NBA|PG|79|2638|100|0|0|0|0|17.1|17.2|163|43|86|11|135|11|1208|37|56
8|2017-18|29.0|GSW|NBA|PG|51|1631|99|1|0|0|0|13.2|12.1|97|27|51|9|95|5|710|16|21
9|2018-19|30.0|GSW|NBA|PG|69|2331|98|2|0|0|0|13.2|16.2|112|50|65|14|108|23|843|31|36
