|Season|Age|Tm|Lg|Pos|G|MP|FG%|Dist.|% of 2PA|% of 0-3|% of 3-10|% of 10-16|% of 16-3pt|% of 3P|2P %FG|0-3 %FG|3-10 %FG|10-16 %FG|16-3pt%FG|3P %FG|2P % Assisted|% of Dunks|Dunks Made|3P % Assisted|% of 3PA from Corner|Corner 3 %FG |Heaves Attempted|Heaves Made
0|2009-10|21.0|GSW|NBA|PG|80|2896|0.462|16.5|0.6679999999999999|0.19|0.07400000000000001|0.113|0.29|0.332|0.474|0.599|0.376|0.38799999999999996|0.452|0.43700000000000006|0.307|0.0|0|0.741|0.179|0.574|6|0
1|2010-11|22.0|GSW|NBA|PG|74|2489|0.48|16.2|0.675|0.16899999999999998|0.11699999999999999|0.109|0.28|0.325|0.498|0.618|0.439|0.38299999999999995|0.495|0.442|0.257|0.004|3|0.8009999999999999|0.24|0.5489999999999999|4|0
2|2011-12|23.0|GSW|NBA|PG|26|732|0.49|18.0|0.591|0.10800000000000001|0.10099999999999999|0.081|0.301|0.409|0.514|0.563|0.267|0.292|0.64|0.455|0.33299999999999996|0.0|0|0.782|0.19|0.652|0|0
3|2012-13|24.0|GSW|NBA|PG|78|2983|0.451|18.5|0.568|0.1|0.10300000000000001|0.099|0.265|0.43200000000000005|0.449|0.583|0.34299999999999997|0.457|0.43799999999999994|0.45299999999999996|0.251|0.002|3|0.614|0.147|0.523|6|0
4|2013-14|25.0|GSW|NBA|PG|78|2846|0.47100000000000003|18.1|0.555|0.139|0.095|0.077|0.245|0.445|0.509|0.625|0.41200000000000003|0.557|0.466|0.424|0.19699999999999998|0.004|4|0.456|0.115|0.43700000000000006|5|0
5|2014-15|26.0|GSW|NBA|PG|80|2613|0.48700000000000004|17.6|0.518|0.18600000000000003|0.098|0.07200000000000001|0.163|0.48200000000000004|0.528|0.687|0.45799999999999996|0.515|0.39399999999999996|0.44299999999999995|0.332|0.003|4|0.584|0.121|0.564|8|0
6|2015-16|27.0|GSW|NBA|PG|79|2700|0.504|17.4|0.446|0.225|0.084|0.048|0.08800000000000001|0.5539999999999999|0.5660000000000001|0.696|0.42200000000000004|0.447|0.44299999999999995|0.45399999999999996|0.37200000000000005|0.004|7|0.547|0.129|0.48200000000000004|11|2
7|2016-17|28.0|GSW|NBA|PG|79|2638|0.46799999999999997|18.4|0.45299999999999996|0.21899999999999997|0.069|0.049|0.11599999999999999|0.547|0.537|0.642|0.4|0.451|0.455|0.41100000000000003|0.413|0.003|3|0.639|0.136|0.449|18|1
8|2017-18|29.0|GSW|NBA|PG|51|1631|0.495|18.4|0.42|0.175|0.065|0.073|0.10800000000000001|0.58|0.595|0.669|0.429|0.54|0.613|0.423|0.41700000000000004|0.001|1|0.618|0.134|0.358|8|0
9|2018-19|30.0|GSW|NBA|PG|69|2331|0.47200000000000003|19.7|0.396|0.14300000000000002|0.096|0.046|0.11|0.604|0.525|0.649|0.488|0.419|0.439|0.43700000000000006|0.46399999999999997|0.002|1|0.6890000000000001|0.14800000000000002|0.517|11|1
