|Season|Age|Tm|Lg|Pos|G|GS|MP|FG|FGA|FG%|3P|3PA|3P%|2P|2PA|2P%|eFG%|FT|FTA|FT%|ORB|DRB|TRB|AST|STL|BLK|TOV|PF|PTS
0|1962-63|23.0|STL|NBA|C|80.0||1918.0|297.0|677.0|0.439||||297.0|677.0|0.439|0.439|220.0|307.0|0.7170000000000001|||665.0|85.0||||312.0|814.0
1|1963-64|24.0|STL|NBA|C|59.0||1922.0|287.0|647.0|0.444||||287.0|647.0|0.444|0.444|200.0|270.0|0.741|||633.0|79.0||||262.0|774.0
2|1964-65|25.0|STL|NBA|C|80.0||2916.0|505.0|1047.0|0.48200000000000004||||505.0|1047.0|0.48200000000000004|0.48200000000000004|341.0|477.0|0.715|||966.0|111.0||||328.0|1351.0
3|1965-66|26.0|STL|NBA|C|80.0||3072.0|616.0|1301.0|0.473||||616.0|1301.0|0.473|0.473|424.0|559.0|0.758|||1086.0|125.0||||344.0|1656.0
4|1966-67|27.0|STL|NBA|C|48.0||1661.0|328.0|694.0|0.473||||328.0|694.0|0.473|0.473|197.0|260.0|0.758|||515.0|60.0||||189.0|853.0
5|1967-68|28.0|STL|NBA|C|82.0||3068.0|639.0|1310.0|0.488||||639.0|1310.0|0.488|0.488|455.0|573.0|0.794|||959.0|174.0||||295.0|1733.0
6|1968-69|29.0|ATL|NBA|C|72.0||2578.0|588.0|1251.0|0.47||||588.0|1251.0|0.47|0.47|370.0|506.0|0.731|||798.0|131.0||||272.0|1546.0
7|1970-71|31.0|UTS|ABA|C|76.0||2915.0|661.0|1192.0|0.555|2.0|4.0|0.5|659.0|1188.0|0.555|0.555|420.0|531.0|0.7909999999999999|407.0|783.0|1190.0|148.0|||196.0|299.0|1744.0
8|1971-72|32.0|UTS|ABA|C|84.0||3133.0|729.0|1353.0|0.539|0.0|7.0|0.0|729.0|1346.0|0.542|0.539|522.0|630.0|0.8290000000000001|355.0|755.0|1110.0|125.0|||223.0|315.0|1980.0
9|1972-73|33.0|UTS|ABA|PF|82.0||2804.0|521.0|1002.0|0.52|0.0|1.0|0.0|521.0|1001.0|0.52|0.52|306.0|381.0|0.8029999999999999|261.0|540.0|801.0|125.0||79.0|197.0|269.0|1348.0
10|1973-74|34.0|UTS|ABA|PF|77.0||2476.0|417.0|796.0|0.524|0.0|1.0|0.0|417.0|795.0|0.525|0.524|194.0|244.0|0.795|170.0|445.0|615.0|128.0|62.0|64.0|110.0|229.0|1028.0
11|1974-75|35.0|LAL|NBA|C|69.0||1213.0|136.0|310.0|0.439||||136.0|310.0|0.439|0.439|108.0|135.0|0.8|93.0|234.0|327.0|74.0|45.0|29.0||130.0|380.0
