|Season|Age|Tm|Lg|Pos|G|GS|MP|FG|FGA|FG%|3P|3PA|3P%|2P|2PA|2P%|eFG%|FT|FTA|FT%|ORB|DRB|TRB|AST|STL|BLK|TOV|PF|PTS
0|1996-97|19.0|MIN|NBA|PG|67.0|64.0|34.7|5.3|13.0|0.408|1.5|4.3|0.354|3.8|8.7|0.434|0.466|3.7|5.0|0.727|0.8|1.9|2.7|7.8|1.0|0.3|3.1|2.4|15.8
1|1997-98|20.0|MIN|NBA|PG|82.0|81.0|38.0|6.3|15.1|0.415|1.2|3.7|0.313|5.1|11.4|0.44799999999999995|0.45299999999999996|4.0|5.5|0.731|0.7|2.1|2.8|8.6|1.3|0.1|3.1|2.7|17.7
3|1998-99|21.0|MIN|NBA|PG|18.0|18.0|36.7|6.9|16.9|0.408|0.4|2.2|0.205|6.4|14.7|0.43799999999999994|0.42100000000000004|3.5|4.8|0.7240000000000001|0.9|2.5|3.4|9.3|1.6|0.3|3.1|2.4|17.7
4|1998-99|21.0|NJN|NBA|PG|31.0|31.0|39.8|8.2|18.7|0.439|1.9|5.1|0.36700000000000005|6.3|13.6|0.466|0.489|5.1|6.2|0.8320000000000001|0.6|1.9|2.6|8.7|1.0|0.1|3.5|2.6|23.4
5|1999-00|22.0|NJN|NBA|PG|74.0|74.0|38.9|7.7|17.8|0.43200000000000005|0.9|3.1|0.28300000000000003|6.8|14.6|0.46399999999999997|0.457|5.9|7.2|0.813|0.8|2.4|3.2|8.4|1.5|0.2|3.6|2.6|22.2
6|2000-01|23.0|NJN|NBA|PG|67.0|67.0|38.2|8.4|19.1|0.441|1.6|5.0|0.32799999999999996|6.8|14.1|0.48100000000000004|0.484|5.4|6.8|0.79|0.8|2.3|3.1|7.6|1.2|0.1|2.9|2.2|23.9
7|2001-02|24.0|PHO|NBA|PG|82.0|80.0|38.9|7.6|17.2|0.442|0.9|3.0|0.28600000000000003|6.8|14.2|0.47600000000000003|0.467|4.3|5.5|0.7809999999999999|0.9|2.3|3.2|8.1|0.9|0.2|3.5|2.3|20.4
8|2002-03|25.0|PHO|NBA|PG|81.0|81.0|40.0|8.3|18.9|0.439|1.1|3.7|0.301|7.2|15.2|0.47200000000000003|0.46799999999999997|4.6|5.8|0.8029999999999999|0.7|2.6|3.2|8.1|1.3|0.2|3.2|2.5|22.3
10|2003-04|26.0|PHO|NBA|PG|34.0|34.0|41.6|7.7|17.8|0.43200000000000005|1.1|3.5|0.314|6.6|14.4|0.461|0.46299999999999997|4.3|5.4|0.795|0.6|2.9|3.4|8.3|1.9|0.1|2.9|2.2|20.8
11|2003-04|26.0|NYK|NBA|PG|47.0|47.0|39.1|7.1|16.6|0.431|1.1|3.3|0.321|6.1|13.3|0.45799999999999996|0.46299999999999997|4.4|5.3|0.833|0.8|2.3|3.1|9.3|1.4|0.1|3.2|2.1|19.8
12|2004-05|27.0|NYK|NBA|PG|82.0|82.0|40.0|7.4|16.0|0.462|1.4|4.0|0.354|6.0|12.0|0.49700000000000005|0.506|5.6|6.7|0.8340000000000001|0.6|2.4|3.0|8.1|1.5|0.1|2.8|2.3|21.7
13|2005-06|28.0|NYK|NBA|PG|60.0|60.0|36.6|5.8|12.9|0.451|0.6|1.7|0.317|5.3|11.2|0.47200000000000003|0.47200000000000003|4.1|5.4|0.755|0.4|2.5|2.9|6.4|1.1|0.1|2.6|2.4|16.3
14|2006-07|29.0|NYK|NBA|PG|74.0|74.0|37.1|5.3|12.9|0.415|1.7|4.7|0.35700000000000004|3.7|8.2|0.44799999999999995|0.48|4.0|5.2|0.769|0.5|2.4|2.9|5.4|1.0|0.1|2.4|2.5|16.4
15|2007-08|30.0|NYK|NBA|PG|24.0|19.0|33.5|4.6|11.0|0.419|1.2|3.1|0.37799999999999995|3.5|8.0|0.435|0.47200000000000003|3.5|4.8|0.716|0.7|1.8|2.5|4.7|0.9|0.1|2.0|2.4|13.9
16|2008-09|31.0|BOS|NBA|PG|23.0|4.0|18.0|1.7|4.8|0.342|0.3|1.1|0.24|1.4|3.7|0.37200000000000005|0.369|0.3|0.6|0.462|0.1|1.1|1.2|3.3|0.4|0.1|1.6|1.5|3.8
