|Season|Age|Tm|Lg|Pos|G|MP|PER|TS%|3PAr|FTr|ORB%|DRB%|TRB%|AST%|STL%|BLK%|TOV%|USG%|OWS|DWS|WS|WS/48|OBPM|DBPM|BPM|VORP
0|2000-01|22.0|NJN|NBA|SF|77.0|1660.0|12.1|0.503|0.271|0.23600000000000002|2.8|11.9|7.2|15.1|2.7|0.6|17.1|20.8|-0.4|1.3|0.9|0.026000000000000002|-1.5|-0.7|-2.1|-0.1
1|2001-02|23.0|SAS|NBA|SF|23.0|227.0|7.9|0.452|0.396|0.187|1.6|11.3|6.6|8.3|3.5|0.9|18.9|24.9|-0.5|0.4|-0.1|-0.024|-4.7|0.2|-4.5|-0.1
2|2002-03|24.0|SAS|NBA|SG|80.0|2254.0|14.5|0.526|0.363|0.22399999999999998|3.6|10.8|7.4|14.1|3.0|0.9|16.4|22.1|1.2|3.6|4.8|0.102|0.6|1.1|1.7|2.1
3|2003-04|25.0|ATL|NBA|SF|80.0|2940.0|16.1|0.521|0.33899999999999997|0.23600000000000002|3.8|10.4|7.1|15.7|2.6|0.5|13.8|25.0|2.7|1.8|4.4|0.07200000000000001|2.1|-1.2|0.8|2.1
4|2004-05|26.0|IND|NBA|SF|51.0|1806.0|15.9|0.518|0.349|0.28|3.0|13.4|8.3|13.5|2.0|0.6|11.8|27.7|1.0|2.1|3.1|0.08199999999999999|1.0|-0.6|0.4|1.1
5|2005-06|27.0|IND|NBA|SG|81.0|2910.0|13.6|0.512|0.295|0.297|2.0|10.1|6.2|14.2|1.9|1.1|13.5|24.0|0.5|3.9|4.4|0.073|-0.5|0.7|0.2|1.6
7|2006-07|28.0|IND|NBA|SG|37.0|1186.0|13.1|0.527|0.321|0.34|1.6|7.8|4.6|16.7|1.4|1.3|14.1|21.7|0.7|1.0|1.7|0.069|-0.2|-1.1|-1.3|0.2
8|2006-07|28.0|GSW|NBA|SF|38.0|1293.0|15.7|0.55|0.337|0.298|3.7|7.2|5.4|20.6|1.9|0.8|14.9|22.5|1.6|0.8|2.4|0.08900000000000001|1.4|-1.3|0.1|0.7
9|2007-08|29.0|GSW|NBA|SF|73.0|2855.0|14.9|0.536|0.41600000000000004|0.307|2.4|9.8|6.0|15.2|1.6|0.7|12.6|23.1|3.2|1.4|4.6|0.077|1.5|-1.4|0.1|1.5
10|2008-09|30.0|GSW|NBA|SF|59.0|2339.0|16.1|0.53|0.306|0.35700000000000004|3.3|10.8|7.1|25.6|1.8|0.9|16.6|25.2|1.5|0.7|2.2|0.045|1.7|-1.5|0.2|1.3
12|2009-10|31.0|GSW|NBA|PF|9.0|300.0|14.5|0.499|0.301|0.278|2.2|10.9|6.5|21.3|2.2|1.4|14.8|25.0|-0.1|0.2|0.0|0.008|-1.1|-1.5|-2.6|0.0
13|2009-10|31.0|CHA|NBA|SG|72.0|2829.0|15.7|0.52|0.275|0.309|3.1|12.3|7.8|17.3|2.2|1.1|13.8|27.8|0.6|4.4|5.0|0.085|0.5|0.7|1.2|2.3
14|2010-11|32.0|CHA|NBA|SG|67.0|2405.0|14.6|0.52|0.33899999999999997|0.28800000000000003|2.7|12.7|7.7|18.4|1.8|0.9|14.9|27.4|-0.2|2.1|1.9|0.039|0.6|-0.8|-0.2|1.1
16|2011-12|33.0|MIL|NBA|SF|26.0|712.0|8.9|0.45899999999999996|0.397|0.221|2.4|10.5|6.4|16.6|1.9|0.6|18.1|22.5|-0.8|0.5|-0.3|-0.019|-2.3|-1.1|-3.4|-0.3
17|2011-12|33.0|SAS|NBA|SF|21.0|500.0|13.1|0.529|0.405|0.353|1.4|16.9|9.3|11.8|2.9|1.0|17.3|19.5|0.1|0.8|0.9|0.086|-0.8|1.8|0.9|0.4
18|2012-13|34.0|SAS|NBA|SF|55.0|1075.0|8.0|0.473|0.515|0.212|2.5|13.5|8.3|10.7|1.8|0.9|17.6|18.7|-1.2|1.5|0.3|0.013000000000000001|-3.0|0.6|-2.4|-0.1
19|2013-14|35.0|LAC|NBA|SF|9.0|107.0|0.1|0.27|0.5379999999999999|0.154|2.2|8.0|5.2|6.2|2.8|0.7|17.8|13.9|-0.3|0.1|-0.2|-0.099|-6.8|0.9|-5.9|-0.1
