|Season|Age|Tm|Lg|MP|FG|FGA|3P|3PA|2P|2PA|FT|FTA|ORB|DRB|TRB|AST|STL|BLK|TOV|PF|PTS|GmSc
0|1983-84|24.0|ATL|NBA||7|16|1|2|7|16|4|6|2|3|4|3||0||4|14|
1|1984-85|25.0|ATL|NBA||14|22|1|1|14|22|3|4|2|4|6|7|2.0|2|4.0|3|28|19.3
2|1985-86|26.0|ATL|NBA||12|21|1|2|12|21|8|9|4|5|7|10|3.0|1|5.0|5|24|24.2
3|1986-87|27.0|ATL|NBA||14|19|1|1|13|19|9|9|4|4|6|7|3.0|2|5.0|5|30|23.2
4|1987-88|28.0|ATL|NBA||9|16|0|0|9|16|5|6|3|4|6|12|3.0|2|4.0|5|20|20.8
6|1988-89|29.0|SAC|NBA||7|10|1|1|7|10|4|4|1|7|7|4|2.0|0|2.0|2|15|14.8
7|1988-89|29.0|IND|NBA||8|14|1|1|8|13|2|4|3|4|6|6|3.0|1|3.0|5|17|14.9
8|1989-90|30.0|IND|NBA||7|10|1|2|7|8|2|2|1|3|3|5|1.0|1|2.0|3|14|13.9
9|1990-91|31.0|IND|NBA||6|10|0|1|6|10|2|2|1|5|5|3|3.0|1|2.0|1|12|10.1
10|1991-92|32.0|IND|NBA||2|3|0|0|2|3|1|2|1|2|2|2|1.0|0|1.0|1|4|3.7
