|Season|Age|Tm|Lg|Pos|G|GS|MP|FG|FGA|FG%|FT|FTA|FT%|ORB|DRB|TRB|AST|STL|BLK|PF|PTS
0|1964-65|22.0|CIN|NBA|PF|61.0||12.1|2.1|5.8|0.373|1.8|2.7|0.667|||4.8|0.4|||1.6|6.1
1|1965-66|23.0|CIN|NBA|PF|72.0||24.9|5.5|11.3|0.489|3.1|4.5|0.685|||7.6|0.6|||3.0|14.1
2|1966-67|24.0|CIN|NBA|SF|79.0||30.9|5.8|12.2|0.479|3.2|4.8|0.66|||8.0|0.8|||3.5|14.9
4|1967-68|25.0|CIN|NBA|PF|48.0||33.9|6.6|13.1|0.503|4.2|6.2|0.6859999999999999|||7.4|1.2|||2.6|17.4
5|1967-68|25.0|DET|NBA|PF|26.0||34.3|6.3|13.7|0.45899999999999996|6.2|8.7|0.7170000000000001|||10.1|1.4|||2.8|18.8
6|1968-69|26.0|DET|NBA|PF|81.0||35.7|6.5|14.0|0.469|5.0|6.8|0.731|||11.8|1.3|||3.1|18.1
8|1969-70|27.0|DET|NBA|PF|15.0||18.8|3.8|6.9|0.5529999999999999|3.0|4.2|0.7140000000000001|||5.9|0.7|||2.4|10.6
9|1969-70|27.0|LAL|NBA|PF|55.0||39.0|7.7|15.8|0.49|5.1|6.4|0.8029999999999999|||12.5|2.0|||3.5|20.6
10|1970-71|28.0|LAL|NBA|PF|80.0||36.5|7.2|15.4|0.466|4.2|5.4|0.782|||10.0|2.1|||3.2|18.6
11|1971-72|29.0|LAL|NBA|PF|80.0||34.4|4.6|10.0|0.461|3.9|5.0|0.779|||13.1|2.4|||3.1|13.1
12|1972-73|30.0|LAL|NBA|PF|28.0||33.5|5.6|11.7|0.48200000000000004|5.0|6.4|0.787|||13.2|2.4|||2.8|16.3
13|1973-74|31.0|LAL|NBA|PF|77.0||34.2|5.0|9.9|0.507|4.5|5.8|0.7709999999999999|4.4|9.2|13.5|2.7|0.8|0.2|3.4|14.5
14|1974-75|32.0|LAL|NBA|PF|74.0||30.9|3.7|7.2|0.506|2.9|3.7|0.8009999999999999|4.1|8.7|12.8|2.3|0.7|0.1|2.9|10.3
