player_id|Rk|Unnamed: 1|Age|G|MP|PER|TS%|3PAr|FTr|ORB%|DRB%|TRB%|AST%|STL%|BLK%|TOV%|USG%|Unnamed: 17|OWS|DWS|WS|WS/48|Unnamed: 22|OBPM|DBPM|BPM|VORP|player_id
stoudam01|1|Amar'e Stoudemire|27|82|2838|22.6|0.615|0.005|0.5|9.7|18.9|14.5|4.8|0.9|2.1|12.1|27.3||8.2|2.5|10.7|0.18100000000000002||1.6|-1.3|0.3|1.6|stoudam01
nashst01|2|Steve Nash|35|81|2660|21.6|0.615|0.295|0.228|1.5|9.4|5.7|50.9|0.8|0.3|21.4|22.9||9.1|0.8|9.9|0.17800000000000002||4.9|-3.1|1.8|2.6|nashst01
richaja01|3|Jason Richardson|29|79|2485|16.6|0.574|0.401|0.184|3.9|13.9|9.2|8.8|1.3|0.9|7.9|20.8||5.0|1.7|6.6|0.128||2.9|-0.7|2.2|2.7|richaja01
hillgr01|4|Grant Hill|37|81|2430|14.0|0.561|0.114|0.35700000000000004|3.6|16.3|10.3|11.2|1.2|1.0|11.7|16.8||3.7|1.8|5.5|0.109||0.3|0.9|1.1|1.9|hillgr01
fryech01|5|Channing Frye|26|81|2190|15.0|0.598|0.5579999999999999|0.172|3.6|17.6|11.0|7.4|1.5|2.4|8.8|16.7||4.3|2.2|6.4|0.141||2.8|0.9|3.7|3.2|fryech01
dudleja01|6|Jared Dudley|24|82|1991|13.6|0.612|0.535|0.282|5.9|9.8|8.0|7.9|2.0|0.6|11.0|13.7||4.0|1.3|5.3|0.129||3.3|0.4|3.7|2.9|dudleja01
dragigo01|7|Goran Dragić|23|80|1442|14.8|0.5660000000000001|0.38299999999999995|0.324|3.2|9.8|6.7|24.1|1.7|0.4|18.3|21.1||2.0|0.8|2.8|0.094||1.6|-1.2|0.4|0.9|dragigo01
amundlo01|8|Lou Amundson|27|79|1168|14.4|0.562|0.004|0.446|13.1|19.9|16.7|3.7|1.0|4.4|14.7|14.6||1.5|1.3|2.9|0.11800000000000001||-1.0|1.4|0.4|0.7|amundlo01
lopezro01|9|Robin Lopez|21|51|986|17.6|0.621|0.0|0.43|12.6|15.6|14.2|1.1|0.5|3.8|10.6|17.3||2.5|0.8|3.2|0.158||0.3|-1.2|-1.0|0.3|lopezro01
barbole01|10|Leandro Barbosa|27|44|786|14.0|0.526|0.373|0.2|1.7|7.9|5.0|12.5|1.5|1.1|10.4|24.9||0.7|0.4|1.1|0.065||0.3|-2.3|-2.0|0.0|barbole01
clarkea01|11|Earl Clark|22|51|383|8.5|0.42|0.033|0.23800000000000002|5.6|12.3|9.1|7.8|0.9|2.4|12.1|21.9||-0.5|0.2|-0.3|-0.033||-5.8|-1.1|-6.9|-0.5|clarkea01
collija03|12|Jarron Collins|31|34|261|3.7|0.405|0.0|0.8059999999999999|10.1|16.4|13.4|2.9|0.4|0.8|19.2|8.8||-0.1|0.1|0.1|0.01||-3.9|-0.3|-4.2|-0.1|collija03
tuckeal02|13|Alando Tucker|25|11|71|15.7|0.5479999999999999|0.233|0.7|8.4|3.0|5.6|6.4|0.0|0.0|9.3|26.9||0.2|0.0|0.1|0.099||0.3|-5.9|-5.6|-0.1|tuckeal02
griffta01|14|Taylor Griffin|23|8|32|5.2|0.425|0.2|0.4|0.0|6.7|3.5|4.3|0.0|4.4|7.8|17.6||0.0|0.0|0.0|-0.039||-5.8|-1.4|-7.3|0.0|griffta01
jonesdw02|15|Dwayne Jones|26|2|7|1.4||||0.0|30.5|16.1|0.0|0.0|0.0||0.0||0.0|0.0|0.0|0.045||-7.4|-0.8|-8.2|0.0|jonesdw02
