player_id|Rk|Unnamed: 1|Age|G|GS|MP|FG|FGA|FG%|3P|3PA|3P%|2P|2PA|2P%|eFG%|FT|FTA|FT%|ORB|DRB|TRB|AST|STL|BLK|TOV|PF|PTS|player_id
griffda01|1|Darrell Griffith|24|77|76|2787|752|1554|0.484|38|132|0.28800000000000003|714|1422|0.502|0.496|167|246|0.679|100|204|304|270|138|33|252|184|1709|griffda01
greenri01|2|Rickey Green|28|78|78|2783|464|942|0.493|2|13|0.154|462|929|0.49700000000000005|0.494|185|232|0.797|62|161|223|697|220|4|222|154|1115|greenri01
poquebe01|3|Ben Poquette|27|75|50|2331|329|697|0.47200000000000003|1|5|0.2|328|692|0.474|0.473|166|221|0.7509999999999999|155|366|521|168|64|116|100|264|825|poquebe01
wilkije01|4|Jeff Wilkins|27|81|34|2307|389|816|0.47700000000000004|0|3|0.0|389|813|0.478|0.47700000000000004|156|200|0.78|154|442|596|132|41|42|186|251|934|wilkije01
schayda01|5|Danny Schayes|23|50|50|1638|231|514|0.449|0|1|0.0|231|513|0.45|0.449|157|195|0.805|137|312|449|165|39|68|195|216|619|schayda01
eavesje01|6|Jerry Eaves|23|82|7|1588|280|575|0.48700000000000004|1|8|0.125|279|567|0.49200000000000005|0.488|200|247|0.81|34|88|122|210|51|3|152|116|761|eavesje01
eatonma01|7|Mark Eaton|26|81|32|1528|146|353|0.414|0|1|0.0|146|352|0.415|0.414|59|90|0.6559999999999999|86|376|462|112|24|275|140|257|351|eatonma01
drewjo01|8|John Drew|28|44|33|1206|318|671|0.474|0|5|0.0|318|666|0.47700000000000004|0.474|296|392|0.755|98|137|235|97|35|7|135|152|932|drewjo01
anderjj01|9|J.J. Anderson|22|52|2|1154|182|357|0.51|0|3|0.0|182|354|0.514|0.51|99|172|0.5760000000000001|115|167|282|66|62|21|74|147|463|anderjj01
dantlad01|10|Adrian Dantley|26|22|22|887|233|402|0.58|0|0||233|402|0.58|0.58|210|248|0.847|58|82|140|105|20|0|81|62|676|dantlad01
kelleri01|11|Rich Kelley|29|32|23|780|71|152|0.467|0|0||71|152|0.467|0.467|87|105|0.8290000000000001|70|162|232|79|33|21|65|106|229|kelleri01
williri01|12|Rickey Williams|25|44|0|346|56|135|0.415|0|3|0.0|56|132|0.424|0.415|35|53|0.66|15|23|38|37|20|4|38|42|147|williri01
nattke01|13|Kenny Natt|24|22|0|210|38|73|0.521|0|2|0.0|38|71|0.535|0.521|9|14|0.643|6|16|22|28|5|0|22|36|85|nattke01
willifr01|14|Freeman Williams|26|18|3|210|36|101|0.35600000000000004|2|7|0.28600000000000003|34|94|0.36200000000000004|0.366|18|25|0.72|3|14|17|10|6|1|12|30|92|willifr01
