player_id|Rk|Unnamed: 1|Age|G|GS|MP|FG|FGA|FG%|3P|3PA|3P%|2P|2PA|2P%|eFG%|FT|FTA|FT%|ORB|DRB|TRB|AST|STL|BLK|TOV|PF|PTS/G|player_id
johnsjo02|1|Joe Johnson|24|82|82|40.7|7.7|17.0|0.45299999999999996|1.6|4.4|0.35600000000000004|6.1|12.6|0.48700000000000004|0.499|3.2|4.0|0.7909999999999999|1.2|2.9|4.1|6.5|1.3|0.4|3.3|2.3|20.2|johnsjo02
harrial01|2|Al Harrington|25|76|76|36.6|7.3|16.1|0.452|0.9|2.5|0.34600000000000003|6.4|13.5|0.47100000000000003|0.479|3.2|4.6|0.6940000000000001|1.7|5.1|6.9|3.1|1.1|0.2|2.6|4.0|18.6|harrial01
smithjo03|3|Josh Smith|20|80|73|32.0|4.1|9.7|0.425|0.4|1.4|0.309|3.7|8.3|0.444|0.447|2.6|3.7|0.7190000000000001|2.2|4.4|6.6|2.4|0.8|2.6|2.0|3.3|11.3|smithjo03
pachuza01|4|Zaza Pachulia|21|78|78|31.4|3.9|8.7|0.451|0.0|0.0|0.0|3.9|8.7|0.452|0.451|3.8|5.2|0.735|3.4|4.5|7.9|1.7|1.1|0.5|2.3|3.7|11.7|pachuza01
childjo01|5|Josh Childress|22|74|10|30.4|3.8|6.8|0.552|0.4|0.9|0.49200000000000005|3.3|5.9|0.56|0.583|2.1|2.7|0.7659999999999999|1.8|3.4|5.2|1.8|1.2|0.5|1.4|2.5|10.0|childjo01
willima02|6|Marvin Williams|19|79|7|24.7|3.0|6.7|0.44299999999999995|0.2|0.7|0.245|2.8|6.1|0.46399999999999997|0.455|2.4|3.2|0.747|1.5|3.3|4.8|0.8|0.6|0.3|1.1|2.9|8.5|willima02
luety01|7|Tyronn Lue|28|51|10|24.2|3.8|8.2|0.45899999999999996|1.1|2.5|0.457|2.6|5.7|0.46|0.529|2.3|2.7|0.855|0.3|1.4|1.6|3.1|0.5|0.1|1.5|2.2|11.0|luety01
stoudsa01|8|Salim Stoudamire|23|61|1|20.3|3.3|8.1|0.415|1.3|3.5|0.38|2.0|4.5|0.442|0.498|1.6|1.8|0.9|0.2|1.7|1.9|1.2|0.4|0.0|1.3|1.9|9.7|stoudsa01
iveyro01|9|Royal Ivey|24|73|66|13.4|1.6|3.6|0.439|0.1|0.1|0.4|1.5|3.5|0.441|0.447|0.3|0.5|0.727|0.4|0.9|1.3|1.0|0.3|0.1|0.3|2.0|3.6|iveyro01
grundan01|10|Anthony Grundy|26|12|0|9.0|1.6|3.2|0.5|0.4|1.3|0.33299999999999996|1.2|1.9|0.609|0.5660000000000001|0.8|1.2|0.643|0.1|1.3|1.4|0.8|0.6|0.0|0.8|1.2|4.3|grundan01
batises01|11|Esteban Batista|22|57|3|8.7|0.6|1.4|0.425|0.0|0.0|0.0|0.6|1.4|0.43|0.425|0.6|0.9|0.623|1.1|1.5|2.5|0.1|0.3|0.2|0.7|1.9|1.8|batises01
edwarjo01|12|John Edwards|24|40|4|7.4|0.8|1.6|0.484|0.0|0.0||0.8|1.6|0.484|0.484|0.2|0.3|0.727|0.5|0.8|1.2|0.1|0.1|0.4|0.3|1.9|1.8|edwarjo01
delkto01|13|Tony Delk|32|1|0|7.0|0.0|1.0|0.0|0.0|0.0||0.0|1.0|0.0|0.0|2.0|2.0|1.0|1.0|1.0|2.0|0.0|0.0|0.0|0.0|0.0|2.0|delkto01
thomajo02|14|John Thomas|30|11|0|6.0|0.3|0.6|0.429|0.0|0.0||0.3|0.6|0.429|0.429|0.3|0.4|0.75|0.3|0.6|0.9|0.1|0.2|0.0|0.4|0.9|0.8|thomajo02
smithdo04|15|Donta Smith|22|23|0|5.5|0.7|1.2|0.556|0.1|0.2|0.5|0.6|1.0|0.565|0.593|0.3|0.5|0.5|0.1|0.5|0.6|0.4|0.3|0.0|0.2|0.9|1.7|smithdo04
