|Season|Age|Tm|Lg|Pos|G|GS|MP|FG|FGA|FG%|3P|3PA|3P%|2P|2PA|2P%|eFG%|FT|FTA|FT%|ORB|DRB|TRB|AST|STL|BLK|TOV|PF|PTS
0|1982-83|21.0|GSW|NBA|SF|27.0|0.0|154.0|21.0|51.0|0.41200000000000003|0.0|2.0|0.0|21.0|49.0|0.429|0.41200000000000003|17.0|25.0|0.68|10.0|28.0|38.0|2.0|0.0|4.0|11.0|40.0|59.0
1|1983-84|22.0|SDC|NBA|SG|61.0|20.0|1297.0|238.0|436.0|0.546|1.0|6.0|0.16699999999999998|237.0|430.0|0.551|0.547|123.0|163.0|0.755|54.0|116.0|170.0|82.0|33.0|22.0|78.0|165.0|600.0
2|1984-85|23.0|LAC|NBA|SG|80.0|80.0|2762.0|682.0|1271.0|0.537|3.0|19.0|0.158|679.0|1252.0|0.542|0.5379999999999999|400.0|504.0|0.794|174.0|253.0|427.0|216.0|77.0|52.0|230.0|317.0|1767.0
3|1985-86|24.0|LAC|NBA|SG|11.0|9.0|339.0|100.0|181.0|0.552|1.0|2.0|0.5|99.0|179.0|0.5529999999999999|0.555|58.0|84.0|0.69|20.0|21.0|41.0|31.0|9.0|13.0|33.0|35.0|259.0
4|1986-87|25.0|SAC|NBA|SG|52.0|42.0|1658.0|338.0|757.0|0.446|9.0|33.0|0.273|329.0|724.0|0.45399999999999996|0.452|178.0|228.0|0.7809999999999999|60.0|122.0|182.0|204.0|46.0|23.0|126.0|184.0|863.0
5|1987-88|26.0|SAC|NBA|SG|35.0|18.0|899.0|174.0|364.0|0.478|8.0|23.0|0.348|166.0|341.0|0.48700000000000004|0.489|87.0|113.0|0.77|35.0|68.0|103.0|89.0|21.0|17.0|48.0|108.0|443.0
7|1988-89|27.0|SAC|NBA|SG|29.0|20.0|600.0|111.0|276.0|0.402|3.0|15.0|0.2|108.0|261.0|0.414|0.408|64.0|95.0|0.674|30.0|51.0|81.0|60.0|19.0|8.0|44.0|64.0|289.0
8|1988-89|27.0|PHI|NBA|SG|36.0|18.0|695.0|105.0|220.0|0.47700000000000004|4.0|16.0|0.25|101.0|204.0|0.495|0.486|65.0|93.0|0.6990000000000001|31.0|55.0|86.0|68.0|24.0|15.0|44.0|100.0|279.0
9|1989-90|28.0|PHI|NBA|SF|75.0|7.0|1405.0|261.0|514.0|0.508|16.0|36.0|0.444|245.0|478.0|0.513|0.523|130.0|186.0|0.6990000000000001|62.0|110.0|172.0|109.0|35.0|20.0|85.0|198.0|668.0
10|1990-91|29.0|BOS|NBA|SF|2.0|0.0|16.0|1.0|4.0|0.25|0.0|1.0|0.0|1.0|3.0|0.33299999999999996|0.25|3.0|4.0|0.75|0.0|0.0|0.0|5.0|1.0|1.0|1.0|3.0|5.0
