|Season|Age|Tm|Lg|Pos|G|GS|MP|FG|FGA|FG%|FT|FTA|FT%|ORB|DRB|TRB|AST|STL|BLK|PF|PTS
0|1965-66|22.0|STL|NBA|PF|65.0||1104.0|158.0|393.0|0.402|68.0|120.0|0.5670000000000001|||353.0|43.0|||176.0|384.0
1|1966-67|23.0|CHI|NBA|PF|77.0||1475.0|252.0|604.0|0.41700000000000004|88.0|159.0|0.5529999999999999|||468.0|56.0|||181.0|592.0
2|1967-68|24.0|CHI|NBA|C|82.0||2525.0|418.0|915.0|0.457|187.0|274.0|0.682|||825.0|113.0|||233.0|1023.0
3|1968-69|25.0|CHI|NBA|SF|80.0||2705.0|440.0|1023.0|0.43|241.0|356.0|0.677|||847.0|104.0|||226.0|1121.0
4|1969-70|26.0|PHI|NBA|PF|79.0||2459.0|401.0|842.0|0.47600000000000003|204.0|273.0|0.747|||734.0|104.0|||262.0|1006.0
5|1970-71|27.0|PHI|NBA|PF|78.0||2501.0|395.0|829.0|0.47600000000000003|259.0|340.0|0.762|||747.0|97.0|||258.0|1049.0
7|1971-72|28.0|PHI|NBA|PF|17.0||545.0|68.0|156.0|0.436|55.0|67.0|0.821|||135.0|25.0|||59.0|191.0
8|1971-72|28.0|ATL|NBA|PF|67.0||2416.0|325.0|729.0|0.446|201.0|256.0|0.785|||601.0|121.0|||217.0|851.0
9|1972-73|29.0|ATL|NBA|PF|75.0||2833.0|308.0|713.0|0.43200000000000005|163.0|224.0|0.728|||801.0|174.0|||252.0|779.0
10|1973-74|30.0|ATL|NBA|PF|73.0||2519.0|297.0|612.0|0.485|134.0|196.0|0.684|207.0|528.0|735.0|156.0|49.0|74.0|249.0|728.0
12|1974-75|31.0|ATL|NBA|PF|38.0||905.0|114.0|259.0|0.44|41.0|55.0|0.745|52.0|141.0|193.0|68.0|23.0|13.0|86.0|269.0
13|1974-75|31.0|BUF|NBA|PF|42.0||674.0|77.0|162.0|0.475|21.0|38.0|0.5529999999999999|58.0|139.0|197.0|43.0|11.0|13.0|81.0|175.0
14|1975-76|32.0|BUF|NBA|PF|1.0||7.0|0.0|1.0|0.0|0.0|0.0||1.0|0.0|1.0|1.0|0.0|0.0|0.0|0.0
