|Season|Age|Tm|Lg|Pos|G|GS|MP|FG|FGA|FG%|FT|FTA|FT%|TRB|AST|PF|PTS
0|1959-60|23.0|MNL|NBA|SF|69.0||1467.0|220.0|579.0|0.38|106.0|164.0|0.6459999999999999|428.0|54.0|188.0|546.0
1|1960-61|24.0|LAL|NBA|SF|78.0||1846.0|310.0|719.0|0.431|140.0|235.0|0.596|479.0|88.0|209.0|760.0
2|1961-62|25.0|LAL|NBA|SF|79.0||1903.0|289.0|704.0|0.41100000000000003|143.0|222.0|0.644|514.0|95.0|244.0|721.0
3|1962-63|26.0|CIN|NBA|SF|79.0||1721.0|299.0|635.0|0.47100000000000003|147.0|241.0|0.61|543.0|100.0|197.0|745.0
4|1963-64|27.0|CIN|NBA|SF|73.0||1770.0|256.0|580.0|0.441|113.0|188.0|0.601|435.0|74.0|198.0|625.0
5|1964-65|28.0|CIN|NBA|SF|79.0||1864.0|220.0|538.0|0.409|116.0|204.0|0.569|475.0|80.0|240.0|556.0
6|1965-66|29.0|CIN|NBA|SF|79.0||2126.0|273.0|604.0|0.452|116.0|209.0|0.555|575.0|99.0|274.0|662.0
7|1966-67|30.0|LAL|NBA|SF|76.0||1798.0|275.0|572.0|0.48100000000000004|82.0|173.0|0.474|434.0|83.0|207.0|632.0
8|1967-68|31.0|LAL|NBA|PF|78.0||2463.0|389.0|779.0|0.499|125.0|229.0|0.546|458.0|117.0|289.0|903.0
9|1968-69|32.0|LAL|NBA|SF|74.0||1507.0|230.0|461.0|0.499|62.0|151.0|0.41100000000000003|266.0|81.0|168.0|522.0
