player_id|Rk|Unnamed: 1|Age|G|GS|MP|FG|FGA|FG%|FT|FTA|FT%|ORB|DRB|TRB|AST|STL|BLK|PF|PTS|player_id
bingda01|1|Dave Bing|31|79||3222|6.5|14.9|0.434|3.8|4.7|0.809|1.0|2.2|3.2|6.8|1.3|0.3|2.5|16.7|bingda01
laniebo01|2|Bob Lanier|26|76||2987|8.8|17.3|0.51|4.4|5.4|0.802|2.7|8.3|11.0|4.2|0.9|2.1|2.9|22.0|laniebo01
rowecu01|3|Curtis Rowe|25|82||2787|5.5|11.3|0.483|2.2|2.9|0.753|2.2|5.3|7.6|1.6|0.6|0.6|2.5|13.1|rowecu01
mengejo01|4|John Mengelt|25|80||1995|6.1|12.6|0.479|3.8|4.5|0.851|0.7|2.8|3.4|3.6|1.3|0.1|3.6|15.9|mengejo01
fordch01|5|Chris Ford|26|80||1962|3.8|8.0|0.474|1.2|1.7|0.6629999999999999|1.7|3.2|4.9|4.2|2.1|0.5|3.4|8.7|fordch01
trappge01|6|George Trapp|26|78||1472|7.0|15.9|0.442|2.4|3.2|0.7559999999999999|1.7|5.0|6.8|1.5|0.9|0.3|5.1|16.5|trappge01
adamsdo01|7|Don Adams|27|51||1376|3.3|8.2|0.40299999999999997|1.2|2.0|0.5770000000000001|1.6|4.7|6.4|2.0|1.8|0.5|4.7|7.8|adamsdo01
davisji01|8|Jim Davis|33|79||1078|3.9|8.7|0.45399999999999996|2.8|3.9|0.726|3.2|6.3|9.5|3.0|1.7|1.2|4.3|10.7|davisji01
porteho01|9|Howard Porter|26|41||1030|6.6|13.1|0.5|2.1|2.4|0.843|2.3|5.2|7.5|0.6|0.7|0.9|2.7|15.2|porteho01
moneyer01|10|Eric Money|19|66||889|5.8|12.9|0.451|1.3|1.8|0.6890000000000001|1.1|2.5|3.6|4.1|1.3|0.1|4.9|12.9|moneyer01
norwowi01|11|Willie Norwood|27|24||347|6.6|12.8|0.52|3.2|4.4|0.738|3.2|5.9|9.1|1.7|2.4|0.0|5.3|16.5|norwowi01
eberhal01|12|Al Eberhard|22|34||277|4.0|11.0|0.365|2.2|2.7|0.81|2.3|3.8|6.1|2.1|1.7|0.1|4.3|10.3|eberhal01
ligonbi01|13|Bill Ligon|22|38||272|7.3|18.9|0.385|2.1|3.3|0.64|1.9|1.6|3.4|3.3|1.1|1.2|4.1|16.7|ligonbi01
mooreot01|14|Otto Moore|28|2||11|3.3|13.1|0.25|3.3|6.5|0.5|0.0|6.5|6.5|3.3|0.0|3.3|6.5|9.8|mooreot01
