|Season|Age|Tm|Lg|Pos|G|GS|MP|FG|FGA|FG%|FT|FTA|FT%|ORB|DRB|TRB|AST|STL|BLK|PF|PTS
0|1968-69|22.0|MIL|NBA|PF|79.0||2207.0|276.0|613.0|0.45|91.0|155.0|0.5870000000000001|||804.0|137.0|||264.0|643.0
1|1969-70|23.0|MIL|NBA|PF|82.0||2368.0|339.0|664.0|0.511|125.0|174.0|0.718|||712.0|156.0|||304.0|803.0
2|1970-71|24.0|MIL|NBA|PF|82.0||2428.0|409.0|799.0|0.512|141.0|213.0|0.662|||589.0|227.0|||284.0|959.0
4|1971-72|25.0|MIL|NBA|SF|28.0||737.0|97.0|198.0|0.49|41.0|58.0|0.7070000000000001|||161.0|63.0|||92.0|235.0
5|1971-72|25.0|HOU|NBA|SF|54.0||1519.0|212.0|473.0|0.44799999999999995|70.0|110.0|0.636|||322.0|159.0|||167.0|494.0
7|1972-73|26.0|HOU|NBA|PG|4.0||41.0|5.0|16.0|0.313|0.0|0.0||||8.0|5.0|||8.0|10.0
8|1972-73|26.0|POR|NBA|SF|72.0||1569.0|229.0|469.0|0.488|75.0|128.0|0.586|||375.0|117.0|||210.0|533.0
9|1973-74|27.0|POR|NBA|SF|67.0||878.0|99.0|228.0|0.434|48.0|79.0|0.608|65.0|124.0|189.0|78.0|41.0|6.0|126.0|246.0
10|1974-75|28.0|POR|NBA|SF|55.0||519.0|71.0|146.0|0.486|32.0|48.0|0.667|29.0|60.0|89.0|27.0|22.0|6.0|96.0|174.0
11|1975-76|29.0|POR|NBA|SF|1.0||3.0|0.0|1.0|0.0|0.0|0.0||0.0|0.0|0.0|0.0|0.0|0.0|2.0|0.0
