player_id|Rk|Unnamed: 1|Age|G|GS|MP|FG|FGA|FG%|FT|FTA|FT%|ORB|DRB|TRB|AST|STL|BLK|PF|PTS|Unnamed: 20|ORtg|DRtg|player_id
abdulka01|1|Kareem Abdul-Jabbar|28|82||3379|12.0|22.7|0.529|5.9|8.4|0.703|3.6|14.6|18.2|5.4|1.6|4.4|3.8|29.9|||90|abdulka01
goodrga01|2|Gail Goodrich|32|75||2646|9.8|22.2|0.441|4.9|5.8|0.847|1.6|2.0|3.6|7.1|2.1|0.3|4.0|24.5|||102|goodrga01
warneco01|3|Cornell Warner|27|81||2512|4.4|9.3|0.479|1.6|2.3|0.695|3.9|8.8|12.8|1.9|1.0|0.8|5.0|10.5|||98|warneco01
allenlu01|4|Lucius Allen|28|76||2388|8.6|18.7|0.45899999999999996|3.7|4.7|0.7759999999999999|1.2|2.8|4.0|6.6|1.9|0.4|4.5|20.8|||101|allenlu01
forddo01|5|Don Ford|23|76||1838|7.5|17.2|0.43799999999999994|2.5|3.4|0.748|2.9|5.2|8.1|2.7|1.2|0.3|4.5|17.6|||101|forddo01
calhoco01|6|Corky Calhoun|25|76||1816|4.2|9.0|0.467|1.6|2.0|0.7829999999999999|2.9|5.5|8.3|2.1|1.5|0.9|5.3|10.0|||100|calhoco01
russeca01|7|Cazzie Russell|31|74||1625|10.1|21.9|0.46299999999999997|3.6|4.0|0.892|1.4|3.6|5.0|3.3|1.4|0.1|3.3|23.9|||102|russeca01
freemdo01|8|Donnie Freeman|31|64||1480|7.9|18.2|0.434|4.9|6.0|0.8190000000000001|2.2|3.2|5.4|5.1|1.7|0.3|4.8|20.7|||101|freemdo01
lantzst01|9|Stu Lantz|29|53||853|4.4|10.6|0.41700000000000004|4.2|4.6|0.899|1.5|3.7|5.2|4.0|1.4|0.2|5.5|13.0|||102|lantzst01
washike01|10|Kermit Washington|24|36||492|3.5|8.1|0.433|4.1|6.0|0.682|4.6|10.3|14.9|1.8|1.0|2.3|6.9|11.1|||96|washike01
mcdanji01|11|Jim McDaniels|27|35||242|7.5|18.7|0.402|1.7|1.7|1.0|4.8|8.8|13.6|2.8|0.7|1.8|7.3|16.7|||98|mcdanji01
williro01|12|Ron Williams|31|9||158|4.8|12.1|0.395|2.8|3.7|0.769|0.6|4.8|5.3|5.9|0.8|0.0|4.2|12.4|||102|williro01
meelycl01|13|Cliff Meely|28|20||139|6.4|16.3|0.392|7.7|10.2|0.75|3.2|11.2|14.4|2.9|1.6|1.3|9.6|20.5|||95|meelycl01
kupeccj01|14|C.J. Kupec|23|16||55|8.1|32.3|0.25|5.7|8.9|0.636|3.2|15.4|18.6|4.0|2.4|0.0|5.7|21.8|||91|kupeccj01
rochejo01|15|John Roche|26|15||52|2.6|12.0|0.214|1.7|3.4|0.5|0.0|2.6|2.6|5.1|0.0|0.0|6.0|6.8|||106|rochejo01
rileypa01|16|Pat Riley|30|2||23|9.7|25.1|0.385|1.9|5.8|0.33299999999999996|1.9|3.9|5.8|0.0|1.9|1.9|9.7|21.3|||99|rileypa01
weslewa01|17|Walt Wesley|31|1||7|6.4|12.7|0.5|12.7|25.4|0.5|0.0|6.4|6.4|6.4|0.0|0.0|12.7|25.4|||102|weslewa01
