|Season|Age|Tm|Lg|MP|FG|FGA|3P|3PA|2P|2PA|FT|FTA|ORB|DRB|TRB|AST|STL|BLK|TOV|PF|PTS|GmSc
1|2009-10|23.0|HOU|NBA|19:00|3|7|2|3|3|4|5|7|1|3|3|3|2|1|4|4|11|8.6
2|2009-10|23.0|SAC|NBA|8:22|1|3|0|1|1|2|2|2|1|1|1|1|1|0|1|1|4|3.6
3|2009-10|23.0|SAS|NBA|27:26|6|13|3|6|5|7|4|4|2|3|4|4|2|2|3|6|15|12.5
5|2010-11|24.0|SAS|NBA|13:59|1|3|0|1|1|2|0|2|1|1|1|1|1|1|1|1|2|0.8
6|2010-11|24.0|MIL|NBA|26:24|3|6|2|3|1|4|0|2|0|3|3|3|1|1|1|4|8|7.1
7|2010-11|24.0|CHA|NBA|19:04|4|9|3|6|2|3|6|9|0|3|3|6|3|1|3|3|17|14.5
8|2012-13|26.0|WAS|NBA|47:21|7|12|3|6|7|12|3|4|3|6|9|11|4|3|5|6|17|18.1
9|2013-14|27.0|WAS|NBA|26:18|3|7|1|3|3|6|5|7|3|3|4|6|4|2|3|5|10|9.1
10|2014-15|28.0|WAS|NBA|42:51|6|14|4|7|4|7|4|5|2|6|7|4|3|2|3|4|18|14.9
11|2015-16|29.0|WAS|NBA|41:49|8|17|5|10|5|8|7|8|2|7|7|6|5|2|6|6|23|20.5
12|2016-17|30.0|SAC|NBA|42:21|7|13|5|9|7|7|6|6|5|7|9|7|4|3|4|5|20|20.1
13|2017-18|31.0|SAC|NBA|40:09|14|17|6|9|10|10|5|7|2|6|8|6|4|3|4|4|34|29.0
15|2018-19|32.0|MEM|NBA|42:37|10|14|5|8|5|8|6|7|2|7|8|5|3|3|4|6|30|28.4
16|2018-19|32.0|LAC|NBA|36:26|5|10|5|8|2|4|4|4|2|5|6|5|3|1|2|5|16|13.3
