player_id|Rk|Unnamed: 1|Age|G|GS|MP|FG|FGA|FG%|3P|3PA|3P%|2P|2PA|2P%|eFG%|FT|FTA|FT%|ORB|DRB|TRB|AST|STL|BLK|TOV|PF|PTS|player_id
johnsma01|1|Marques Johnson|26|80|80|2853|723|1420|0.509|4|20|0.2|719|1400|0.514|0.511|264|359|0.735|196|366|562|363|100|56|196|211|1714|johnsma01
moncrsi01|2|Sidney Moncrief|25|76|76|2710|606|1156|0.524|1|10|0.1|605|1146|0.528|0.525|499|604|0.826|192|245|437|300|113|23|197|180|1712|moncrsi01
listeal01|3|Alton Lister|24|80|37|1885|272|514|0.529|0|0||272|514|0.529|0.529|130|242|0.537|168|400|568|111|50|177|186|328|674|listeal01
bridgju01|4|Junior Bridgeman|29|70|5|1855|421|856|0.49200000000000005|1|13|0.077|420|843|0.498|0.49200000000000005|164|196|0.8370000000000001|44|202|246|207|40|9|122|155|1007|bridgju01
catchha01|5|Harvey Catchings|31|74|33|1554|90|197|0.457|0|0||90|197|0.457|0.457|62|92|0.674|132|276|408|77|26|148|83|224|242|catchha01
presspa01|6|Paul Pressey|24|79|18|1528|213|466|0.457|1|9|0.111|212|457|0.46399999999999997|0.45799999999999996|105|176|0.597|83|198|281|207|99|47|162|174|532|presspa01
fordph01|7|Phil Ford|26|70|56|1447|193|410|0.47100000000000003|1|8|0.125|192|402|0.478|0.47200000000000003|90|113|0.7959999999999999|18|78|96|252|46|3|113|168|477|fordph01
wintebr01|8|Brian Winters|30|57|12|1361|255|587|0.434|22|68|0.324|233|519|0.449|0.45299999999999996|73|85|0.8590000000000001|35|75|110|156|45|4|81|132|605|wintebr01
cowenda01|9|Dave Cowens|34|40|34|1014|136|306|0.444|0|2|0.0|136|304|0.447|0.444|52|63|0.825|73|201|274|82|30|15|44|137|324|cowenda01
laniebo01|10|Bob Lanier|34|39|35|978|163|332|0.491|0|1|0.0|163|331|0.49200000000000005|0.491|91|133|0.684|58|142|200|105|34|24|82|125|417|laniebo01
crissch01|11|Charlie Criss|34|66|0|922|169|375|0.451|6|31|0.19399999999999998|163|344|0.474|0.45899999999999996|68|76|0.895|14|65|79|127|27|0|44|44|412|crissch01
mixst01|12|Steve Mix|35|57|20|792|133|273|0.48700000000000004|1|4|0.25|132|269|0.491|0.489|74|87|0.851|37|99|136|68|33|3|45|70|341|mixst01
mokespa01|13|Paul Mokeski|26|50|1|589|64|139|0.46|0|1|0.0|64|138|0.46399999999999997|0.46|34|42|0.81|29|93|122|23|9|21|40|138|162|mokespa01
hillar01|14|Armond Hill|29|14|3|169|14|26|0.5379999999999999|0|0||14|26|0.5379999999999999|0.5379999999999999|18|22|0.818|5|15|20|27|9|0|13|20|46|hillar01
johnsmi01|15|Mickey Johnson|30|6|0|153|30|66|0.455|0|2|0.0|30|64|0.469|0.455|7|9|0.778|9|16|25|11|1|2|12|22|67|johnsmi01
pellosa01|16|Sam Pellom|31|4|0|20|4|10|0.4|0|0||4|10|0.4|0.4|0|0||2|6|8|0|0|0|2|3|8|pellosa01
