|Season|Age|Tm|Lg|Pos|G|GS|MP|FG|FGA|FG%|3P|3PA|3P%|2P|2PA|2P%|FT|FTA|FT%|ORB|DRB|TRB|AST|STL|BLK|TOV|PF|PTS
0|1987-88|22.0|POR|NBA|SF|9.0|0.0|19.0|0.0|5.7|0.0|0.0|1.9|0.0|0.0|3.8|0.0|0.0|0.0||3.8|1.9|5.7|1.9|3.8|0.0|3.8|3.8|0.0
1|1988-89|23.0|BOS|NBA|SF|44.0|6.0|375.0|7.2|13.1|0.551|0.2|1.1|0.182|7.0|12.0|0.584|3.4|5.3|0.636|1.1|3.0|4.0|3.3|1.3|0.3|1.8|3.8|18.0
2|1989-90|24.0|BOS|NBA|SF|71.0|10.0|990.0|5.0|10.9|0.455|0.1|0.7|0.16699999999999998|4.9|10.3|0.473|3.1|3.9|0.794|1.5|2.5|4.1|4.3|1.0|0.3|1.6|2.8|13.2
3|1990-91|25.0|BOS|NBA|SF|82.0|76.0|2706.0|7.3|12.4|0.5870000000000001|0.0|0.1|0.0|7.3|12.3|0.5920000000000001|2.5|3.0|0.815|1.1|2.4|3.6|3.4|1.3|0.5|2.0|3.2|17.0
4|1991-92|26.0|BOS|NBA|SF|82.0|77.0|2496.0|6.9|13.1|0.529|0.1|0.4|0.29|6.8|12.6|0.537|2.0|2.3|0.885|1.2|3.0|4.1|3.2|1.1|0.5|1.4|2.9|16.0
5|1992-93|27.0|BOS|NBA|SF|82.0|58.0|2541.0|6.5|12.8|0.507|0.7|2.0|0.374|5.8|10.9|0.531|1.7|2.1|0.826|0.7|2.8|3.5|3.2|1.2|0.5|1.1|2.6|15.5
6|1993-94|28.0|BOS|NBA|SF|75.0|28.0|1880.0|7.0|15.4|0.45799999999999996|0.5|2.0|0.243|6.6|13.4|0.489|2.0|2.4|0.8170000000000001|0.8|2.3|3.0|2.9|1.1|0.4|1.5|2.6|16.5
7|1994-95|29.0|MIA|NBA|SF|77.0|0.0|1223.0|6.5|13.2|0.489|1.1|2.9|0.39799999999999996|5.3|10.4|0.514|2.6|3.3|0.784|0.9|2.7|3.6|3.5|1.5|0.3|1.4|3.8|16.7
9|1995-96|30.0|MIA|NBA|SF|44.0|13.0|1033.0|4.1|10.4|0.39399999999999996|1.3|3.2|0.418|2.8|7.2|0.38299999999999995|1.2|1.3|0.868|0.5|2.5|3.0|2.9|1.1|0.2|1.1|4.1|10.6
10|1995-96|30.0|SAC|NBA|SF|21.0|0.0|292.0|4.3|10.1|0.42700000000000005|0.7|2.8|0.261|3.6|7.3|0.49200000000000005|0.6|1.2|0.5|0.9|2.5|3.3|2.2|0.5|0.4|1.4|3.5|10.0
11|1996-97|31.0|SAC|NBA|SF|62.0|2.0|953.0|4.6|10.8|0.43|2.0|4.2|0.48200000000000004|2.6|6.6|0.397|0.3|0.4|0.7|0.5|3.6|4.0|2.9|0.8|0.6|1.0|2.9|11.6
