|Season|Age|Tm|Lg|Pos|G|GS|MP|FG|FGA|FG%|3P|3PA|3P%|2P|2PA|2P%|FT|FTA|FT%|ORB|DRB|TRB|AST|STL|BLK|TOV|PF|PTS|ORtg|DRtg
0|1996-97|22.0|TOR|NBA|C|63.0|38.0|1897.0|10.5|21.7|0.48200000000000004|0.1|0.4|0.14300000000000002|10.4|21.3|0.488|5.1|7.4|0.693|3.7|7.3|11.0|2.7|1.8|3.6|3.7|6.0|26.1|103.0|105.0
1|1997-98|23.0|TOR|NBA|C|63.0|58.0|2002.0|8.0|19.3|0.41200000000000003|0.0|0.1|0.0|8.0|19.3|0.413|3.9|6.3|0.611|5.3|6.8|12.1|2.9|1.8|6.0|3.5|5.2|19.8|94.0|107.0
2|1998-99|24.0|NYK|NBA|C|46.0|0.0|945.0|8.0|15.3|0.521|0.0|0.0||8.0|15.3|0.521|3.3|6.0|0.5529999999999999|6.0|8.8|14.8|0.7|1.7|4.3|2.3|7.7|19.2|108.0|93.0
3|1999-00|25.0|NYK|NBA|C|59.0|11.0|1548.0|7.9|16.4|0.48|0.0|0.1|0.5|7.8|16.3|0.48|5.1|7.7|0.67|6.1|10.0|16.0|1.7|1.5|4.0|2.5|7.1|20.9|109.0|96.0
4|2000-01|26.0|NYK|NBA|C|63.0|63.0|2127.0|7.9|15.1|0.524|0.0|0.2|0.125|7.9|14.9|0.53|3.9|5.9|0.667|5.1|13.7|18.8|1.4|1.7|3.5|1.6|5.3|19.8|116.0|91.0
5|2001-02|27.0|NYK|NBA|C|29.0|29.0|1007.0|6.9|15.4|0.44799999999999995|0.0|0.1|0.0|6.9|15.4|0.45|3.3|5.3|0.626|4.7|12.4|17.1|1.8|1.8|2.7|2.2|5.7|17.1|100.0|100.0
6|2002-03|28.0|DEN|NBA|C|29.0|9.0|616.0|8.0|19.4|0.41|0.2|0.4|0.4|7.8|19.0|0.41|2.8|4.3|0.66|6.4|11.4|17.8|4.0|1.7|3.4|2.3|5.9|18.9|99.0|96.0
7|2003-04|29.0|DEN|NBA|C|72.0|72.0|2162.0|6.2|13.1|0.47700000000000004|0.0|0.0|0.0|6.2|13.0|0.479|2.3|3.2|0.721|5.0|12.3|17.3|3.1|2.0|4.4|2.3|5.7|14.8|108.0|95.0
8|2004-05|30.0|DEN|NBA|C|66.0|66.0|2015.0|7.1|15.3|0.465|0.0|0.1|0.0|7.1|15.2|0.46799999999999997|3.2|4.4|0.723|3.3|13.5|16.8|3.9|1.6|5.1|2.6|4.5|17.4|103.0|96.0
9|2005-06|31.0|DEN|NBA|C|56.0|54.0|1857.0|8.3|17.9|0.465|0.0|0.3|0.091|8.3|17.6|0.47200000000000003|3.1|4.3|0.7120000000000001|3.6|14.7|18.4|3.2|2.2|5.1|2.5|4.3|19.7|102.0|95.0
10|2006-07|32.0|DEN|NBA|C|70.0|70.0|2369.0|6.5|13.7|0.473|0.0|0.0|0.0|6.5|13.7|0.475|3.3|4.6|0.7290000000000001|3.4|13.6|17.0|4.6|1.8|4.8|2.5|3.8|16.3|109.0|97.0
11|2007-08|33.0|DEN|NBA|C|79.0|79.0|2758.0|5.0|11.1|0.45|0.1|0.3|0.3|4.9|10.7|0.455|2.5|3.5|0.708|4.0|14.1|18.1|4.5|1.5|5.0|2.1|3.8|12.6|110.0|98.0
12|2008-09|34.0|LAC|NBA|C|62.0|55.0|1925.0|6.9|13.4|0.512|0.0|0.1|0.25|6.9|13.3|0.514|3.6|4.9|0.725|4.4|14.3|18.7|3.4|1.4|3.6|2.5|3.5|17.4|112.0|104.0
14|2009-10|35.0|LAC|NBA|PF|51.0|51.0|1596.0|5.4|11.6|0.466|0.1|0.2|0.33299999999999996|5.3|11.4|0.469|1.9|3.0|0.659|5.4|14.6|20.0|4.9|2.2|3.2|2.1|3.4|12.8|111.0|101.0
15|2009-10|35.0|POR|NBA|C|23.0|23.0|718.0|5.5|11.0|0.49700000000000005|0.0|0.1|0.0|5.5|11.0|0.5|1.4|2.4|0.581|6.3|13.1|19.4|2.7|2.0|3.6|2.1|4.3|12.3|113.0|99.0
16|2010-11|36.0|POR|NBA|C|59.0|51.0|1540.0|4.1|10.4|0.39799999999999996|0.0|0.0|0.0|4.1|10.4|0.39899999999999997|1.5|2.5|0.614|6.5|15.0|21.5|4.3|1.4|3.3|2.2|5.0|9.8|105.0|100.0
18|2011-12|37.0|POR|NBA|C|40.0|40.0|894.0|3.9|9.5|0.41600000000000004|0.0|0.0||3.9|9.5|0.41600000000000004|1.1|2.2|0.474|6.2|14.7|20.8|4.4|1.9|3.3|2.8|5.2|8.9|100.0|98.0
19|2011-12|37.0|HOU|NBA|C|19.0|13.0|458.0|7.0|14.4|0.484|0.2|0.6|0.4|6.7|13.8|0.488|1.3|3.0|0.423|5.9|14.2|20.1|3.7|1.9|3.3|1.1|4.3|15.4|115.0|97.0
20|2012-13|38.0|NYK|NBA|PF|24.0|4.0|250.0|3.6|11.3|0.321|0.0|0.0||3.6|11.3|0.321|1.7|4.1|0.42100000000000004|5.1|12.0|17.1|3.0|1.5|3.0|3.2|6.0|9.0|82.0|101.0
