|Season|Age|Tm|Lg|Pos|G|GS|MP|FG|FGA|FG%|3P|3PA|3P%|2P|2PA|2P%|eFG%|FT|FTA|FT%|ORB|DRB|TRB|AST|STL|BLK|TOV|PF|PTS
0|1996-97|22.0|TOR|NBA|C|63.0|38.0|1897.0|375.0|778.0|0.48200000000000004|2.0|14.0|0.14300000000000002|373.0|764.0|0.488|0.483|183.0|264.0|0.693|131.0|263.0|394.0|97.0|66.0|130.0|134.0|214.0|935.0
1|1997-98|23.0|TOR|NBA|C|63.0|58.0|2002.0|308.0|747.0|0.41200000000000003|0.0|2.0|0.0|308.0|745.0|0.413|0.41200000000000003|149.0|244.0|0.611|203.0|263.0|466.0|111.0|68.0|230.0|134.0|200.0|765.0
2|1998-99|24.0|NYK|NBA|C|46.0|0.0|945.0|136.0|261.0|0.521|0.0|0.0||136.0|261.0|0.521|0.521|57.0|103.0|0.5529999999999999|102.0|151.0|253.0|12.0|29.0|74.0|39.0|131.0|329.0
3|1999-00|25.0|NYK|NBA|C|59.0|11.0|1548.0|226.0|471.0|0.48|1.0|2.0|0.5|225.0|469.0|0.48|0.48100000000000004|148.0|221.0|0.67|174.0|287.0|461.0|49.0|43.0|116.0|72.0|204.0|601.0
4|2000-01|26.0|NYK|NBA|C|63.0|63.0|2127.0|304.0|580.0|0.524|1.0|8.0|0.125|303.0|572.0|0.53|0.525|150.0|225.0|0.667|196.0|527.0|723.0|52.0|66.0|136.0|63.0|205.0|759.0
5|2001-02|27.0|NYK|NBA|C|29.0|29.0|1007.0|130.0|290.0|0.44799999999999995|0.0|1.0|0.0|130.0|289.0|0.45|0.44799999999999995|62.0|99.0|0.626|89.0|233.0|322.0|33.0|34.0|50.0|42.0|107.0|322.0
6|2002-03|28.0|DEN|NBA|C|29.0|9.0|616.0|93.0|227.0|0.41|2.0|5.0|0.4|91.0|222.0|0.41|0.414|33.0|50.0|0.66|75.0|133.0|208.0|47.0|20.0|40.0|27.0|69.0|221.0
7|2003-04|29.0|DEN|NBA|C|72.0|72.0|2162.0|262.0|549.0|0.47700000000000004|0.0|2.0|0.0|262.0|547.0|0.479|0.47700000000000004|98.0|136.0|0.721|211.0|516.0|727.0|132.0|86.0|187.0|98.0|239.0|622.0
8|2004-05|30.0|DEN|NBA|C|66.0|66.0|2015.0|279.0|600.0|0.465|0.0|4.0|0.0|279.0|596.0|0.46799999999999997|0.465|125.0|173.0|0.723|131.0|530.0|661.0|152.0|61.0|199.0|103.0|177.0|683.0
9|2005-06|31.0|DEN|NBA|C|56.0|54.0|1857.0|302.0|649.0|0.465|1.0|11.0|0.091|301.0|638.0|0.47200000000000003|0.466|111.0|156.0|0.7120000000000001|132.0|536.0|668.0|115.0|79.0|184.0|92.0|158.0|716.0
10|2006-07|32.0|DEN|NBA|C|70.0|70.0|2369.0|312.0|659.0|0.473|0.0|2.0|0.0|312.0|657.0|0.475|0.473|161.0|221.0|0.7290000000000001|164.0|652.0|816.0|223.0|87.0|231.0|122.0|183.0|785.0
11|2007-08|33.0|DEN|NBA|C|79.0|79.0|2758.0|286.0|635.0|0.45|6.0|20.0|0.3|280.0|615.0|0.455|0.455|143.0|202.0|0.708|230.0|807.0|1037.0|259.0|85.0|285.0|118.0|216.0|721.0
12|2008-09|34.0|LAC|NBA|C|62.0|55.0|1925.0|254.0|496.0|0.512|1.0|4.0|0.25|253.0|492.0|0.514|0.513|132.0|182.0|0.725|161.0|529.0|690.0|127.0|51.0|132.0|93.0|129.0|641.0
14|2009-10|35.0|LAC|NBA|PF|51.0|51.0|1596.0|166.0|356.0|0.466|2.0|6.0|0.33299999999999996|164.0|350.0|0.469|0.469|60.0|91.0|0.659|166.0|450.0|616.0|151.0|69.0|99.0|64.0|105.0|394.0
15|2009-10|35.0|POR|NBA|C|23.0|23.0|718.0|72.0|145.0|0.49700000000000005|0.0|1.0|0.0|72.0|144.0|0.5|0.49700000000000005|18.0|31.0|0.581|83.0|172.0|255.0|35.0|26.0|47.0|27.0|56.0|162.0
16|2010-11|36.0|POR|NBA|C|59.0|51.0|1540.0|117.0|294.0|0.39799999999999996|0.0|1.0|0.0|117.0|293.0|0.39899999999999997|0.39799999999999996|43.0|70.0|0.614|182.0|424.0|606.0|121.0|40.0|92.0|62.0|140.0|277.0
18|2011-12|37.0|POR|NBA|C|40.0|40.0|894.0|67.0|161.0|0.41600000000000004|0.0|0.0||67.0|161.0|0.41600000000000004|0.41600000000000004|18.0|38.0|0.474|105.0|249.0|354.0|75.0|33.0|56.0|47.0|88.0|152.0
19|2011-12|37.0|HOU|NBA|C|19.0|13.0|458.0|61.0|126.0|0.484|2.0|5.0|0.4|59.0|121.0|0.488|0.49200000000000005|11.0|26.0|0.423|52.0|124.0|176.0|32.0|17.0|29.0|10.0|38.0|135.0
20|2012-13|38.0|NYK|NBA|PF|24.0|4.0|250.0|17.0|53.0|0.321|0.0|0.0||17.0|53.0|0.321|0.321|8.0|19.0|0.42100000000000004|24.0|56.0|80.0|14.0|7.0|14.0|15.0|28.0|42.0
