|Season|Age|Tm|Lg|Pos|G|GS|MP|FG|FGA|FG%|3P|3PA|3P%|2P|2PA|2P%|FT|FTA|FT%|ORB|DRB|TRB|AST|STL|BLK|TOV|PF|PTS
0|1971-72|21.0|KEN|ABA|SG|78.0||1701.0|4.3|9.5|0.45|0.0|0.1|0.0|4.3|9.4|0.45299999999999996|2.0|3.0|0.679|2.1|3.6|5.7|4.2|||2.4|4.4|10.5
1|1972-73|22.0|KEN|ABA|PG|81.0||1854.0|4.2|9.0|0.47100000000000003|0.0|0.1|0.16699999999999998|4.2|8.9|0.475|1.9|2.8|0.6990000000000001|1.5|3.2|4.7|4.8|2.5||2.1|4.0|10.4
3|1973-74|23.0|KEN|ABA|SG|48.0||1591.0|4.5|10.3|0.441|0.0|0.2|0.182|4.5|10.0|0.447|1.7|2.4|0.731|1.3|3.6|4.9|4.5|2.4|1.1|2.8|3.6|10.8
4|1973-74|23.0|NYA|ABA|PG|32.0||904.0|4.5|10.6|0.429|0.0|0.2|0.0|4.5|10.4|0.43799999999999994|1.2|1.4|0.8059999999999999|2.0|4.1|6.1|4.9|2.4|1.4|2.1|3.3|10.2
5|1974-75|24.0|NYA|ABA|PG|72.0||1624.0|5.1|10.9|0.46299999999999997|0.2|0.5|0.304|4.9|10.4|0.47100000000000003|1.6|2.0|0.7909999999999999|2.2|3.1|5.2|3.7|2.0|1.0|2.5|2.9|11.9
6|1975-76|25.0|SAA|ABA|SG|78.0||1782.0|4.6|10.2|0.455|0.1|0.3|0.17600000000000002|4.6|9.9|0.46399999999999997|1.3|1.6|0.8|1.0|3.2|4.2|4.9|2.5|0.8|2.9|2.9|10.6
7|1976-77|26.0|SAS|NBA|SG|82.0||2598.0|4.9|10.4|0.46799999999999997||||4.9|10.4|0.46799999999999997|1.9|2.3|0.82|0.7|3.0|3.8|6.6|2.6|0.7||3.1|11.7
8|1977-78|27.0|SAS|NBA|SG|70.0||2091.0|4.7|10.0|0.473||||4.7|10.0|0.473|1.5|1.7|0.87|1.0|2.9|3.8|6.5|2.7|0.4|3.0|2.9|11.0
9|1978-79|28.0|SAS|NBA|SG|82.0||2121.0|4.8|10.4|0.46399999999999997||||4.8|10.4|0.46399999999999997|1.5|1.8|0.843|0.7|2.5|3.2|6.3|2.6|0.7|2.6|3.3|11.2
10|1979-80|29.0|SAS|NBA|PG|67.0||1474.0|4.2|9.2|0.45399999999999996|0.0|0.3|0.154|4.1|8.9|0.46399999999999997|2.4|2.9|0.8079999999999999|0.8|2.9|3.7|7.6|3.0|0.3|2.8|3.3|10.8
12|1980-81|30.0|SAS|NBA|PG|35.0||636.0|4.9|9.3|0.524|0.1|0.2|0.33299999999999996|4.8|9.1|0.528|1.1|1.5|0.731|0.4|2.5|2.9|5.6|3.1|0.1|2.2|3.2|10.9
13|1980-81|30.0|POR|NBA|PG|42.0||476.0|5.4|11.0|0.49|0.1|0.3|0.25|5.3|10.7|0.496|2.7|3.2|0.857|0.7|2.9|3.6|5.3|2.9|0.4|2.9|4.6|13.5
14|1981-82|31.0|GSW|NBA|PG|75.0|70.0|1793.0|3.7|7.5|0.496|0.0|0.1|0.0|3.7|7.4|0.503|1.0|1.3|0.785|0.7|3.1|3.8|5.2|2.4|0.6|2.5|3.5|8.5
