|Season|Age|Tm|Lg|MP|FG|FGA|3P|3PA|2P|2PA|FT|FTA|ORB|DRB|TRB|AST|STL|BLK|TOV|PF|PTS|GmSc
0|1982-83|23.0|GSW|NBA||6|10|0||6||7|8|||9|12|||||16|
1|1983-84|24.0|GSW|NBA||10|17|1|2.0|10|17.0|10|13|5.0|6.0|9|12|6.0|2.0|5.0|6.0|24|25.9
2|1984-85|25.0|GSW|NBA||10|15|1|2.0|10|13.0|11|12|5.0|6.0|9|10|6.0|2.0|6.0|6.0|21|21.6
3|1985-86|26.0|GSW|NBA||5|9|1|2.0|4|8.0|5|6|3.0|5.0|7|5|3.0|1.0|3.0|3.0|11|11.1
4|1987-88|28.0|HOU|NBA||4|8|0|2.0|4|7.0|3|4|2.0|2.0|3|10|5.0|1.0|5.0|4.0|8|11.4
5|1988-89|29.0|NJN|NBA||8|15|2|3.0|8|14.0|8|10|4.0|9.0|13|18|8.0|1.0|7.0|6.0|20|24.2
6|1989-90|30.0|NJN|NBA||8|15|1|2.0|8|15.0|9|10|4.0|8.0|10|10|7.0|1.0|5.0|5.0|18|20.6
8|1990-91|31.0|NJN|NBA||6|13|0|1.0|6|13.0|4|4|1.0|5.0|5|12|5.0|1.0|4.0|4.0|13|13.4
9|1990-91|31.0|MIL|NBA||4|11|0|1.0|4|11.0|5|6|1.0|5.0|5|18|7.0|1.0|3.0|3.0|13|20.0
10|1991-92|32.0|MIL|NBA||6|11|0|2.0|6|11.0|5|7|3.0|5.0|7|10|7.0|2.0|5.0|5.0|15|18.0
11|1992-93|33.0|LAC|NBA||3|6|0|0.0|3|6.0|5|6|4.0|7.0|8|6|4.0|2.0|4.0|4.0|11|14.0
12|1993-94|34.0|IND|NBA||3|8|0|1.0|3|8.0|1|2|3.0|3.0|5|7|4.0|1.0|3.0|3.0|7|8.0
13|1994-95|35.0|LAL|NBA||0|0|0|0.0|0|0.0|2|2|0.0|0.0|0|0|1.0|0.0|0.0|3.0|2|1.8
