player_id|Rk|Unnamed: 1|Age|G|MP|PER|TS%|3PAr|FTr|ORB%|DRB%|TRB%|AST%|STL%|BLK%|TOV%|USG%|Unnamed: 17|OWS|DWS|WS|WS/48|Unnamed: 22|OBPM|DBPM|BPM|VORP|player_id
howarju01|1|Juwan Howard|23|82|3324|16.1|0.529|0.002|0.29600000000000004|7.2|15.6|11.5|15.2|1.5|0.5|14.2|23.4||3.3|3.7|7.0|0.10099999999999999||0.0|0.5|0.5|2.1|howarju01
stricro02|2|Rod Strickland|30|82|2997|19.7|0.5329999999999999|0.07|0.45|3.8|9.2|6.5|38.1|2.5|0.3|16.9|23.9||5.5|3.3|8.8|0.141||2.2|-0.3|1.9|2.9|stricro02
webbech01|3|Chris Webber|23|72|2806|21.8|0.5539999999999999|0.129|0.268|10.1|20.8|15.5|19.9|2.3|3.7|15.0|24.6||4.3|5.0|9.3|0.159||2.9|3.7|6.6|6.1|webbech01
cheanca01|4|Calbert Cheaney|25|79|2411|11.1|0.53|0.040999999999999995|0.188|3.4|9.5|6.5|7.2|1.7|0.6|10.6|16.5||1.6|2.2|3.9|0.077||-1.7|-0.1|-1.7|0.2|cheanca01
muresgh01|5|Gheorghe Mureșan|25|73|1849|16.7|0.618|0.0|0.368|9.1|21.2|15.2|2.5|1.2|3.9|15.7|18.1||2.5|2.9|5.3|0.139||-1.7|0.4|-1.3|0.3|muresgh01
murratr01|6|Tracy Murray|25|82|1814|14.6|0.546|0.442|0.237|5.5|10.7|8.2|6.6|2.0|0.8|10.3|20.7||2.4|1.9|4.4|0.11599999999999999||0.9|-1.4|-0.5|0.7|murratr01
grantha01|7|Harvey Grant|31|78|1604|8.8|0.47700000000000004|0.28300000000000003|0.124|4.7|13.9|9.3|5.8|1.5|2.2|8.3|10.1||0.8|1.9|2.7|0.081||-2.4|1.5|-0.9|0.4|grantha01
jacksja01|8|Jaren Jackson|29|75|1133|10.1|0.52|0.48|0.21|3.2|10.3|6.8|8.3|2.1|1.1|14.3|16.6||0.3|1.3|1.6|0.067||-1.5|-0.5|-1.9|0.0|jacksja01
whitnch01|9|Chris Whitney|25|82|1117|15.2|0.5660000000000001|0.494|0.342|1.4|9.4|5.4|23.8|2.3|0.3|15.2|18.0||2.0|1.2|3.2|0.13699999999999998||1.0|-1.7|-0.7|0.4|whitnch01
willilo01|10|Lorenzo Williams|27|19|264|8.0|0.66|0.0|0.226|12.6|17.9|15.3|2.1|1.2|2.3|34.6|8.9||0.1|0.3|0.4|0.07400000000000001||-3.2|0.6|-2.6|0.0|willilo01
wallabe01|11|Ben Wallace|22|34|197|6.0|0.34700000000000003|0.0|0.435|15.1|19.3|17.2|1.4|2.1|4.2|24.7|16.6||-0.6|0.3|-0.2|-0.052000000000000005||-8.6|0.5|-8.1|-0.3|wallabe01
legleti01|12|Tim Legler|30|15|182|4.4|0.431|0.604|0.146|0.0|13.3|6.8|5.3|0.9|2.1|15.0|14.8||-0.2|0.2|0.0|-0.01||-5.2|-0.9|-6.1|-0.2|legleti01
amayaas01|13|Ashraf Amaya|25|31|144|8.8|0.382|0.025|0.7|15.7|26.4|21.1|2.9|2.5|1.6|16.0|19.4||-0.2|0.3|0.1|0.019||-7.0|-1.0|-8.1|-0.2|amayaas01
fishma01|14|Matt Fish|27|5|7|-3.7|0.33299999999999996|0.0|0.0|17.0|65.9|41.8|0.0|0.0|0.0|40.0|32.1||-0.1|0.0|0.0|-0.331||-25.0|-10.2|-35.3|-0.1|fishma01
nickega01|15|Gaylon Nickerson|27|1|6|4.5|0.33299999999999996|0.33299999999999996|0.0|0.0|19.2|9.8|0.0|8.7|0.0|25.0|30.0||0.0|0.0|0.0|-0.22899999999999998||-14.2|-0.1|-14.3|0.0|nickega01
