player_id|Rk|Unnamed: 1|Age|G|GS|MP|FG|FGA|FG%|3P|3PA|3P%|2P|2PA|2P%|FT|FTA|FT%|ORB|DRB|TRB|AST|STL|BLK|TOV|PF|PTS|player_id
roundda01|1|Dan Roundfield|29|77|76|2811|7.2|15.3|0.47|0.1|0.3|0.185|7.1|14.9|0.47700000000000004|4.3|5.8|0.7490000000000001|3.3|8.0|11.3|2.9|0.8|1.5|3.1|3.1|18.7|roundda01
wilkido01|2|Dominique Wilkins|23|82|82|2697|8.0|16.3|0.493|0.0|0.1|0.182|8.0|16.1|0.495|3.1|4.5|0.682|3.0|3.4|6.4|1.7|1.1|0.8|2.4|2.8|19.1|wilkido01
rollitr01|3|Tree Rollins|27|80|80|2472|3.8|7.5|0.51|0.0|0.0|0.0|3.8|7.4|0.511|1.4|2.0|0.726|3.1|7.8|10.8|1.1|0.7|5.0|1.4|4.3|9.0|rollitr01
johnsed02|4|Eddie Johnson|27|61|57|1813|7.7|17.0|0.45299999999999996|0.3|0.8|0.341|7.4|16.2|0.45899999999999996|3.7|4.7|0.785|0.5|1.9|2.5|6.3|1.2|0.1|3.1|2.7|19.4|johnsed02
sparrro01|5|Rory Sparrow|24|49|49|1548|6.1|11.9|0.516|0.1|0.3|0.2|6.1|11.6|0.525|2.0|2.6|0.743|0.9|2.4|3.3|5.5|1.6|0.0|2.9|3.8|14.3|sparrro01
davisjo01|6|Johnny Davis|27|53|33|1465|6.3|13.9|0.455|0.1|0.4|0.278|6.2|13.5|0.461|4.0|5.1|0.7959999999999999|0.9|2.2|3.1|7.7|1.1|0.2|2.8|2.5|16.8|davisjo01
mcmilto01|7|Tom McMillen|30|61|4|1364|5.2|11.2|0.467|0.0|0.0|0.0|5.2|11.2|0.46799999999999997|2.9|3.5|0.812|1.5|4.2|5.7|2.0|0.4|0.6|2.1|3.8|13.3|mcmilto01
matthwe01|8|Wes Matthews|23|64|0|1187|5.2|12.9|0.40299999999999997|0.4|1.5|0.292|4.8|11.4|0.418|2.6|3.4|0.768|0.8|2.0|2.8|7.6|1.8|0.2|3.7|3.9|13.4|matthwe01
macklru01|9|Rudy Macklin|24|73|20|1171|5.2|11.1|0.47200000000000003|0.0|0.1|0.0|5.2|10.9|0.478|3.1|4.0|0.7709999999999999|2.6|3.2|5.8|2.2|1.3|0.3|2.7|5.8|13.6|macklru01
glennmi01|10|Mike Glenn|27|73|4|1124|7.4|14.2|0.518|0.0|0.0|0.0|7.4|14.2|0.519|2.4|2.9|0.831|0.5|2.4|2.9|4.0|1.0|0.3|1.7|4.2|17.1|glennmi01
hawesst01|11|Steve Hawes|32|46|3|860|3.8|10.2|0.373|0.1|0.6|0.14300000000000002|3.7|9.6|0.387|1.9|2.6|0.742|2.2|7.3|9.5|2.5|1.2|0.3|3.1|4.6|9.6|hawesst01
johnsge02|12|George Johnson|34|37|0|461|2.0|4.5|0.439|0.0|0.0||2.0|4.5|0.439|1.1|1.5|0.737|3.4|5.7|9.1|1.3|0.8|4.6|1.5|5.4|5.0|johnsge02
edmonke01|13|Keith Edmonson|22|32|2|309|5.6|16.2|0.345|0.0|0.2|0.0|5.6|16.0|0.35|1.9|3.1|0.593|2.3|2.2|4.5|2.6|1.3|0.7|2.3|4.8|13.0|edmonke01
brownri01|14|Rickey Brown|24|26|0|305|5.8|12.3|0.47100000000000003|0.0|0.1|0.0|5.8|12.2|0.47600000000000003|3.0|4.7|0.625|4.1|6.3|10.4|1.1|0.6|0.6|2.6|5.4|14.5|brownri01
smithra01|15|Randy Smith|34|15|0|142|7.4|16.7|0.439|0.0|0.5|0.0|7.4|16.2|0.45299999999999996|3.3|3.5|0.929|0.5|1.5|2.0|3.5|0.5|0.0|2.3|4.3|18.0|smithra01
hastisc01|16|Scott Hastings|22|10|0|42|4.3|13.7|0.313|0.0|1.7|0.0|4.3|12.0|0.35700000000000004|3.4|5.1|0.667|4.3|4.3|8.6|1.7|0.9|0.9|2.6|2.6|12.0|hastisc01
pellosa01|17|Sam Pellom|31|2|0|9|8.0|24.0|0.33299999999999996|0.0|0.0||8.0|24.0|0.33299999999999996|0.0|0.0||0.0|0.0|0.0|4.0|0.0|0.0|0.0|0.0|16.0|pellosa01
