|Season|Age|Tm|Lg|MP|FG|FGA|3P|3PA|2P|2PA|FT|FTA|ORB|DRB|TRB|AST|STL|BLK|TOV|PF|PTS|GmSc
0|1974-75|22.0|POR|NBA||10|18.0|||||9|13|7.0|20.0|25.0|14.0|3.0|9.0||6.0|25|
1|1975-76|23.0|POR|NBA||17|24.0|||||10|15|7.0|22.0|26.0|10.0|4.0|4.0||6.0|36|
2|1976-77|24.0|POR|NBA||13|24.0|||||10|17|9.0|18.0|26.0|9.0|4.0|9.0||6.0|30|
3|1977-78|25.0|POR|NBA||15|31.0|||||12|14|6.0|20.0|26.0|10.0|4.0|8.0|8.0|6.0|34|30.6
4|1979-80|27.0|SDC|NBA||10||0.0|0.0|||8|10|||||||||23|
5|1982-83|30.0|SDC|NBA||14|20.0|0.0||14.0||5|8|||||||||30|
6|1983-84|31.0|SDC|NBA||10|20.0|0.0|1.0|10.0|20.0|7|8|8.0|17.0|19.0|10.0|4.0|5.0|7.0|6.0|25|26.2
7|1984-85|32.0|LAC|NBA||9|16.0|0.0|1.0|9.0|16.0|8|11|9.0|16.0|18.0|6.0|6.0|7.0|8.0|5.0|23|22.7
8|1985-86|33.0|BOS|NBA||8|13.0|0.0|0.0|8.0|13.0|8|10|6.0|14.0|17.0|6.0|2.0|7.0|7.0|6.0|22|24.2
9|1986-87|34.0|BOS|NBA||2|5.0|0.0|0.0|2.0|5.0|5|7|4.0|5.0|6.0|3.0|2.0|3.0|3.0|4.0|9|7.2
