|Season|Age|Tm|Lg|Pos|G|MP|PER|TS%|3PAr|FTr|ORB%|DRB%|TRB%|AST%|STL%|BLK%|TOV%|USG%|OWS|DWS|WS|WS/48|OBPM|DBPM|BPM|VORP
0|1983-84|22.0|ATL|NBA|PG|81.0|1938.0|14.9|0.5529999999999999|0.022000000000000002|0.601|4.2|8.9|6.5|23.7|3.3|0.9|20.3|19.1|1.6|2.6|4.2|0.10300000000000001|0.5|1.3|1.8|1.8
1|1984-85|23.0|ATL|NBA|PG|69.0|2126.0|18.1|0.561|0.051|0.539|3.5|7.5|5.5|27.2|3.7|1.4|16.9|20.2|3.4|3.0|6.3|0.14300000000000002|2.3|1.6|3.9|3.2
2|1985-86|24.0|ATL|NBA|PG|53.0|1571.0|17.4|0.52|0.034|0.61|3.5|7.9|5.7|38.6|3.7|0.5|19.3|19.0|1.9|2.2|4.2|0.128|2.0|1.1|3.1|2.0
3|1986-87|25.0|ATL|NBA|PG|82.0|2590.0|19.9|0.5529999999999999|0.027999999999999997|0.5820000000000001|3.5|9.0|6.2|43.0|3.3|0.7|18.6|18.6|6.4|3.9|10.3|0.191|3.5|1.3|4.7|4.4
4|1987-88|26.0|ATL|NBA|PG|80.0|2502.0|20.4|0.527|0.037000000000000005|0.473|3.7|12.7|8.1|42.1|2.8|1.0|16.3|21.6|5.1|3.2|8.3|0.159|3.6|1.3|4.9|4.3
5|1988-89|27.0|ATL|NBA|PG|76.0|2462.0|18.4|0.5479999999999999|0.152|0.35200000000000004|3.9|8.9|6.3|30.0|3.6|1.0|14.4|18.2|5.4|3.2|8.5|0.16699999999999998|3.5|1.4|4.9|4.3
6|1989-90|28.0|ATL|NBA|PG|48.0|1526.0|17.2|0.539|0.138|0.354|3.5|11.9|7.6|23.9|3.8|0.9|15.0|17.9|2.5|1.5|4.0|0.126|2.5|1.6|4.1|2.4
7|1990-91|29.0|ATL|NBA|PG|79.0|2586.0|16.2|0.527|0.257|0.257|1.9|9.0|5.3|19.5|2.8|1.1|9.9|20.1|4.1|2.2|6.3|0.11599999999999999|2.1|0.0|2.2|2.7
8|1991-92|30.0|LAC|NBA|PG|59.0|1657.0|13.8|0.518|0.17300000000000001|0.368|1.5|8.4|4.9|19.9|3.3|0.7|12.9|18.3|1.5|2.4|3.9|0.113|-0.2|1.2|1.0|1.3
9|1992-93|31.0|NYK|NBA|PG|77.0|1886.0|14.6|0.534|0.249|0.32799999999999996|1.6|9.5|5.7|31.1|3.3|0.3|16.8|15.6|2.4|4.1|6.5|0.166|0.3|2.1|2.5|2.1
10|1993-94|32.0|NYK|NBA|PG|19.0|499.0|12.9|0.523|0.409|0.17300000000000001|0.9|7.8|4.4|29.7|2.6|0.7|17.5|14.5|0.6|0.9|1.5|0.146|-0.4|0.6|0.2|0.3
12|1994-95|33.0|NYK|NBA|PG|3.0|47.0|16.2|0.5329999999999999|0.385|0.846|5.2|16.9|11.2|25.4|4.5|0.0|18.3|21.3|0.1|0.1|0.2|0.17|0.3|2.4|2.7|0.1
13|1994-95|33.0|SAS|NBA|PG|60.0|942.0|12.0|0.47200000000000003|0.42200000000000004|0.24600000000000002|1.6|10.0|6.0|23.2|3.3|1.5|14.9|17.6|0.3|1.5|1.8|0.094|-0.8|1.4|0.6|0.6
14|1995-96|34.0|SAS|NBA|PG|78.0|1235.0|9.6|0.489|0.47200000000000003|0.221|2.8|9.4|6.2|14.1|3.0|1.2|15.2|13.7|0.2|2.0|2.2|0.087|-1.3|2.0|0.7|0.9
