player_id|Rk|Unnamed: 1|Age|G|GS|MP|FG|FGA|FG%|FT|FTA|FT%|ORB|DRB|TRB|AST|STL|BLK|PF|PTS/G|player_id
architi01|1|Tiny Archibald|27|78||40.8|9.2|20.3|0.45299999999999996|6.4|8.0|0.802|0.9|1.9|2.7|7.9|1.6|0.2|2.2|24.8|architi01
laceysa01|2|Sam Lacey|27|81||38.1|5.0|12.6|0.401|2.7|3.5|0.759|2.7|10.0|12.6|4.7|1.6|1.7|3.5|12.8|laceysa01
wedmasc01|3|Scott Wedman|23|82||36.2|6.6|14.4|0.456|2.3|3.0|0.78|2.4|5.0|7.4|2.4|1.3|0.4|3.4|15.5|wedmasc01
walkeji01|4|Jimmy Walker|31|73||34.1|6.3|13.0|0.483|3.2|3.7|0.865|0.7|1.8|2.4|2.4|1.2|0.2|2.5|15.7|walkeji01
johnsol01|5|Ollie Johnson|26|81||26.5|4.3|8.4|0.513|1.5|1.8|0.8390000000000001|1.4|3.0|4.4|1.8|0.8|0.5|2.7|10.1|johnsol01
mcneila01|6|Larry McNeill|25|82||19.7|3.6|7.4|0.484|2.5|3.3|0.758|1.9|4.3|6.2|0.9|0.6|0.4|3.0|9.7|mcneila01
robinbi01|7|Bill Robinzine|23|75||17.7|3.1|6.7|0.45899999999999996|1.9|2.6|0.732|1.7|3.0|4.7|0.8|1.1|0.1|3.9|8.0|robinbi01
hansegl01|8|Glenn Hansen|23|66||17.3|2.6|6.4|0.41200000000000003|1.3|1.8|0.726|1.2|1.7|2.8|1.0|0.7|0.2|2.2|6.5|hansegl01
guokama02|9|Matt Guokas|31|38||13.6|1.0|2.6|0.374|0.2|0.4|0.563|0.5|0.8|1.2|1.1|0.3|0.1|1.4|2.2|guokama02
dantomi01|10|Mike D'Antoni|24|9||11.2|0.8|3.0|0.259|0.2|0.2|1.0|0.4|1.1|1.6|1.8|1.1|0.0|2.0|1.8|dantomi01
kosmale01|11|Len Kosmalski|24|9||10.3|0.9|2.2|0.4|0.4|0.8|0.5710000000000001|1.0|1.8|2.8|1.3|0.3|0.4|1.2|2.2|kosmale01
winfile01|12|Lee Winfield|28|22||9.7|1.5|3.0|0.485|0.4|0.6|0.643|0.4|0.7|1.1|0.9|0.5|0.3|0.6|3.3|winfile01
roberri01|13|Rick Roberson|28|74||9.6|1.0|2.4|0.406|0.6|1.4|0.408|1.0|2.1|3.1|0.7|0.2|0.2|1.7|2.5|roberri01
bigelbo01|14|Bob Bigelow|22|31||5.3|0.5|1.5|0.34|0.8|1.1|0.727|0.3|0.6|0.9|0.3|0.1|0.0|0.6|1.8|bigelbo01
