|Season|Age|Tm|Lg|Pos|G|GS|MP|FG|FGA|FG%|FT|FTA|FT%|ORB|DRB|TRB|AST|STL|BLK|PF|PTS
0|1961-62|22.0|CHP|NBA|C|79.0||3344.0|973.0|1875.0|0.519|549.0|853.0|0.644|||1500.0|210.0|||281.0|2495.0
1|1962-63|23.0|CHZ|NBA|C|80.0||3306.0|840.0|1595.0|0.527|553.0|821.0|0.674|||1309.0|233.0|||283.0|2233.0
2|1963-64|24.0|BAL|NBA|C|80.0||3394.0|811.0|1582.0|0.513|537.0|825.0|0.6509999999999999|||1361.0|126.0|||300.0|2159.0
3|1964-65|25.0|BAL|NBA|C|80.0||3301.0|733.0|1441.0|0.509|515.0|752.0|0.685|||1166.0|191.0|||260.0|1981.0
5|1965-66|26.0|BAL|NBA|C|8.0||268.0|56.0|124.0|0.452|40.0|67.0|0.597|||102.0|18.0|||32.0|152.0
6|1965-66|26.0|NYK|NBA|C|72.0||3084.0|639.0|1249.0|0.512|390.0|622.0|0.627|||1152.0|217.0|||262.0|1668.0
7|1966-67|27.0|NYK|NBA|C|79.0||3010.0|565.0|1084.0|0.521|369.0|580.0|0.636|||1064.0|206.0|||275.0|1499.0
8|1967-68|28.0|NYK|NBA|C|82.0||2695.0|511.0|944.0|0.541|350.0|529.0|0.662|||961.0|164.0|||259.0|1372.0
10|1968-69|29.0|NYK|NBA|C|35.0||1136.0|204.0|402.0|0.507|125.0|202.0|0.619|||385.0|77.0|||123.0|533.0
11|1968-69|29.0|DET|NBA|C|53.0||2023.0|359.0|701.0|0.512|276.0|416.0|0.6629999999999999|||716.0|99.0|||197.0|994.0
13|1969-70|30.0|DET|NBA|C|56.0||1173.0|210.0|384.0|0.547|140.0|249.0|0.562|||397.0|55.0|||163.0|560.0
14|1969-70|30.0|ATL|NBA|C|23.0||855.0|141.0|287.0|0.491|75.0|124.0|0.605|||310.0|88.0|||97.0|357.0
15|1970-71|31.0|ATL|NBA|C|82.0||2908.0|433.0|879.0|0.493|336.0|556.0|0.604|||1060.0|230.0|||271.0|1202.0
16|1971-72|32.0|ATL|NBA|C|82.0||3187.0|593.0|1089.0|0.545|340.0|581.0|0.585|||1049.0|262.0|||255.0|1526.0
17|1972-73|33.0|ATL|NBA|C|74.0||2802.0|455.0|901.0|0.505|283.0|526.0|0.5379999999999999|||964.0|179.0|||244.0|1193.0
18|1973-74|34.0|ATL|NBA|C|77.0||2440.0|389.0|801.0|0.486|233.0|383.0|0.608|264.0|476.0|740.0|189.0|52.0|48.0|232.0|1011.0
19|1974-75|35.0|NOJ|NBA|C|1.0||14.0|2.0|2.0|1.0|2.0|2.0|1.0|0.0|5.0|5.0|0.0|0.0|0.0|2.0|6.0
