|Season|Age|Tm|Lg|Pos|G|GS|MP|FG|FGA|FG%|3P|3PA|3P%|2P|2PA|2P%|eFG%|FT|FTA|FT%|ORB|DRB|TRB|AST|BLK|TOV|PF|PTS
0|1961-62|23.0|DET|NBA|PF|75.0||27.8|4.9|12.7|0.387||||4.9|12.7|0.387|0.387|3.4|5.2|0.657|||11.5|1.8|||3.1|13.3
1|1962-63|24.0|DET|NBA|PF|76.0||33.4|6.1|14.6|0.414||||6.1|14.6|0.414|0.414|4.1|6.0|0.674|||10.2|2.5|||3.5|16.2
2|1963-64|25.0|DET|NBA|PF|80.0||37.1|6.7|16.3|0.41200000000000003||||6.7|16.3|0.41200000000000003|0.41200000000000003|4.1|5.7|0.7190000000000001|||13.5|3.1|||3.7|17.6
3|1964-65|26.0|DET|NBA|PF|66.0||32.8|6.1|16.5|0.368||||6.1|16.5|0.368|0.368|3.3|4.8|0.701|||9.6|3.6|||3.2|15.5
4|1965-66|27.0|DET|NBA|PF|79.0||33.6|6.9|16.6|0.41600000000000004||||6.9|16.6|0.41600000000000004|0.41600000000000004|4.1|5.5|0.743|||9.6|3.0|||2.6|17.9
6|1966-67|28.0|DET|NBA|C|45.0||32.8|5.6|15.1|0.37||||5.6|15.1|0.37|0.37|3.5|4.6|0.757|||9.0|1.9|||2.9|14.7
7|1966-67|28.0|BAL|NBA|PF|27.0||35.9|7.6|17.1|0.445||||7.6|17.1|0.445|0.445|3.7|5.9|0.625|||13.2|2.8|||3.1|19.0
8|1967-68|29.0|BAL|NBA|PF|81.0||36.1|6.0|14.7|0.41200000000000003||||6.0|14.7|0.41200000000000003|0.41200000000000003|4.3|5.5|0.779|||13.7|2.1|||3.1|16.4
9|1968-69|30.0|BAL|NBA|PF|82.0||26.4|4.7|11.3|0.41600000000000004||||4.7|11.3|0.41600000000000004|0.41600000000000004|2.4|3.1|0.759|||8.8|1.6|||2.6|11.8
10|1969-70|31.0|BAL|NBA|PF|73.0||19.1|3.5|8.3|0.425||||3.5|8.3|0.425|0.425|1.9|2.4|0.8029999999999999|||6.3|1.6|||2.0|8.9
11|1970-71|32.0|VIR|ABA|C|72.0||21.6|5.8|13.0|0.45|0.0|0.0|1.0|5.8|12.9|0.45|0.451|2.6|3.3|0.792|2.3|5.7|8.0|1.7||1.9|2.5|14.3
12|1971-72|33.0|VIR|ABA|PF|55.0||14.9|3.0|7.1|0.415|0.0|0.1|0.5|2.9|7.1|0.414|0.41700000000000004|1.6|2.1|0.7809999999999999|1.3|3.3|4.6|0.7||1.0|1.6|7.6
