|Season|Age|Tm|Lg|Pos|G|MP|FG%|Dist.|% of 2PA|% of 0-3|% of 3-10|% of 10-16|% of 16-3pt|% of 3P|2P %FG|0-3 %FG|3-10 %FG|10-16 %FG|16-3pt%FG|3P %FG|2P % Assisted|% of Dunks|Dunks Made|3P % Assisted|% of 3PA from Corner|Corner 3 %FG |Heaves Attempted|Heaves Made
0|2003-04|23.0|LAL|NBA|C|35.0|442.0|0.475|12.8|0.965|0.22|0.078|0.213|0.45399999999999996|0.035|0.493|0.677|0.273|0.433|0.469|0.0|0.821|0.064|8.0||0.2|0.0|0.0|0.0
1|2004-05|24.0|LAL|NBA|C|72.0|1087.0|0.41700000000000004|17.9|0.528|0.171|0.038|0.085|0.235|0.47200000000000003|0.439|0.528|0.43799999999999994|0.41700000000000004|0.384|0.392|0.745|0.019|7.0|0.9740000000000001|0.171|0.294|0.0|0.0
2|2005-06|25.0|LAL|NBA|PF|81.0|1535.0|0.511|14.1|0.836|0.249|0.057|0.131|0.39899999999999997|0.16399999999999998|0.527|0.591|0.517|0.418|0.525|0.429|0.764|0.057|25.0|1.0|0.071|0.33299999999999996|1.0|0.0
3|2006-07|26.0|LAL|NBA|PF|65.0|1018.0|0.45299999999999996|15.7|0.718|0.19399999999999998|0.055999999999999994|0.159|0.309|0.282|0.474|0.48100000000000004|0.478|0.523|0.444|0.4|0.698|0.015|5.0|1.0|0.13|0.4|0.0|0.0
5|2007-08|27.0|LAL|NBA|PF|6.0|70.0|0.19|15.3|0.524|0.19|0.19|0.095|0.048|0.47600000000000003|0.182|0.0|0.0|0.5|1.0|0.2|0.5|0.0|0.0|1.0|0.0||0.0|0.0
6|2007-08|27.0|ORL|NBA|PF|45.0|559.0|0.39399999999999996|18.0|0.507|0.16899999999999998|0.08|0.08|0.17800000000000002|0.493|0.39799999999999996|0.444|0.353|0.353|0.395|0.39|0.488|0.005|1.0|0.951|0.01|0.0|0.0|0.0
8|2008-09|28.0|ORL|NBA|PF|21.0|146.0|0.38299999999999995|18.1|0.583|0.15|0.033|0.11699999999999999|0.28300000000000003|0.41700000000000004|0.34299999999999997|0.222|0.5|0.429|0.353|0.44|0.5|0.0|0.0|1.0|0.0||0.0|0.0
9|2008-09|28.0|HOU|NBA|PF|9.0|25.0|0.313|14.2|0.688|0.25|0.125|0.0|0.313|0.313|0.273|0.25|0.5||0.2|0.4|0.0|0.125|1.0|1.0|0.0||0.0|0.0
10|2009-10|29.0|HOU|NBA|PF|15.0|44.0|0.304|15.7|0.609|0.261|0.0|0.174|0.174|0.391|0.35700000000000004|0.667||0.25|0.0|0.222|0.6|0.043|1.0|1.0|0.0||0.0|0.0
11|2010-11|30.0|LAC|NBA|PF|40.0|447.0|0.424|17.5|0.535|0.159|0.1|0.1|0.17600000000000002|0.465|0.418|0.667|0.294|0.17600000000000002|0.4|0.43|0.605|0.028999999999999998|5.0|0.941|0.08900000000000001|0.5710000000000001|0.0|0.0
13|2011-12|31.0|LAC|NBA|PF|16.0|121.0|0.22399999999999998|19.1|0.449|0.163|0.040999999999999995|0.102|0.14300000000000002|0.551|0.273|0.5|0.0|0.0|0.28600000000000003|0.185|1.0|0.0|0.0|1.0|0.037000000000000005|0.0|0.0|0.0
14|2011-12|31.0|WAS|NBA|PF|16.0|155.0|0.408|18.7|0.531|0.163|0.061|0.02|0.28600000000000003|0.469|0.5770000000000001|0.75|0.667|0.0|0.5|0.217|0.8|0.040999999999999995|2.0|1.0|0.0||0.0|0.0
