|Season|Age|Tm|Lg|Pos|G|GS|MP|FG|FGA|FG%|3P|3PA|3P%|2P|2PA|2P%|eFG%|FT|FTA|FT%|ORB|DRB|TRB|AST|STL|BLK|TOV|PF|PTS
0|2003-04|23.0|LAL|NBA|C|35.0|2.0|442.0|67.0|141.0|0.475|0.0|5.0|0.0|67.0|136.0|0.493|0.475|21.0|28.0|0.75|31.0|70.0|101.0|20.0|16.0|16.0|17.0|64.0|155.0
1|2004-05|24.0|LAL|NBA|C|72.0|0.0|1087.0|176.0|422.0|0.41700000000000004|78.0|199.0|0.392|98.0|223.0|0.439|0.509|28.0|37.0|0.757|63.0|153.0|216.0|35.0|23.0|26.0|29.0|139.0|458.0
2|2005-06|25.0|LAL|NBA|PF|81.0|46.0|1535.0|261.0|511.0|0.511|36.0|84.0|0.429|225.0|427.0|0.527|0.546|84.0|101.0|0.8320000000000001|88.0|186.0|274.0|74.0|37.0|32.0|61.0|205.0|642.0
3|2006-07|26.0|LAL|NBA|PF|65.0|24.0|1018.0|185.0|408.0|0.45299999999999996|46.0|115.0|0.4|139.0|293.0|0.474|0.51|34.0|47.0|0.723|61.0|154.0|215.0|65.0|25.0|27.0|51.0|134.0|450.0
5|2007-08|27.0|LAL|NBA|PF|6.0|2.0|70.0|4.0|21.0|0.19|2.0|10.0|0.2|2.0|11.0|0.182|0.23800000000000002|4.0|4.0|1.0|4.0|6.0|10.0|3.0|2.0|0.0|4.0|6.0|14.0
6|2007-08|27.0|ORL|NBA|PF|45.0|0.0|559.0|84.0|213.0|0.39399999999999996|41.0|105.0|0.39|43.0|108.0|0.39799999999999996|0.491|15.0|17.0|0.882|24.0|75.0|99.0|24.0|11.0|12.0|35.0|87.0|224.0
8|2008-09|28.0|ORL|NBA|PF|21.0|0.0|146.0|23.0|60.0|0.38299999999999995|11.0|25.0|0.44|12.0|35.0|0.34299999999999997|0.475|5.0|6.0|0.833|6.0|21.0|27.0|4.0|3.0|0.0|11.0|23.0|62.0
9|2008-09|28.0|HOU|NBA|PF|9.0|0.0|25.0|5.0|16.0|0.313|2.0|5.0|0.4|3.0|11.0|0.273|0.375|0.0|0.0||1.0|4.0|5.0|1.0|0.0|3.0|2.0|3.0|12.0
10|2009-10|29.0|HOU|NBA|PF|15.0|0.0|44.0|7.0|23.0|0.304|2.0|9.0|0.222|5.0|14.0|0.35700000000000004|0.348|5.0|7.0|0.7140000000000001|1.0|8.0|9.0|1.0|0.0|2.0|6.0|5.0|21.0
11|2010-11|30.0|LAC|NBA|PF|40.0|0.0|447.0|72.0|170.0|0.424|34.0|79.0|0.43|38.0|91.0|0.418|0.524|15.0|24.0|0.625|19.0|77.0|96.0|15.0|12.0|11.0|25.0|75.0|193.0
13|2011-12|31.0|LAC|NBA|PF|16.0|0.0|121.0|11.0|49.0|0.22399999999999998|5.0|27.0|0.185|6.0|22.0|0.273|0.276|4.0|4.0|1.0|4.0|19.0|23.0|2.0|2.0|4.0|4.0|26.0|31.0
14|2011-12|31.0|WAS|NBA|PF|16.0|0.0|155.0|20.0|49.0|0.408|5.0|23.0|0.217|15.0|26.0|0.5770000000000001|0.45899999999999996|5.0|6.0|0.833|6.0|34.0|40.0|8.0|4.0|1.0|7.0|22.0|50.0
