|Season|Age|Tm|Lg|MP|FG|FGA|3P|3PA|2P|2PA|FT|FTA|ORB|DRB|TRB|AST|STL|BLK|TOV|PF|PTS|GmSc
0|1988-89|22.0|PHO|NBA||8|13|0|0|8|13|5|7|4|6|9|2|3|3|3|6|21|19.6
1|1989-90|23.0|PHO|NBA||5|8|0|0|5|8|6|9|6|12|15|2|2|8|2|6|16|14.9
2|1990-91|24.0|PHO|NBA||6|7|0|1|6|7|7|8|5|8|12|4|1|7|3|6|16|18.8
3|1991-92|25.0|PHO|NBA||9|15|0|1|9|15|5|8|8|11|19|3|3|8|4|6|21|22.8
4|1992-93|26.0|PHI|NBA||8|17|1|1|8|17|7|8|7|14|20|3|3|6|5|6|18|26.4
5|1993-94|27.0|ATL|NBA||10|13|1|1|10|13|5|6|7|7|12|3|3|4|5|6|20|19.3
6|1994-95|28.0|ATL|NBA||9|15|1|1|9|15|7|8|5|10|13|4|4|6|5|6|21|20.7
8|1995-96|29.0|ATL|NBA||14|20|0|1|14|20|9|9|7|10|13|4|3|7|6|6|29|21.7
9|1995-96|29.0|MIN|NBA||10|17|1|1|10|16|6|9|6|10|14|1|2|8|3|5|21|25.0
10|1996-97|30.0|MIL|NBA||8|12|0|0|8|12|6|8|7|9|14|3|3|4|4|6|19|18.7
11|1997-98|31.0|MIL|NBA||5|12|0|1|5|11|5|8|5|8|13|2|2|2|3|5|13|11.2
12|1998-99|32.0|CHI|NBA||5|13|0|0|5|13|4|6|7|8|14|2|1|2|3|5|14|16.9
13|1999-00|33.0|NYK|NBA||5|9|0|0|5|9|2|4|4|6|10|1|3|2|1|5|10|10.1
