|Season|Age|Tm|Lg|Pos|G|GS|MP|FG|FGA|FG%|3P|3PA|3P%|2P|2PA|2P%|FT|FTA|FT%|ORB|DRB|TRB|AST|STL|BLK|TOV|PF|PTS|ORtg|DRtg
0|1978-79|22.0|GSW|NBA|C|65.0||795.0|7.6|17.3|0.43700000000000006||||7.6|17.3|0.43700000000000006|2.4|3.6|0.672|5.3|11.2|16.5|1.2|0.4|2.6|3.1|7.0|17.5|95.0|100.0
1|1979-80|23.0|GSW|NBA|PF|79.0||1781.0|9.8|20.1|0.489|0.0|0.1|0.25|9.8|20.0|0.491|3.6|4.9|0.7509999999999999|5.4|8.2|13.6|1.1|0.5|2.1|3.8|6.6|23.4|102.0|106.0
2|1980-81|24.0|UTA|NBA|C|71.0||1420.0|7.4|16.3|0.452|0.0|0.1|0.33299999999999996|7.3|16.2|0.45299999999999996|2.1|3.1|0.6890000000000001|5.7|9.5|15.2|1.8|0.6|1.8|2.7|7.6|16.9|100.0|108.0
3|1981-82|25.0|DAL|NBA|C|76.0|38.0|1818.0|7.5|17.9|0.42|0.0|0.2|0.125|7.5|17.7|0.424|3.2|4.3|0.7440000000000001|5.4|9.4|14.7|3.1|1.0|2.8|2.4|7.6|18.3|103.0|107.0
4|1982-83|26.0|POR|NBA|C|80.0|60.0|2099.0|7.2|16.4|0.44299999999999995|0.0|0.1|0.0|7.2|16.3|0.446|3.1|4.5|0.685|4.8|9.0|13.8|2.6|0.6|3.1|3.7|7.2|17.6|97.0|102.0
5|1983-84|27.0|POR|NBA|C|81.0|38.0|1662.0|8.7|18.9|0.45899999999999996|0.0|0.2|0.0|8.7|18.7|0.46299999999999997|5.3|6.6|0.804|5.0|8.6|13.6|2.2|0.7|3.0|3.1|7.1|22.7|109.0|106.0
6|1984-85|28.0|DEN|NBA|C|80.0|78.0|2031.0|8.9|18.8|0.47200000000000003|0.0|0.0|0.0|8.9|18.8|0.473|3.5|5.2|0.685|5.0|8.8|13.9|1.9|0.6|4.3|3.3|6.7|21.3|103.0|106.0
7|1985-86|29.0|DEN|NBA|C|78.0|78.0|2112.0|9.0|19.3|0.466|0.1|0.1|0.429|8.9|19.1|0.466|3.7|4.7|0.795|4.0|8.9|13.0|1.7|0.9|4.8|2.5|6.7|21.7|105.0|102.0
8|1986-87|30.0|DEN|NBA|C|69.0|64.0|1561.0|6.8|15.2|0.44799999999999995|0.0|0.1|0.0|6.8|15.1|0.451|2.3|3.2|0.725|4.7|9.0|13.7|2.0|0.4|2.9|2.3|7.4|15.9|102.0|109.0
9|1987-88|31.0|DEN|NBA|C|45.0|32.0|865.0|6.2|14.2|0.43700000000000006|0.0|0.1|0.0|6.2|14.2|0.439|2.6|3.5|0.746|5.2|9.0|14.2|1.6|0.6|4.9|3.1|7.6|15.0|97.0|103.0
10|1988-89|32.0|DEN|NBA|C|79.0|72.0|1864.0|5.3|10.6|0.495|0.0|0.1|0.25|5.2|10.5|0.498|1.9|2.5|0.745|5.1|9.7|14.8|1.9|0.9|5.1|1.7|7.2|12.5|113.0|102.0
11|1989-90|33.0|POR|NBA|C|79.0|0.0|1176.0|5.5|12.1|0.45399999999999996|0.0|0.1|0.0|5.5|12.0|0.45799999999999996|1.0|1.6|0.6409999999999999|4.7|8.8|13.5|1.8|0.7|3.8|1.6|8.4|12.0|107.0|102.0
12|1990-91|34.0|POR|NBA|C|67.0|1.0|746.0|3.6|9.3|0.39299999999999996|0.0|0.1|0.0|3.6|9.2|0.396|2.1|2.7|0.7859999999999999|3.5|8.6|12.0|1.4|0.4|3.9|1.4|7.7|9.4|103.0|103.0
13|1991-92|35.0|POR|NBA|C|35.0|0.0|344.0|4.9|11.6|0.42700000000000005|0.0|0.0||4.9|11.6|0.42700000000000005|1.0|1.6|0.636|5.4|8.9|14.2|3.0|0.6|3.8|2.1|8.0|10.9|103.0|102.0
