|Season|Age|Tm|Lg|Pos|G|MP|FG%|Dist.|% of 2PA|% of 0-3|% of 3-10|% of 10-16|% of 16-3pt|% of 3P|2P %FG|0-3 %FG|3-10 %FG|10-16 %FG|16-3pt%FG|3P %FG|2P % Assisted|% of Dunks|Dunks Made|3P % Assisted|% of 3PA from Corner|Corner 3 %FG |Heaves Attempted|Heaves Made
0|2007-08|27.0|HOU|NBA|PF|82.0|2024.0|0.515|6.9|0.996|0.49|0.179|0.109|0.218|0.004|0.517|0.625|0.375|0.479|0.41100000000000003|0.0|0.667|0.006|4.0||0.0||1.0|0.0
1|2008-09|28.0|HOU|NBA|PF|82.0|2488.0|0.531|7.6|0.996|0.45299999999999996|0.175|0.126|0.242|0.004|0.5329999999999999|0.608|0.507|0.455|0.451|0.0|0.705|0.01|7.0||0.0||2.0|0.0
2|2009-10|29.0|HOU|NBA|PF|82.0|2671.0|0.514|8.4|0.995|0.35700000000000004|0.26|0.11699999999999999|0.261|0.005|0.515|0.653|0.473|0.42200000000000004|0.41100000000000003|0.2|0.626|0.002|2.0|1.0|0.0||2.0|0.0
3|2010-11|30.0|HOU|NBA|PF|74.0|2412.0|0.504|9.2|0.997|0.256|0.33799999999999997|0.142|0.261|0.003|0.505|0.6609999999999999|0.42100000000000004|0.444|0.495|0.0|0.649|0.004|4.0||0.667|0.0|1.0|0.0
4|2011-12|31.0|HOU|NBA|PF|66.0|2067.0|0.491|9.7|0.997|0.22899999999999998|0.34600000000000003|0.125|0.297|0.003|0.493|0.7|0.40399999999999997|0.45|0.455|0.0|0.622|0.0|0.0||0.0||2.0|0.0
5|2012-13|32.0|PHO|NBA|PF|82.0|2184.0|0.47200000000000003|10.8|0.983|0.262|0.23399999999999999|0.122|0.364|0.017|0.47700000000000004|0.608|0.39299999999999996|0.42|0.456|0.188|0.6829999999999999|0.005|5.0|0.667|0.43799999999999994|0.14300000000000002|1.0|0.0
6|2013-14|33.0|IND|NBA|PF|82.0|1399.0|0.47|12.2|0.988|0.22899999999999998|0.175|0.102|0.48200000000000004|0.013000000000000001|0.474|0.594|0.38799999999999996|0.439|0.456|0.14300000000000002|0.763|0.005|3.0|1.0|0.5710000000000001|0.25|1.0|0.0
7|2014-15|34.0|IND|NBA|PF|81.0|1659.0|0.467|9.9|0.9690000000000001|0.37200000000000005|0.184|0.069|0.34299999999999997|0.031|0.474|0.611|0.39|0.318|0.4|0.25|0.647|0.006|4.0|0.8|0.55|0.364|3.0|0.0
8|2015-16|35.0|TOR|NBA|PF|76.0|1636.0|0.45|11.6|0.731|0.268|0.249|0.07400000000000001|0.14|0.26899999999999996|0.467|0.613|0.40299999999999997|0.341|0.369|0.40399999999999997|0.603|0.002|1.0|0.985|0.49700000000000005|0.475|0.0|0.0
9|2016-17|36.0|BRK|NBA|PF|36.0|461.0|0.47|11.4|0.669|0.384|0.19899999999999998|0.053|0.04|0.331|0.535|0.672|0.4|0.375|0.0|0.34|0.40700000000000003|0.006999999999999999|1.0|0.941|0.34|0.353|0.0|0.0
