player_id|Rk|Unnamed: 1|Age|G|GS|MP|FG|FGA|FG%|FT|FTA|FT%|TRB|AST|PF|PTS|player_id
gueriri01|1|Richie Guerin|26|71||2558|6.2|14.7|0.424|5.7|7.1|0.802|7.3|5.1|3.6|18.2|gueriri01
searske01|2|Kenny Sears|25|71||2498|7.1|14.4|0.49|7.3|8.5|0.861|9.5|2.0|3.4|21.4|searske01
naullwi01|3|Willie Naulls|24|68||2061|7.1|18.7|0.37799999999999995|4.5|5.4|0.83|12.6|1.8|4.1|18.7|naullwi01
braunca01|4|Carl Braun|31|72||1959|5.3|12.6|0.42|3.3|4.0|0.826|4.6|6.4|3.3|13.9|braunca01
felixra01|5|Ray Felix|28|72||1588|5.9|15.9|0.371|5.2|7.3|0.713|12.9|1.1|6.2|17.0|felixra01
tyrach01|6|Charlie Tyra|23|69||1586|5.4|13.8|0.396|2.9|4.3|0.679|11.0|0.7|4.1|13.8|tyrach01
farmemi01|7|Mike Farmer|22|72||1545|4.1|11.6|0.353|1.9|2.3|0.838|7.3|1.5|3.5|10.1|farmemi01
selvyfr01|8|Frank Selvy|26|68||1448|5.8|15.0|0.385|5.0|6.5|0.767|6.2|2.4|2.8|16.6|selvyfr01
sobiero01|9|Ron Sobie|24|50||857|6.0|16.8|0.36|4.7|5.6|0.8420000000000001|6.5|3.3|3.5|16.8|sobiero01
sparrgu01|10|Guy Sparrow|26|44||607|5.7|18.3|0.312|3.4|5.8|0.5820000000000001|11.1|2.7|6.8|14.8|sparrgu01
georgja01|11|Jack George|30|25||494|4.5|12.6|0.358|3.1|3.7|0.8240000000000001|6.0|4.0|3.7|12.1|georgja01
brennpe01|12|Pete Brennan|22|16||136|3.4|11.4|0.302|3.7|6.6|0.56|8.2|1.6|4.0|10.6|brennpe01
birdje01|13|Jerry Bird|23|11||45|9.6|25.6|0.375|0.8|0.8|1.0|9.6|3.2|5.6|20.0|birdje01
mccanbr01|14|Brendan McCann|23|1||7|0.0|15.4|0.0|0.0|0.0||5.1|5.1|5.1|0.0|mccanbr01
