player_id|Rk|Unnamed: 1|Age|G|GS|MP|FG|FGA|FG%|FT|FTA|FT%|TRB|AST|PF|PTS|player_id
gueriri01|1|Richie Guerin|26|71||2558|443|1046|0.424|405|505|0.802|518|364|255|1291|gueriri01
searske01|2|Kenny Sears|25|71||2498|491|1002|0.49|506|588|0.861|658|136|237|1488|searske01
naullwi01|3|Willie Naulls|24|68||2061|405|1072|0.37799999999999995|258|311|0.83|723|102|233|1068|naullwi01
braunca01|4|Carl Braun|31|72||1959|287|684|0.42|180|218|0.826|251|349|178|754|braunca01
felixra01|5|Ray Felix|28|72||1588|260|700|0.371|229|321|0.713|569|49|275|749|felixra01
tyrach01|6|Charlie Tyra|23|69||1586|240|606|0.396|129|190|0.679|485|33|180|609|tyrach01
farmemi01|7|Mike Farmer|22|72||1545|176|498|0.353|83|99|0.838|315|66|152|435|farmemi01
selvyfr01|8|Frank Selvy|26|68||1448|233|605|0.385|201|262|0.767|248|96|113|667|selvyfr01
sobiero01|9|Ron Sobie|24|50||857|144|400|0.36|112|133|0.8420000000000001|154|78|84|400|sobiero01
sparrgu01|10|Guy Sparrow|26|44||607|96|308|0.312|57|98|0.5820000000000001|187|45|115|249|sparrgu01
georgja01|11|Jack George|30|25||494|62|173|0.358|42|51|0.8240000000000001|82|55|51|166|georgja01
brennpe01|12|Pete Brennan|22|16||136|13|43|0.302|14|25|0.56|31|6|15|40|brennpe01
birdje01|13|Jerry Bird|23|11||45|12|32|0.375|1|1|1.0|12|4|7|25|birdje01
mccanbr01|14|Brendan McCann|23|1||7|0|3|0.0|0|0||1|1|1|0|mccanbr01
