player_id|Rk|Unnamed: 1|Age|G|GS|MP|FG|FGA|FG%|3P|3PA|3P%|2P|2PA|2P%|eFG%|FT|FTA|FT%|ORB|DRB|TRB|AST|STL|BLK|TOV|PF|PTS/G|player_id
ervinju01|1|Julius Erving|23|84||40.5|10.9|21.3|0.512|0.2|0.5|0.395|10.7|20.7|0.515|0.517|5.4|7.1|0.7659999999999999|3.1|7.6|10.7|5.2|2.3|2.4|4.1|3.2|27.4|ervinju01
kenonla01|2|Larry Kenon|21|84||34.6|7.0|15.2|0.462|0.0|0.0|0.0|7.0|15.2|0.46299999999999997|0.462|1.9|2.6|0.703|4.5|7.0|11.5|1.3|0.9|0.2|3.0|3.0|15.9|kenonla01
paultbi01|3|Billy Paultz|25|77||33.7|6.7|13.6|0.494|0.0|0.0|0.0|6.7|13.6|0.494|0.494|2.9|4.0|0.721|2.7|7.4|10.2|2.2|0.8|1.9|2.3|3.1|16.4|paultbi01
taylobr01|4|Brian Taylor|22|75||33.4|4.8|10.2|0.47600000000000003|0.1|0.4|0.276|4.7|9.8|0.484|0.48200000000000004|1.3|1.9|0.6990000000000001|1.2|1.6|2.9|4.5|2.1|0.3|2.2|2.6|11.1|taylobr01
willijo01|5|John Williamson|22|77||29.4|6.3|12.8|0.491|0.0|0.1|0.182|6.2|12.6|0.494|0.49200000000000005|1.9|2.5|0.789|0.9|1.9|2.8|3.2|1.1|0.4|2.7|3.3|14.5|willijo01
galemi01|6|Mike Gale|23|32||28.3|3.6|8.3|0.429|0.0|0.2|0.0|3.6|8.1|0.43799999999999994|0.429|0.9|1.1|0.8059999999999999|1.6|3.2|4.8|3.9|1.9|1.1|1.7|2.6|8.0|galemi01
rochejo01|7|John Roche|24|50||25.1|4.5|9.2|0.48700000000000004|0.5|1.4|0.382|4.0|7.8|0.505|0.515|1.9|2.3|0.8420000000000001|0.3|0.9|1.2|4.2|0.8|0.1|2.1|1.7|11.4|rochejo01
ladnewe01|8|Wendell Ladner|25|30||21.2|3.0|8.4|0.35700000000000004|0.6|1.8|0.34|2.4|6.6|0.36200000000000004|0.39299999999999996|0.2|0.4|0.41700000000000004|1.3|4.1|5.4|2.2|1.5|0.1|2.1|3.3|6.8|ladnewe01
melchbi01|9|Bill Melchionni|29|56||20.5|2.1|4.9|0.42|0.1|0.4|0.217|2.0|4.5|0.439|0.429|1.1|1.3|0.831|0.2|1.1|1.4|3.7|0.9|0.1|1.5|1.7|5.3|melchbi01
sojouwi01|10|Willie Sojourner|25|82||16.0|2.5|5.1|0.48200000000000004|0.0|0.0|0.0|2.5|5.1|0.486|0.48200000000000004|0.7|0.8|0.8440000000000001|1.3|2.7|4.1|0.7|0.3|1.1|1.0|2.5|5.6|sojouwi01
schaebi01|11|Billy Schaeffer|22|59||14.8|2.9|5.8|0.49700000000000005|0.0|0.2|0.222|2.9|5.7|0.504|0.5|0.7|0.9|0.759|0.8|1.6|2.4|0.6|0.4|0.2|0.9|2.4|6.5|schaebi01
gregoga01|12|Gary Gregor|28|25||12.5|1.6|3.4|0.47100000000000003|0.1|0.1|0.667|1.5|3.3|0.46299999999999997|0.48200000000000004|0.4|0.4|0.818|0.9|2.0|2.8|0.6|0.2|0.0|0.4|1.9|3.6|gregoga01
taylool01|13|Oliver Taylor|26|8||9.5|1.1|3.0|0.375|0.1|0.1|1.0|1.0|2.9|0.348|0.396|1.1|1.9|0.6|0.6|1.1|1.8|1.3|0.4|0.0|1.1|1.1|3.5|taylool01
rinalri01|14|Rich Rinaldi|24|5||5.6|0.8|2.8|0.28600000000000003|0.0|0.2|0.0|0.8|2.6|0.308|0.28600000000000003|0.8|0.8|1.0|1.0|0.0|1.0|0.2|0.4|0.0|0.2|0.6|2.4|rinalri01
lackebo01|15|Bob Lackey|24|3||5.0|1.0|2.3|0.429|0.0|0.0||1.0|2.3|0.429|0.429|0.0|0.0||1.0|0.3|1.3|0.3|0.3|0.0|0.3|0.7|2.0|lackebo01
obrieji02|16|Jim O'Brien|22|11||4.9|1.4|3.4|0.405|0.0|0.4|0.0|1.4|3.0|0.455|0.405|0.8|1.4|0.6|1.2|0.4|1.5|0.5|0.3|0.3|0.7|0.5|3.5|obrieji02
