|Season|Age|Tm|Lg|Pos|G|GS|MP|FG|FGA|FG%|FT|FTA|FT%|TRB|AST|PF|PTS
0|1949-50|21.0|SYR|NBA||11|||5.2|13.5|0.385|6.7|9.2|0.733||2.5|3.9|17.1
1|1950-51|22.0|SYR|NBA||7|||6.7|15.0|0.44799999999999995|7.0|9.1|0.7659999999999999|14.6|2.9|4.0|20.4
2|1951-52|23.0|SYR|NBA|PF|7||35.4|5.9|13.0|0.451|8.6|11.1|0.769|12.9|2.1|4.9|20.3
3|1952-53|24.0|SYR|NBA|PF|2||29.0|2.0|8.0|0.25|5.0|6.5|0.769|8.5|0.5|3.5|9.0
4|1953-54|25.0|SYR|NBA|C|13||28.8|4.9|10.8|0.457|6.2|8.3|0.741|10.5|1.8|3.1|16.0
5|1954-55|26.0|SYR|NBA|PF|11||33.0|5.5|15.2|0.359|8.1|9.6|0.84|12.8|3.6|4.4|19.0
6|1955-56|27.0|SYR|NBA|PF|8||38.8|6.5|17.8|0.366|9.1|10.4|0.88|13.9|3.4|3.4|22.1
7|1956-57|28.0|SYR|NBA|PF|5||43.0|5.8|19.0|0.305|9.8|11.0|0.8909999999999999|18.0|2.8|3.6|21.4
8|1957-58|29.0|SYR|NBA|PF|3||43.7|8.3|21.3|0.391|10.0|12.0|0.833|15.0|2.0|3.3|26.7
9|1958-59|30.0|SYR|NBA|PF|9||39.0|8.7|21.7|0.4|10.9|11.9|0.9159999999999999|13.0|4.6|4.0|28.2
10|1959-60|31.0|SYR|NBA|PF|3||42.0|10.0|22.0|0.455|9.3|10.0|0.9329999999999999|16.0|2.7|3.3|29.3
11|1960-61|32.0|SYR|NBA|PF|8||38.5|6.4|19.0|0.336|7.9|8.8|0.9|11.4|2.6|4.0|20.6
12|1961-62|33.0|SYR|NBA|PF|5||19.0|4.8|13.2|0.364|1.8|2.6|0.6920000000000001|7.0|1.0|4.2|11.4
13|1962-63|34.0|SYR|NBA|PF|5||21.6|4.0|8.8|0.455|2.2|2.4|0.917|5.6|1.4|3.4|10.2
