player_id|Rk|Unnamed: 1|Age|G|MP|PER|TS%|3PAr|FTr|ORB%|DRB%|TRB%|AST%|STL%|BLK%|TOV%|USG%|Unnamed: 17|OWS|DWS|WS|WS/48|Unnamed: 22|OBPM|DBPM|BPM|VORP|player_id
busedo01|1|Don Buse|25|84|3380|16.7|0.534|0.23399999999999999|0.248|2.3|6.6|4.3|25.5|4.6|0.5|13.9|12.5||6.0|4.6|10.6|0.15||2.4|2.0|4.4|5.4|busedo01
knighbi01|2|Billy Knight|23|70|2775|21.1|0.551|0.01|0.32|9.1|14.3|11.6|14.6|1.5|0.4|14.3|27.9||5.7|2.6|8.3|0.14300000000000002||3.3|-0.4|2.9|3.4|knighbi01
elmorle01|3|Len Elmore|23|76|2591|14.3|0.433|0.003|0.17300000000000001|8.1|21.4|14.4|6.4|2.3|3.5|12.0|20.9||-1.1|4.4|3.4|0.062||-3.3|2.2|-1.1|0.6|elmorle01
robisda01|4|Dave Robisch|26|76|2415|15.0|0.49|0.002|0.34600000000000003|8.2|17.6|12.6|7.9|1.2|1.0|8.5|17.4||3.6|2.5|6.1|0.122||-0.6|0.0|-0.6|0.9|robisda01
kellebi01|5|Bill Keller|28|78|2311|13.6|0.507|0.345|0.18100000000000002|3.0|6.1|4.5|17.9|1.1|0.1|11.9|19.9||3.0|1.0|4.1|0.084||1.4|-2.4|-1.0|0.6|kellebi01
hillmda01|6|Darnell Hillman|26|74|2166|14.9|0.509|0.005|0.406|9.9|18.7|14.0|9.1|1.6|1.9|16.7|20.1||1.4|2.8|4.2|0.094||-1.2|1.0|-0.1|1.0|hillmda01
flynnmi01|7|Mike Flynn|22|67|1097|9.6|0.431|0.226|0.253|5.0|6.1|5.5|15.8|1.8|0.4|14.2|19.2||-0.4|0.7|0.3|0.012||-2.1|-1.6|-3.7|-0.5|flynnmi01
lamarbo01|8|Bo Lamar|24|35|908|15.2|0.45899999999999996|0.141|0.166|3.5|6.4|4.9|22.3|1.8|0.1|11.2|27.4||0.3|0.6|0.8|0.043||0.5|-2.7|-2.2|0.0|lamarbo01
jordach01|9|Charles Jordan|22|71|855|9.7|0.456|0.027000000000000003|0.193|9.5|13.7|11.5|8.5|1.7|0.8|17.2|21.2||-0.6|0.9|0.3|0.013999999999999999||-3.5|-0.9|-4.5|-0.5|jordach01
roundda01|10|Dan Roundfield|22|67|767|13.8|0.467|0.006|0.395|14.7|16.0|15.3|6.1|1.8|2.9|15.0|20.6||0.3|1.0|1.3|0.08||-2.3|-0.1|-2.4|-0.1|roundda01
granttr01|11|Travis Grant|26|34|567|16.2|0.552|0.0|0.16699999999999998|7.5|8.8|8.1|8.3|0.8|1.2|10.9|21.7||1.0|0.3|1.3|0.11199999999999999||0.2|-2.2|-2.1|0.0|granttr01
owensto01|12|Tom Owens|26|16|243|12.4|0.5589999999999999|0.0|0.305|9.9|16.2|12.9|5.0|0.4|2.3|17.0|17.1||0.3|0.2|0.5|0.099||-2.3|-1.1|-3.4|-0.1|owensto01
mannied01|13|Ed Manning|32|12|134|14.2|0.445|0.0|0.28300000000000003|9.7|15.7|12.5|14.1|1.3|0.8|9.4|20.6||0.1|0.1|0.2|0.087||-1.5|-1.3|-2.8|0.0|mannied01
barnena01|14|Nathaniel Barnett|23|12|73|4.9|0.457|0.038|0.308|3.5|6.6|5.0|14.5|1.8|0.7|21.3|19.1||-0.1|0.1|0.0|-0.031||-5.0|-1.6|-6.7|-0.1|barnena01
netolbo01|15|Bob Netolicky|33|4|53|7.1|0.426|0.0|0.14300000000000002|11.4|9.0|10.3|0.0|0.0|1.0|18.3|19.1||-0.1|0.0|0.0|-0.044000000000000004||-6.9|-5.0|-11.9|-0.1|netolbo01
