|Season|Age|Tm|Lg|Pos|G|GS|MP|FG|FGA|FG%|3P|3PA|3P%|2P|2PA|2P%|eFG%|FT|FTA|FT%|ORB|DRB|TRB|AST|STL|BLK|TOV|PF|PTS
0|1991-92|22.0|MIA|NBA|SG|61.0|59.0|29.6|4.9|10.7|0.45399999999999996|0.7|2.0|0.32|4.2|8.7|0.486|0.485|1.6|2.1|0.748|1.3|1.8|3.1|4.6|1.0|0.3|2.5|2.7|12.0
1|1992-93|23.0|MIA|NBA|SG|48.0|43.0|33.5|5.8|12.9|0.451|1.1|2.8|0.402|4.7|10.1|0.46399999999999997|0.494|3.2|4.1|0.787|1.2|2.9|4.1|5.6|1.0|0.3|2.7|3.1|16.0
2|1993-94|24.0|MIA|NBA|SG|78.0|77.0|35.6|6.3|13.8|0.456|1.2|3.4|0.34700000000000003|5.1|10.4|0.491|0.499|3.5|4.2|0.835|2.0|2.5|4.5|5.1|1.1|0.4|2.6|2.8|17.3
4|1994-95|25.0|MIA|NBA|SG|2.0|2.0|31.0|5.5|14.5|0.379|1.0|6.0|0.16699999999999998|4.5|8.5|0.529|0.414|8.5|11.0|0.773|2.0|1.0|3.0|3.5|1.0|0.5|2.0|4.5|20.5
5|1994-95|25.0|ATL|NBA|SG|78.0|59.0|33.4|5.3|12.5|0.42700000000000005|1.7|5.2|0.33399999999999996|3.6|7.3|0.493|0.496|3.8|4.5|0.845|1.3|2.2|3.5|3.4|0.8|0.4|1.9|2.8|16.2
6|1995-96|26.0|ATL|NBA|SG|80.0|80.0|35.7|6.2|14.3|0.43200000000000005|1.8|5.3|0.331|4.4|9.0|0.49200000000000005|0.493|4.0|4.8|0.826|1.6|2.5|4.1|2.8|0.9|0.2|1.9|2.6|18.1
7|1996-97|27.0|ATL|NBA|SG|72.0|72.0|39.1|6.8|15.9|0.429|1.8|5.4|0.335|5.0|10.5|0.47700000000000004|0.486|4.6|5.5|0.847|1.3|2.1|3.3|4.2|0.9|0.3|2.4|2.4|20.1
8|1997-98|28.0|ATL|NBA|SG|73.0|73.0|39.1|6.7|15.1|0.444|1.3|3.8|0.35100000000000003|5.4|11.3|0.475|0.488|5.3|6.2|0.855|1.8|2.4|4.2|4.0|1.0|0.4|2.4|3.0|20.1
9|1998-99|29.0|ATL|NBA|SG|36.0|36.0|36.5|6.0|15.0|0.402|1.3|3.9|0.33799999999999997|4.7|11.1|0.424|0.445|5.3|6.3|0.8490000000000001|1.4|2.8|4.2|3.3|1.0|0.3|2.8|2.8|18.7
10|1999-00|30.0|POR|NBA|SG|82.0|81.0|32.8|5.1|11.0|0.467|1.2|2.9|0.39799999999999996|4.0|8.0|0.49200000000000005|0.52|3.5|4.1|0.85|1.5|2.3|3.8|2.5|0.9|0.4|1.4|2.6|14.9
11|2000-01|31.0|POR|NBA|SG|81.0|36.0|31.4|4.4|9.7|0.456|1.0|2.8|0.33899999999999997|3.5|6.9|0.504|0.505|3.8|4.3|0.89|1.1|2.3|3.4|2.6|0.6|0.3|1.7|2.5|13.6
12|2001-02|32.0|SAS|NBA|SG|77.0|76.0|28.7|4.0|8.9|0.455|1.5|3.2|0.47200000000000003|2.5|5.7|0.445|0.54|2.1|2.4|0.878|0.6|1.9|2.5|2.0|0.7|0.2|1.4|2.1|11.6
13|2002-03|33.0|SAS|NBA|SG|53.0|18.0|19.5|2.1|5.5|0.38799999999999996|0.7|2.2|0.331|1.4|3.3|0.428|0.455|1.8|2.2|0.833|0.4|1.5|1.9|1.3|0.5|0.2|0.8|1.5|6.8
14|2003-04|34.0|NOH|NBA|SG|71.0|4.0|13.1|1.7|4.1|0.406|0.6|1.5|0.402|1.1|2.6|0.409|0.48|1.1|1.2|0.9279999999999999|0.4|0.8|1.1|0.8|0.2|0.1|0.6|1.3|5.0
16|2004-05|35.0|CHA|NBA|SG|37.0|1.0|17.2|2.5|5.9|0.42700000000000005|1.0|2.4|0.42200000000000004|1.5|3.5|0.43|0.514|1.8|2.1|0.87|0.4|1.0|1.3|1.5|0.3|0.2|0.6|2.0|7.9
17|2004-05|35.0|MIA|NBA|SG|13.0|0.0|8.8|0.7|2.3|0.3|0.2|1.2|0.2|0.5|1.2|0.4|0.35|0.2|0.2|0.667|0.2|1.1|1.2|1.1|0.2|0.0|0.2|0.6|1.8
