player_id|Rk|Unnamed: 1|Age|G|GS|MP|FG|FGA|FG%|FT|FTA|FT%|ORB|DRB|TRB|AST|STL|BLK|TOV|PF|PTS|player_id
gilmoar01|1|Artis Gilmore|28|82||3067|704|1260|0.5589999999999999|471|669|0.7040000000000001|318|753|1071|263|42|181|366|261|1879|gilmoar01
hollawi01|2|Wilbur Holland|26|82||2884|569|1285|0.44299999999999995|223|279|0.799|105|189|294|313|164|14|223|258|1361|hollawi01
johnsmi01|3|Mickey Johnson|25|81||2870|561|1215|0.462|362|446|0.812|218|520|738|267|92|68|270|317|1484|johnsmi01
vanlino01|4|Norm Van Lier|30|78||2524|200|477|0.419|172|229|0.7509999999999999|86|198|284|531|144|5|200|279|572|vanlino01
maysc01|5|Scott May|23|55||1802|280|617|0.45399999999999996|175|216|0.81|118|214|332|114|50|6|125|170|735|maysc01
mengejo01|6|John Mengelt|28|81||1767|325|675|0.48100000000000004|184|238|0.773|41|88|129|232|51|4|124|169|834|mengejo01
landsma01|7|Mark Landsberger|22|62||926|127|251|0.506|91|157|0.58|110|191|301|41|21|6|69|78|345|landsma01
russeca01|8|Cazzie Russell|33|36||789|133|304|0.43799999999999994|49|57|0.86|31|52|83|61|19|4|35|63|315|russeca01
armstta01|9|Tate Armstrong|22|66||716|131|280|0.46799999999999997|22|27|0.815|24|44|68|74|23|0|58|42|284|armstta01
sheppst01|10|Steve Sheppard|23|64||698|119|262|0.45399999999999996|37|56|0.6609999999999999|67|64|131|43|14|3|46|72|275|sheppst01
weathni01|11|Nick Weatherspoon|27|41||611|86|194|0.44299999999999995|37|42|0.8809999999999999|57|68|125|32|19|10|49|74|209|weathni01
pondecl01|12|Cliff Pondexter|23|44||534|37|85|0.435|14|20|0.7|36|94|130|87|19|15|30|66|88|pondecl01
boerwto01|13|Tom Boerwinkle|32|22||227|23|50|0.46|10|13|0.769|14|45|59|44|3|4|26|36|56|boerwto01
dickede01|14|Derrek Dickey|26|25||220|27|68|0.397|14|19|0.737|15|33|48|10|4|2|23|27|68|dickede01
ardji01|15|Jim Ard|29|14||116|8|16|0.5|2|3|0.667|8|24|32|7|0|0|14|18|18|ardji01
hansegl01|16|Glenn Hansen|25|2||4|0|2|0.0|0|0||0|0|0|0|0|0|1|0|0|hansegl01
