|Season|Age|Tm|Lg|MP|FG|FGA|3P|3PA|2P|2PA|FT|FTA|ORB|DRB|TRB|AST|STL|BLK|TOV|PF|PTS|GmSc
0|1996-97|18.0|LAL|NBA||7|14|3|6|5|10|13|14|1|4|4|3|1|1|5|5|22|14.8
1|1997-98|19.0|LAL|NBA||9|16|1|5|8|15|8|12|3|3|5|4|1|2|3|5|22|15.8
2|1998-99|20.0|LAL|NBA||12|25|2|5|11|22|6|6|4|7|9|8|4|4|7|6|28|18.5
3|1999-00|21.0|LAL|NBA||14|30|6|9|14|27|9|13|5|11|11|7|4|4|7|6|35|25.7
4|2000-01|22.0|LAL|NBA||19|35|2|4|18|33|17|19|9|10|16|11|3|3|6|4|48|43.3
5|2001-02|23.0|LAL|NBA||15|31|4|9|15|29|12|13|3|9|11|8|3|3|6|6|36|26.4
6|2002-03|24.0|LAL|NBA||16|38|5|11|15|34|17|19|3|6|8|8|3|1|7|5|39|30.7
7|2003-04|25.0|LAL|NBA||15|27|4|8|13|23|16|17|3|8|10|10|5|2|5|5|42|36.1
8|2005-06|27.0|LAL|NBA|52:06|20|35|5|8|15|27|7|9|1|10|10|8|4|1|7|5|50|33.8
9|2006-07|28.0|LAL|NBA|46:22|15|33|4|8|13|25|13|13|1|7|7|9|2|1|6|3|45|34.3
10|2007-08|29.0|LAL|NBA|46:32|18|33|5|10|14|28|21|23|3|8|10|10|5|2|6|5|49|43.6
11|2008-09|30.0|LAL|NBA|48:52|16|34|4|10|16|33|15|17|3|8|8|10|4|4|7|5|41|33.9
12|2009-10|31.0|LAL|NBA|44:51|15|29|6|11|12|23|13|15|4|11|15|13|4|4|7|5|40|35.8
13|2010-11|32.0|LAL|NBA|42:05|14|29|4|9|12|24|10|10|2|6|6|8|5|1|5|4|36|21.7
14|2011-12|33.0|LAL|NBA|45:08|18|33|5|11|17|27|18|18|3|6|8|8|4|1|6|4|43|29.7
