|Season|Age|Tm|Lg|Pos|G|GS|MP|FG|FGA|FG%|3P|3PA|3P%|2P|2PA|2P%|eFG%|FT|FTA|FT%|ORB|DRB|TRB|AST|STL|BLK|TOV|PF|PTS
0|1986-87|22.0|UTA|NBA|SG|67.0|0.0|9.5|2.1|4.9|0.426|0.3|0.9|0.28300000000000003|1.8|4.0|0.45899999999999996|0.452|0.4|0.6|0.789|0.4|0.7|1.2|0.9|0.4|0.1|0.7|1.3|4.9
1|1987-88|23.0|CLE|NBA|SG|79.0|8.0|19.0|4.3|9.4|0.45799999999999996|0.4|1.0|0.34600000000000003|3.9|8.4|0.47200000000000003|0.47700000000000004|1.0|1.3|0.782|0.5|1.6|2.1|1.9|1.2|0.3|1.4|1.6|10.0
2|1988-89|24.0|CHH|NBA|SG|48.0|0.0|16.9|5.3|10.9|0.491|0.4|1.1|0.345|4.9|9.7|0.509|0.51|0.8|1.0|0.87|0.5|1.6|2.2|1.0|0.9|0.1|0.9|1.4|11.9
3|1989-90|25.0|CHH|NBA|SG|67.0|13.0|27.8|6.9|14.8|0.466|0.8|2.2|0.354|6.1|12.6|0.485|0.49200000000000005|1.4|1.6|0.9229999999999999|0.5|2.0|2.5|2.4|1.5|0.4|1.5|2.2|16.0
4|1990-91|26.0|CHH|NBA|SG|76.0|14.0|19.9|4.4|9.4|0.47100000000000003|0.4|1.1|0.37200000000000005|4.0|8.3|0.485|0.494|1.3|1.5|0.8420000000000001|0.6|2.0|2.6|2.2|1.0|0.3|1.1|1.6|10.6
5|1991-92|27.0|CHH|NBA|SG|77.0|0.0|26.2|6.5|13.5|0.486|1.0|2.4|0.40399999999999997|5.6|11.1|0.503|0.521|1.6|2.0|0.836|0.7|2.6|3.4|2.3|1.2|0.3|1.7|2.0|15.7
6|1992-93|28.0|CHH|NBA|SG|80.0|0.0|26.2|6.2|13.8|0.452|1.2|3.0|0.401|5.0|10.8|0.466|0.495|1.7|2.0|0.866|0.6|2.9|3.6|2.3|1.1|0.3|1.6|1.9|15.3
7|1993-94|29.0|CHH|NBA|SG|82.0|0.0|26.5|6.5|14.3|0.455|1.9|4.6|0.402|4.6|9.7|0.48|0.52|1.4|1.6|0.873|0.9|2.3|3.2|2.7|1.2|0.3|1.5|2.0|16.3
8|1994-95|30.0|CHH|NBA|SG|69.0|0.0|24.9|5.0|11.3|0.441|2.2|5.2|0.42700000000000005|2.7|6.0|0.45299999999999996|0.54|1.4|1.6|0.856|0.6|1.8|2.4|1.6|0.8|0.3|1.4|2.1|13.6
9|1995-96|31.0|CHH|NBA|SG|82.0|29.0|28.9|5.4|11.9|0.45299999999999996|2.0|5.0|0.40399999999999997|3.4|6.9|0.488|0.537|1.8|2.1|0.8540000000000001|0.8|2.4|3.2|2.1|1.3|0.3|1.6|2.1|14.5
10|1996-97|32.0|CHH|NBA|SG|68.0|20.0|30.6|5.6|12.3|0.45899999999999996|1.9|4.4|0.426|3.8|7.9|0.478|0.535|1.7|2.1|0.8029999999999999|0.6|2.5|3.1|1.7|0.9|0.2|1.4|2.2|14.8
11|1997-98|33.0|CHH|NBA|SG|52.0|1.0|18.7|3.7|8.3|0.447|1.2|2.8|0.42100000000000004|2.6|5.6|0.46|0.517|0.8|1.0|0.7879999999999999|0.5|1.4|1.9|1.3|0.6|0.1|1.0|1.6|9.4
12|1998-99|34.0|MIL|NBA|SG|42.0|0.0|20.6|3.9|8.0|0.485|1.6|3.5|0.47600000000000003|2.2|4.5|0.49200000000000005|0.588|0.7|0.8|0.8240000000000001|0.4|1.6|2.0|1.1|0.9|0.1|1.1|1.0|10.1
13|1999-00|35.0|TOR|NBA|SG|67.0|9.0|16.3|2.9|6.8|0.42700000000000005|1.4|3.6|0.39299999999999996|1.5|3.2|0.467|0.532|0.4|0.5|0.75|0.2|1.3|1.5|1.3|0.5|0.1|0.6|1.0|7.6
14|2000-01|36.0|TOR|NBA|SG|71.0|1.0|13.5|2.3|5.4|0.424|0.9|2.0|0.428|1.4|3.3|0.42200000000000004|0.505|0.6|0.7|0.843|0.2|1.0|1.2|1.1|0.4|0.1|0.5|0.9|6.0
15|2001-02|37.0|TOR|NBA|SG|56.0|4.0|15.8|2.5|6.2|0.406|0.8|2.3|0.344|1.7|3.9|0.444|0.47100000000000003|0.6|0.7|0.892|0.4|1.0|1.4|1.1|0.4|0.1|0.7|0.9|6.4
