|Season|Age|Tm|Lg|Pos|G|GS|MP|FG|FGA|FG%|3P|3PA|3P%|2P|2PA|2P%|eFG%|FT|FTA|FT%|ORB|DRB|TRB|AST|STL|BLK|TOV|PF|PTS
0|1986-87|22.0|UTA|NBA|SG|2.0|0.0|2.0|0.0|1.5|0.0|0.0|0.5|0.0|0.0|1.0|0.0|0.0|0.0|0.0||0.0|0.0|0.0|0.0|0.0|0.0|0.0|0.5|0.0
1|1987-88|23.0|CLE|NBA|SG|2.0|0.0|8.5|0.5|2.0|0.25|0.0|0.5|0.0|0.5|1.5|0.33299999999999996|0.25|0.0|0.0||0.5|0.0|0.5|1.0|0.0|0.5|0.0|0.5|1.0
2|1992-93|28.0|CHH|NBA|SG|9.0|0.0|24.7|4.7|10.8|0.433|0.7|2.3|0.28600000000000003|4.0|8.4|0.474|0.46399999999999997|1.0|1.2|0.818|1.2|2.3|3.6|2.0|1.4|0.0|1.4|2.1|11.0
3|1994-95|30.0|CHH|NBA|SG|4.0|0.0|26.8|4.0|8.5|0.47100000000000003|2.3|5.3|0.429|1.8|3.3|0.5379999999999999|0.603|2.5|2.8|0.909|1.3|1.0|2.3|1.5|0.0|0.0|1.5|2.8|12.8
4|1996-97|32.0|CHH|NBA|SG|3.0|1.0|16.7|1.7|5.7|0.294|0.3|1.3|0.25|1.3|4.3|0.308|0.324|1.0|1.0|1.0|0.3|0.0|0.3|1.7|1.3|0.0|0.3|1.7|4.7
5|1997-98|33.0|CHH|NBA|SG|9.0|0.0|19.0|2.3|5.8|0.40399999999999997|0.4|1.8|0.25|1.9|4.0|0.47200000000000003|0.442|0.7|0.8|0.857|0.7|1.4|2.1|1.1|0.8|0.3|0.6|2.3|5.8
6|1998-99|34.0|MIL|NBA|SG|3.0|0.0|16.3|0.7|5.0|0.133|0.3|2.7|0.125|0.3|2.3|0.14300000000000002|0.16699999999999998|1.3|1.3|1.0|0.0|1.3|1.3|0.3|1.0|0.0|0.0|1.7|3.0
7|1999-00|35.0|TOR|NBA|SG|3.0|0.0|10.0|0.7|1.3|0.5|0.7|1.0|0.667|0.0|0.3|0.0|0.75|0.3|0.7|0.5|0.3|0.3|0.7|0.3|0.7|0.0|0.7|1.3|2.3
8|2000-01|36.0|TOR|NBA|SG|12.0|0.0|15.2|2.3|5.3|0.42200000000000004|1.2|3.1|0.37799999999999995|1.1|2.3|0.48100000000000004|0.531|0.8|1.0|0.833|0.2|1.0|1.2|0.8|0.5|0.1|0.9|0.8|6.5
9|2001-02|37.0|TOR|NBA|SG|4.0|0.0|14.8|2.5|6.3|0.4|1.0|1.3|0.8|1.5|5.0|0.3|0.48|1.0|1.0|1.0|0.0|1.3|1.3|1.0|1.3|0.5|0.8|1.0|7.0
