|Season|Age|Tm|Lg|MP|FG|FGA|3P|3PA|2P|2PA|FT|FTA|ORB|DRB|TRB|AST|STL|BLK|TOV|PF|PTS|GmSc
0|1994-95|24.0|DEN|NBA||4|10|0|0|4|10|8|10|5|4|6|3|3|1|4|5|16|12.9
2|1995-96|25.0|POR|NBA||2|3|0|0|2|3|0|0|0|2|2|0|1|2|2|1|4|3.4
3|1995-96|25.0|DEN|NBA||3|4|0|0|3|4|2|4|1|2|2|1|1|1|3|3|6|6.4
4|1995-96|25.0|DAL|NBA||5|7|0|0|5|7|1|2|1|2|3|0|0|0|1|2|11|7.2
5|1996-97|26.0|TOR|NBA||9|18|0|1|9|18|4|11|7|6|10|4|1|2|5|3|21|15.0
6|1997-98|27.0|TOR|NBA||8|16|0|0|8|16|9|12|7|8|11|5|3|3|4|6|20|16.8
7|1998-99|28.0|TOR|NBA||4|6|0|0|4|6|6|8|4|3|6|1|2|1|3|5|12|9.9
8|2000-01|30.0|MIN|NBA||6|11|0|0|6|11|6|10|5|7|10|3|3|2|3|6|14|15.0
10|2001-02|31.0|NJN|NBA||1|1|0|0|1|1|1|1|0|1|1|0|0|0|1|1|3|3.0
11|2001-02|31.0|ATL|NBA||3|9|0|0|3|9|4|6|5|1|6|1|1|1|0|2|8|5.9
12|2002-03|32.0|MIN|NBA||4|8|0|0|4|8|4|7|3|3|5|1|2|1|3|4|10|7.7
