|Season|Age|Tm|Lg|MP|FG|FGA|3P|3PA|2P|2PA|FT|FTA|ORB|DRB|TRB|AST|STL|BLK|TOV|PF|PTS|GmSc
0|1999-00|23.0|WAS|NBA||4|9|0|0|4|9|4|4|5|5|7|2|2|3|3|3|10|9.2
2|2000-01|24.0|WAS|NBA||7|10|0|0|7|10|4|6|4|9|10|3|3|6|4|6|18|20.6
3|2000-01|24.0|DAL|NBA||6|11|0|0|6|11|4|6|4|7|11|3|3|5|3|5|12|11.8
4|2001-02|25.0|SEA|NBA||6|10|0|0|6|10|12|12|3|6|7|5|2|5|4|6|24|24.1
5|2002-03|26.0|SEA|NBA||4|10|0|1|4|10|4|4|4|4|6|2|1|4|2|5|10|10.4
6|2003-04|27.0|SEA|NBA||6|9|0|1|6|9|5|6|5|7|9|2|2|10|4|6|12|12.9
8|2004-05|28.0|DAL|NBA||4|7|0|1|4|7|4|4|3|5|6|1|2|3|2|5|10|8.1
9|2004-05|28.0|MIL|NBA||2|6|0|0|2|6|5|6|3|6|8|2|1|3|2|4|9|10.3
10|2005-06|29.0|WAS|NBA|21:44|3|4|1|1|2|4|2|2|2|5|7|2|2|2|2|5|7|6.0
11|2006-07|30.0|WAS|NBA|27:46|5|6|1|1|5|6|4|4|3|8|11|3|1|4|3|5|11|14.6
12|2007-08|31.0|PHI|NBA|21:08|2|4|0|0|2|4|2|2|1|4|4|2|2|5|1|4|6|9.5
14|2008-09|32.0|MIN|NBA|0:40|0|0|0|0|0|0|0|0|1|0|1|0|0|0|0|0|0|0.7
15|2008-09|32.0|SAC|NBA|18:34|2|4|0|0|2|4|2|4|2|1|3|0|1|1|1|3|6|6.0
