|Season|Age|Tm|Lg|MP|FG|FGA|3P|3PA|2P|2PA|FT|FTA|ORB|DRB|TRB|AST|STL|BLK|TOV|PF|PTS|GmSc
0|1999-00|20.0|CHH|NBA||9|12|3|6|8|11|7|8|3|4|6|9|4|2|5|6|19|18.5
1|2000-01|21.0|CHH|NBA||9|18|4|8|7|15|9|12|5|10|10|14|7|3|7|6|28|27.4
2|2001-02|22.0|CHH|NBA||15|25|6|11|11|18|15|17|5|10|10|17|5|4|8|5|38|36.3
3|2002-03|23.0|NOH|NBA||14|24|4|11|10|20|9|12|4|7|10|12|5|3|6|6|33|23.2
4|2003-04|24.0|NOH|NBA||13|29|7|14|11|23|14|14|4|9|10|13|6|4|8|6|37|33.4
6|2004-05|25.0|NOH|NBA||15|26|5|12|11|18|13|14|4|6|10|17|5|1|7|5|36|30.2
7|2004-05|25.0|GSW|NBA||13|29|7|12|10|18|15|16|3|7|9|15|5|2|8|6|40|42.2
8|2005-06|26.0|GSW|NBA|45:07|12|29|6|14|9|20|11|17|4|8|11|16|5|2|7|6|35|36.3
9|2006-07|27.0|GSW|NBA|48:00|12|25|4|10|12|23|13|17|3|9|10|18|5|3|8|6|38|38.2
10|2007-08|28.0|GSW|NBA|53:00|16|30|6|12|15|23|11|16|5|11|12|19|7|5|7|6|40|37.2
11|2008-09|29.0|LAC|NBA|48:00|12|29|4|11|10|23|9|10|3|8|9|20|5|2|7|6|30|25.3
12|2009-10|30.0|LAC|NBA|45:50|12|24|4|12|10|19|11|11|4|8|12|17|5|3|9|5|30|32.4
14|2010-11|31.0|LAC|NBA|40:46|10|22|4|7|8|18|6|9|3|7|8|16|5|3|7|5|26|25.2
15|2010-11|31.0|CLE|NBA|30:31|8|18|5|8|6|11|5|5|2|5|5|12|3|2|4|4|22|18.2
16|2011-12|32.0|NYK|NBA|33:58|7|12|4|5|3|7|6|6|3|5|7|10|3|1|9|5|18|15.2
