|Season|Age|Tm|Lg|Pos|G|MP|FG%|Dist.|% of 2PA|% of 0-3|% of 3-10|% of 10-16|% of 16-3pt|% of 3P|2P %FG|0-3 %FG|3-10 %FG|10-16 %FG|16-3pt%FG|3P %FG|2P % Assisted|% of Dunks|Dunks Made|3P % Assisted|% of 3PA from Corner|Corner 3 %FG |Heaves Attempted|Heaves Made
0|2000-01|21.0|CHH|NBA|PG|82.0|3192.0|0.42700000000000005|12.3|0.7140000000000001|0.389|0.077|0.08199999999999999|0.166|0.28600000000000003|0.474|0.589|0.35100000000000003|0.26899999999999996|0.365|0.31|0.43200000000000005|0.04|31.0|0.7879999999999999|0.055|0.6|3.0|1.0
1|2001-02|22.0|CHH|NBA|PG|82.0|3318.0|0.41700000000000004|14.2|0.644|0.326|0.055|0.092|0.171|0.35600000000000004|0.451|0.5539999999999999|0.33799999999999997|0.244|0.402|0.35600000000000004|0.22899999999999998|0.027999999999999997|30.0|0.6709999999999999|0.092|0.409|7.0|0.0
2|2002-03|23.0|NOH|NBA|PG|50.0|1889.0|0.41600000000000004|14.1|0.645|0.294|0.079|0.12|0.152|0.355|0.452|0.5529999999999999|0.33299999999999996|0.365|0.38799999999999996|0.35|0.35200000000000004|0.026000000000000002|19.0|0.6970000000000001|0.102|0.414|2.0|0.0
3|2003-04|24.0|NOH|NBA|PG|67.0|2686.0|0.395|15.0|0.585|0.289|0.052000000000000005|0.091|0.153|0.415|0.44799999999999995|0.546|0.315|0.336|0.374|0.321|0.28600000000000003|0.024|31.0|0.529|0.129|0.32|3.0|0.0
5|2004-05|25.0|NOH|NBA|PG|18.0|593.0|0.366|16.7|0.5479999999999999|0.254|0.026000000000000002|0.055999999999999994|0.21100000000000002|0.452|0.40399999999999997|0.494|0.5|0.353|0.297|0.321|0.26899999999999996|0.013000000000000001|4.0|0.545|0.146|0.35|1.0|0.0
6|2004-05|25.0|GSW|NBA|PG|28.0|988.0|0.401|16.0|0.517|0.247|0.107|0.071|0.091|0.483|0.457|0.586|0.313|0.344|0.366|0.341|0.179|0.013000000000000001|5.0|0.446|0.09699999999999999|0.23800000000000002|2.0|0.0
7|2005-06|26.0|GSW|NBA|PG|54.0|1971.0|0.389|14.9|0.624|0.254|0.124|0.092|0.153|0.376|0.434|0.607|0.28|0.405|0.28800000000000003|0.315|0.133|0.026000000000000002|20.0|0.451|0.11699999999999999|0.42100000000000004|6.0|0.0
8|2006-07|27.0|GSW|NBA|PG|63.0|2221.0|0.439|12.5|0.728|0.319|0.14800000000000002|0.12300000000000001|0.138|0.272|0.489|0.6629999999999999|0.32899999999999996|0.34600000000000003|0.387|0.304|0.20199999999999999|0.016|16.0|0.518|0.146|0.39|7.0|0.0
9|2007-08|28.0|GSW|NBA|PG|82.0|3196.0|0.426|13.8|0.6559999999999999|0.307|0.125|0.085|0.14|0.344|0.47700000000000004|0.609|0.366|0.349|0.36200000000000004|0.33|0.19899999999999998|0.011000000000000001|16.0|0.46799999999999997|0.11800000000000001|0.242|9.0|0.0
10|2008-09|29.0|LAC|NBA|PG|65.0|2248.0|0.37|14.3|0.6579999999999999|0.29|0.083|0.10800000000000001|0.17600000000000002|0.342|0.406|0.493|0.35|0.308|0.349|0.302|0.145|0.003|3.0|0.505|0.098|0.281|4.0|0.0
11|2009-10|30.0|LAC|NBA|PG|75.0|2523.0|0.406|13.3|0.708|0.33|0.08900000000000001|0.09|0.2|0.292|0.45899999999999996|0.561|0.37799999999999995|0.385|0.36|0.27699999999999997|0.188|0.008|7.0|0.402|0.105|0.226|4.0|0.0
13|2010-11|31.0|LAC|NBA|PG|43.0|1269.0|0.41600000000000004|13.0|0.705|0.262|0.217|0.113|0.113|0.295|0.466|0.563|0.41100000000000003|0.483|0.32799999999999996|0.29600000000000004|0.17800000000000002|0.008|4.0|0.667|0.11199999999999999|0.17600000000000002|0.0|0.0
14|2010-11|31.0|CLE|NBA|PG|15.0|380.0|0.42100000000000004|17.9|0.511|0.14|0.124|0.11800000000000001|0.129|0.489|0.429|0.52|0.5|0.23800000000000002|0.435|0.414|0.026000000000000002|0.0|0.0|0.5|0.057|0.6|1.0|0.0
15|2011-12|32.0|NYK|NBA|PG|29.0|595.0|0.37|16.7|0.5379999999999999|0.163|0.141|0.12|0.114|0.462|0.424|0.6|0.26899999999999996|0.455|0.33299999999999996|0.306|0.071|0.0|0.0|0.731|0.094|0.5|0.0|0.0
