|Season|Age|Tm|Lg|Pos|G|GS|MP|FG|FGA|FG%|3P|3PA|3P%|2P|2PA|2P%|eFG%|FT|FTA|FT%|ORB|DRB|TRB|AST|STL|BLK|TOV|PF|PTS
0|1999-00|20.0|CHH|NBA|PG|82.0|0.0|1523.0|182.0|433.0|0.42|25.0|111.0|0.225|157.0|322.0|0.488|0.449|97.0|153.0|0.634|48.0|117.0|165.0|309.0|97.0|19.0|140.0|201.0|486.0
1|2000-01|21.0|CHH|NBA|PG|82.0|82.0|3192.0|409.0|957.0|0.42700000000000005|85.0|274.0|0.31|324.0|683.0|0.474|0.47200000000000003|228.0|337.0|0.677|129.0|279.0|408.0|598.0|170.0|36.0|226.0|267.0|1131.0
2|2001-02|22.0|CHH|NBA|PG|82.0|82.0|3318.0|559.0|1341.0|0.41700000000000004|170.0|478.0|0.35600000000000004|389.0|863.0|0.451|0.48|196.0|338.0|0.58|93.0|256.0|349.0|698.0|172.0|47.0|246.0|241.0|1484.0
3|2002-03|23.0|NOH|NBA|PG|50.0|47.0|1889.0|332.0|798.0|0.41600000000000004|99.0|283.0|0.35|233.0|515.0|0.452|0.478|93.0|131.0|0.71|56.0|130.0|186.0|320.0|91.0|22.0|140.0|148.0|856.0
4|2003-04|24.0|NOH|NBA|PG|67.0|66.0|2686.0|554.0|1402.0|0.395|187.0|582.0|0.321|367.0|820.0|0.44799999999999995|0.462|237.0|352.0|0.6729999999999999|66.0|221.0|287.0|501.0|158.0|27.0|215.0|178.0|1532.0
6|2004-05|25.0|NOH|NBA|PG|18.0|13.0|593.0|111.0|303.0|0.366|44.0|137.0|0.321|67.0|166.0|0.40399999999999997|0.439|74.0|96.0|0.7709999999999999|16.0|51.0|67.0|129.0|31.0|4.0|38.0|52.0|340.0
7|2004-05|25.0|GSW|NBA|PG|28.0|19.0|988.0|180.0|449.0|0.401|74.0|217.0|0.341|106.0|232.0|0.457|0.483|111.0|147.0|0.755|16.0|92.0|108.0|233.0|50.0|10.0|93.0|74.0|545.0
8|2005-06|26.0|GSW|NBA|PG|54.0|48.0|1971.0|335.0|861.0|0.389|102.0|324.0|0.315|233.0|537.0|0.434|0.44799999999999995|195.0|289.0|0.675|45.0|191.0|236.0|480.0|89.0|14.0|159.0|165.0|967.0
9|2006-07|27.0|GSW|NBA|PG|63.0|62.0|2221.0|452.0|1030.0|0.439|85.0|280.0|0.304|367.0|750.0|0.489|0.48|275.0|369.0|0.745|51.0|225.0|276.0|509.0|135.0|29.0|193.0|181.0|1264.0
10|2007-08|28.0|GSW|NBA|PG|82.0|82.0|3196.0|650.0|1526.0|0.426|173.0|525.0|0.33|477.0|1001.0|0.47700000000000004|0.483|318.0|424.0|0.75|96.0|289.0|385.0|623.0|191.0|43.0|232.0|247.0|1791.0
11|2008-09|29.0|LAC|NBA|PG|65.0|60.0|2248.0|355.0|959.0|0.37|99.0|328.0|0.302|256.0|631.0|0.406|0.42200000000000004|159.0|210.0|0.757|46.0|192.0|238.0|501.0|108.0|35.0|193.0|193.0|968.0
12|2009-10|30.0|LAC|NBA|PG|75.0|73.0|2523.0|412.0|1015.0|0.406|82.0|296.0|0.27699999999999997|330.0|719.0|0.45899999999999996|0.446|239.0|291.0|0.821|52.0|214.0|266.0|598.0|126.0|43.0|211.0|210.0|1145.0
14|2010-11|31.0|LAC|NBA|PG|43.0|35.0|1269.0|214.0|515.0|0.41600000000000004|45.0|152.0|0.29600000000000004|169.0|363.0|0.466|0.45899999999999996|79.0|104.0|0.76|29.0|91.0|120.0|299.0|62.0|22.0|107.0|114.0|552.0
15|2010-11|31.0|CLE|NBA|PG|15.0|9.0|380.0|75.0|178.0|0.42100000000000004|36.0|87.0|0.414|39.0|91.0|0.429|0.522|22.0|27.0|0.815|6.0|30.0|36.0|92.0|16.0|6.0|39.0|29.0|208.0
16|2011-12|32.0|NYK|NBA|PG|29.0|14.0|595.0|68.0|184.0|0.37|26.0|85.0|0.306|42.0|99.0|0.424|0.44|16.0|24.0|0.667|13.0|43.0|56.0|135.0|34.0|3.0|76.0|61.0|178.0
