|Season|Age|Tm|Lg|Pos|G|MP|PER|TS%|3PAr|FTr|ORB%|DRB%|TRB%|AST%|STL%|BLK%|TOV%|USG%|OWS|DWS|WS|WS/48|OBPM|DBPM|BPM|VORP
0|1989-90|22.0|NJN|NBA|PG|50.0|1267.0|11.5|0.41600000000000004|0.14|0.142|3.3|8.8|5.9|26.2|3.1|0.7|15.5|22.8|-1.6|1.3|-0.3|-0.011000000000000001|-2.1|0.1|-2.0|0.0
1|1990-91|23.0|NJN|NBA|PG|72.0|2585.0|13.1|0.455|0.08800000000000001|0.16899999999999998|2.6|7.7|5.1|25.5|3.2|0.9|15.6|20.6|-0.7|2.9|2.1|0.04|-1.2|0.7|-0.5|1.0
2|1991-92|24.0|NJN|NBA|PG|72.0|2548.0|15.2|0.465|0.054000000000000006|0.17800000000000002|4.1|7.2|5.6|27.2|3.3|0.9|12.4|19.3|2.3|2.6|4.9|0.092|0.4|0.5|0.9|1.9
3|1992-93|25.0|ATL|NBA|PG|80.0|2820.0|17.1|0.515|0.327|0.175|3.4|7.8|5.5|33.6|3.5|0.5|15.3|18.0|4.4|2.6|7.0|0.11900000000000001|2.5|-0.1|2.5|3.2
4|1993-94|26.0|ATL|NBA|PG|81.0|2915.0|19.6|0.48700000000000004|0.316|0.147|4.4|11.6|8.0|40.4|3.7|1.0|14.6|19.8|4.9|5.3|10.2|0.168|3.4|1.9|5.3|5.4
5|1994-95|27.0|ATL|NBA|PG|80.0|3069.0|19.2|0.531|0.46299999999999997|0.179|4.3|10.7|7.5|34.2|3.5|0.6|15.8|22.7|4.6|4.8|9.4|0.147|4.2|1.4|5.5|5.8
6|1995-96|28.0|ATL|NBA|PG|81.0|2893.0|18.9|0.529|0.555|0.151|4.3|9.5|6.8|27.6|3.9|0.5|13.6|21.5|5.4|3.6|9.0|0.149|4.6|0.6|5.2|5.3
7|1996-97|29.0|ATL|NBA|PG|78.0|3056.0|20.4|0.5479999999999999|0.521|0.15|4.6|11.4|8.1|27.7|3.8|0.5|13.0|21.9|7.0|5.6|12.5|0.19699999999999998|5.3|2.0|7.2|7.1
8|1997-98|30.0|ATL|NBA|PG|70.0|2700.0|16.1|0.462|0.35600000000000004|0.14300000000000002|3.7|10.9|7.4|29.5|3.7|0.5|15.0|20.1|1.9|3.7|5.6|0.099|2.2|1.3|3.6|3.8
9|1998-99|31.0|ATL|NBA|PG|48.0|1763.0|16.7|0.46299999999999997|0.386|0.14|3.0|11.8|7.4|31.7|3.2|0.4|14.3|21.5|1.5|3.2|4.7|0.127|2.9|2.0|4.9|3.1
10|1999-00|32.0|GSW|NBA|PG|73.0|2459.0|15.1|0.46799999999999997|0.36|0.114|2.2|9.8|5.8|31.8|3.0|0.6|14.0|17.5|1.9|1.4|3.3|0.065|1.0|-0.8|0.2|1.4
11|2000-01|33.0|GSW|NBA|PG|69.0|2352.0|15.8|0.455|0.281|0.095|3.0|9.9|6.1|32.3|3.5|0.6|13.3|17.3|1.9|1.6|3.5|0.071|1.1|-0.3|0.8|1.7
12|2001-02|34.0|GSW|NBA|PG|35.0|599.0|9.2|0.39799999999999996|0.28800000000000003|0.055|1.4|8.1|4.7|28.2|2.0|0.5|19.8|13.1|-0.2|0.1|-0.1|-0.004|-3.3|-2.4|-5.7|-0.6
