|Season|Age|Tm|Lg|Pos|G|MP|PG%|SG%|SF%|PF%|C%|OnCourt|On-Off|BadPass|LostBall|Shoot|Off.|Shoot.1|Off..1|PGA|And1|Blkd
0|2010-11|20.0|IND|NBA|SG|61.0|1265.0|0|63|37|1|0|0.2|2.4|30.0|25.0|66.0|8.0|43.0|7.0|144.0|9.0|29.0
1|2011-12|21.0|IND|NBA|SG|66.0|1958.0|0|90|10|0|0|6.0|7.3|55.0|29.0|108.0|20.0|74.0|16.0|354.0|13.0|52.0
2|2012-13|22.0|IND|NBA|SF|79.0|2972.0|0|2|98|0|0|7.0|8.7|130.0|58.0|91.0|27.0|102.0|8.0|736.0|26.0|77.0
3|2013-14|23.0|IND|NBA|SF|80.0|2898.0|0|11|89|0|0|6.4|6.3|128.0|52.0|61.0|31.0|162.0|26.0|630.0|36.0|67.0
4|2014-15|24.0|IND|NBA|SF|6.0|91.0|0|0|99|1|0|8.1|8.2|5.0|3.0|2.0|3.0|4.0|0.0|13.0|0.0|0.0
5|2015-16|25.0|IND|NBA|SF|81.0|2819.0|0|0|61|39|1|3.1|4.4|131.0|90.0|78.0|30.0|182.0|22.0|730.0|36.0|77.0
6|2016-17|26.0|IND|NBA|SF|75.0|2689.0|0|0|86|14|0|2.8|9.2|113.0|63.0|77.0|25.0|133.0|11.0|586.0|34.0|54.0
7|2017-18|27.0|OKC|NBA|SF|79.0|2891.0|0|19|81|0|0|3.3|0.0|118.0|54.0|81.0|28.0|164.0|19.0|626.0|41.0|64.0
8|2018-19|28.0|OKC|NBA|SF|77.0|2841.0|0|0|91|9|0|7.6|15.9|102.0|65.0|61.0|27.0|208.0|30.0|760.0|56.0|77.0
