player_id|Rk|Unnamed: 1|Age|G|MP|PER|TS%|3PAr|FTr|ORB%|DRB%|TRB%|AST%|STL%|BLK%|TOV%|USG%|Unnamed: 17|OWS|DWS|WS|WS/48|Unnamed: 22|OBPM|DBPM|BPM|VORP|player_id
knoxke01|1|Kevin Knox|19|75|2158|8.7|0.475|0.39799999999999996|0.247|2.9|13.6|8.1|6.0|1.0|0.9|10.1|22.3||-2.2|0.9|-1.3|-0.03||-3.6|-2.4|-6.0|-2.2|knoxke01
dotsoda01|2|Damyean Dotson|24|73|2004|10.8|0.526|0.49|0.14|1.7|12.2|6.8|10.4|1.4|0.4|8.7|17.3||0.7|0.9|1.5|0.037000000000000005||-0.9|-1.4|-2.3|-0.2|dotsoda01
vonleno01|3|Noah Vonleh|23|68|1722|13.9|0.561|0.311|0.355|6.7|25.8|16.0|11.1|1.3|2.5|14.7|14.8||1.5|1.7|3.2|0.09||-1.6|1.6|0.0|0.9|vonleno01
mudiaem01|4|Emmanuel Mudiay|22|59|1607|14.6|0.531|0.284|0.251|2.1|10.9|6.4|24.2|1.3|1.0|14.6|25.6||0.1|0.7|0.8|0.023||-0.5|-1.9|-2.4|-0.2|mudiaem01
hardati02|5|Tim Hardaway|26|46|1499|14.4|0.531|0.46399999999999997|0.321|1.8|9.7|5.6|13.5|1.4|0.3|8.9|25.9||1.0|0.5|1.5|0.048||0.9|-3.0|-2.0|0.0|hardati02
trieral01|6|Allonzo Trier|23|64|1459|12.2|0.564|0.255|0.431|2.2|12.2|7.1|12.9|0.9|0.8|15.8|21.5||0.4|0.5|0.9|0.03||-2.2|-2.0|-4.2|-0.8|trieral01
robinmi01|7|Mitchell Robinson|20|66|1360|22.0|0.6920000000000001|0.0|0.46399999999999997|13.3|19.4|16.3|4.2|1.8|10.0|9.1|12.1||4.0|2.2|6.1|0.217||0.5|5.2|5.7|2.7|robinmi01
hezonma01|8|Mario Hezonja|23|58|1206|10.8|0.49700000000000005|0.32799999999999996|0.24600000000000002|2.4|18.7|10.4|11.5|2.3|0.6|14.6|21.3||-1.1|1.1|-0.1|-0.003||-3.6|-0.4|-4.0|-0.6|hezonma01
kanteen01|9|Enes Kanter|26|44|1128|21.8|0.585|0.047|0.276|15.5|27.5|21.4|13.1|0.8|1.3|13.1|22.9||2.4|0.9|3.4|0.14300000000000002||1.0|-0.2|0.8|0.8|kanteen01
ntilila01|10|Frank Ntilikina|20|43|904|6.0|0.41700000000000004|0.408|0.106|1.4|8.9|5.0|19.5|1.6|1.3|15.9|16.6||-1.3|0.4|-0.8|-0.045||-4.5|-1.2|-5.7|-0.8|ntilila01
kornelu01|11|Luke Kornet|23|46|784|14.8|0.531|0.682|0.163|3.6|14.6|9.0|10.5|1.7|4.5|7.6|17.9||0.6|0.7|1.4|0.083||0.1|0.6|0.7|0.5|kornelu01
thomala01|12|Lance Thomas|30|46|783|6.4|0.48200000000000004|0.401|0.183|2.7|13.1|7.8|5.0|1.0|0.8|10.1|12.9||-0.3|0.3|0.1|0.004||-4.1|-1.2|-5.3|-0.7|thomala01
burketr01|13|Trey Burke|26|33|689|15.6|0.496|0.24|0.209|2.2|7.3|4.7|23.6|1.5|0.6|6.9|26.1||0.4|0.2|0.6|0.044000000000000004||-0.2|-3.3|-3.5|-0.3|burketr01
smithde03|14|Dennis Smith|21|21|600|13.5|0.473|0.28300000000000003|0.253|2.4|7.9|5.1|32.2|2.2|1.3|14.2|27.0||-0.5|0.3|-0.2|-0.013999999999999999||-0.9|-1.8|-2.7|-0.1|smithde03
jordade01|15|DeAndre Jordan|30|19|493|22.1|0.6809999999999999|0.0|0.537|13.3|33.0|22.9|18.2|0.9|3.4|21.6|16.8||1.3|0.6|1.9|0.18100000000000002||0.6|2.9|3.6|0.7|jordade01
allenka01|16|Kadeem Allen|26|19|416|16.2|0.574|0.255|0.38299999999999995|2.0|11.1|6.4|28.7|1.9|0.8|13.6|19.6||0.7|0.2|1.0|0.111||0.5|-1.6|-1.1|0.1|allenka01
jenkijo01|17|John Jenkins|27|22|319|9.3|0.518|0.544|0.175|1.9|10.1|5.9|9.9|0.0|0.5|7.5|16.1||0.2|0.0|0.2|0.024||-2.1|-3.5|-5.6|-0.3|jenkijo01
ellenhe01|18|Henry Ellenson|22|17|234|12.9|0.536|0.4|0.271|2.2|23.8|12.7|10.0|1.4|0.7|8.6|19.0||0.1|0.2|0.3|0.07||-2.3|-1.4|-3.8|-0.1|ellenhe01
leeco01|19|Courtney Lee|33|12|160|13.7|0.527|0.34|0.298|3.8|14.1|8.8|15.1|2.4|1.1|8.6|15.5||0.2|0.1|0.3|0.087||-1.2|-0.1|-1.3|0.0|leeco01
bakerro01|20|Ron Baker|25|11|107|4.4|0.376|0.563|0.375|1.0|6.0|3.4|16.1|2.3|0.0|13.9|8.6||0.0|0.0|0.0|0.002||-4.6|-1.4|-6.0|-0.1|bakerro01
garrebi01|21|Billy Garrett|24|4|63|9.8|0.452|0.29600000000000004|0.14800000000000002|0.0|5.1|2.5|18.0|0.8|1.3|6.5|20.9||0.0|0.0|0.0|-0.019||-4.0|-4.4|-8.4|-0.1|garrebi01
matthwe02|22|Wesley Matthews|32|2|54|2.9|0.33|0.526|0.263|1.9|4.0|2.9|12.9|0.9|1.6|8.6|18.4||-0.1|0.0|-0.1|-0.115||-6.3|-3.4|-9.7|-0.1|matthwe02
hicksis01|23|Isaiah Hicks|24|3|32|17.4|0.588|0.0|0.625|6.4|16.7|11.4|9.4|1.5|7.9|8.9|15.0||0.1|0.0|0.1|0.153||-2.6|3.2|0.6|0.0|hicksis01
