player_id|Rk|Unnamed: 1|Age|G|GS|MP|FG|FGA|FG%|FT|FTA|FT%|TRB|AST|PF|PTS|player_id
russebi01|1|Bill Russell|34|77||3291|279|645|0.433|204|388|0.526|1484|374|231|762|russebi01
havlijo01|2|John Havlicek|28|82||3174|692|1709|0.405|387|496|0.78|570|441|247|1771|havlijo01
siegfla01|3|Larry Siegfried|29|79||2560|392|1031|0.38|336|389|0.8640000000000001|282|370|222|1120|siegfla01
howelba01|4|Bailey Howell|32|78||2527|612|1257|0.48700000000000004|313|426|0.735|685|137|285|1537|howelba01
sandeto01|5|Tom Sanders|30|82||2184|364|847|0.43|187|255|0.733|574|110|293|915|sandeto01
jonessa01|6|Sam Jones|35|70||1820|496|1103|0.45|148|189|0.7829999999999999|265|182|121|1140|jonessa01
nelsodo01|7|Don Nelson|28|82||1773|374|771|0.485|201|259|0.7759999999999999|458|92|198|949|nelsodo01
bryanem01|8|Em Bryant|30|80||1388|197|488|0.40399999999999997|65|100|0.65|192|176|264|459|bryanem01
barneji01|9|Jim Barnes|27|49||595|92|202|0.455|65|92|0.7070000000000001|194|27|107|249|barneji01
chanedo01|10|Don Chaney|22|20||209|36|113|0.319|8|20|0.4|46|19|32|80|chanedo01
johnsri01|11|Rich Johnson|22|31||163|29|76|0.382|11|23|0.478|52|7|40|69|johnsri01
grahama01|12|Mal Graham|23|22||103|13|55|0.23600000000000002|11|14|0.7859999999999999|24|14|27|37|grahama01
olsenbu01|13|Bud Olsen|28|7||43|7|19|0.368|0|6|0.0|14|4|6|14|olsenbu01
