|Season|Age|Tm|Lg|Pos|G|GS|MP|FG|FGA|FG%|3P|3PA|3P%|2P|2PA|2P%|FT|FTA|FT%|ORB|DRB|TRB|AST|STL|BLK|TOV|PF|PTS
1|1998-99|22.0|NJN|NBA|PG|11.0|0.0|131.0|3.8|12.1|0.318|2.7|8.0|0.345|1.1|4.1|0.267|3.0|3.6|0.846|0.5|3.0|3.6|3.6|1.9|0.0|1.4|1.9|13.5
2|1998-99|22.0|BOS|NBA|PG|13.0|0.0|213.0|4.9|12.7|0.387|2.5|5.6|0.455|2.4|7.1|0.33299999999999996|0.5|0.7|0.75|0.7|4.6|5.2|4.9|1.0|0.0|2.0|2.7|12.8
4|1999-00|23.0|GSW|NBA|PG|13.0|1.0|196.0|4.6|9.9|0.46299999999999997|2.0|4.2|0.478|2.6|5.7|0.452|1.3|1.7|0.778|0.0|2.9|2.9|7.2|1.1|0.0|2.8|2.4|12.5
5|1999-00|23.0|DAL|NBA|PG|42.0|0.0|416.0|4.8|13.3|0.35700000000000004|2.6|7.9|0.33|2.2|5.5|0.397|2.2|3.4|0.6409999999999999|1.0|2.3|3.4|4.9|1.0|0.1|2.2|1.8|14.3
6|2000-01|24.0|VAN|NBA|PG|71.0|10.0|1415.0|4.3|10.6|0.409|2.1|5.9|0.364|2.2|4.7|0.465|0.9|1.3|0.7120000000000001|0.4|2.7|3.2|5.7|0.9|0.0|1.9|1.5|11.7
7|2001-02|25.0|DET|NBA|PG|67.0|0.0|1083.0|3.8|9.4|0.401|2.3|6.2|0.371|1.5|3.3|0.45899999999999996|1.4|2.0|0.7290000000000001|0.4|3.0|3.4|4.7|0.8|0.0|2.0|2.8|11.3
8|2002-03|26.0|SAC|NBA|PG|49.0|1.0|709.0|4.1|10.7|0.381|2.2|6.1|0.364|1.8|4.5|0.40399999999999997|1.0|1.4|0.741|0.6|3.0|3.6|4.1|0.9|0.2|1.2|2.1|11.4
9|2003-04|27.0|MIL|NBA|PG|82.0|26.0|2016.0|3.7|9.4|0.401|1.7|4.9|0.359|2.0|4.5|0.446|1.0|1.3|0.764|0.3|2.8|3.0|8.5|0.5|0.1|1.8|1.6|10.2
10|2004-05|28.0|MIA|NBA|PG|82.0|66.0|2576.0|4.6|10.1|0.456|3.1|7.3|0.43200000000000005|1.5|2.9|0.517|1.0|1.2|0.7909999999999999|0.2|3.0|3.2|4.9|0.6|0.1|1.4|1.7|13.3
11|2005-06|29.0|CLE|NBA|PG|82.0|7.0|2089.0|3.3|8.5|0.387|2.4|6.4|0.377|0.9|2.1|0.41700000000000004|0.6|0.9|0.64|0.2|2.1|2.3|2.9|0.6|0.0|0.9|1.9|9.5
12|2006-07|30.0|CLE|NBA|PG|60.0|0.0|1173.0|4.2|10.9|0.386|2.7|7.1|0.385|1.5|3.8|0.387|0.9|1.4|0.682|0.3|1.7|2.0|2.9|0.5|0.1|1.1|1.6|12.1
13|2007-08|31.0|CLE|NBA|SG|67.0|3.0|1336.0|4.1|9.8|0.41600000000000004|3.1|7.4|0.41700000000000004|1.0|2.3|0.414|0.5|0.8|0.7140000000000001|0.1|1.8|1.9|3.4|0.5|0.0|1.0|1.8|11.8
14|2008-09|32.0|MIL|NBA|PG|18.0|0.0|108.0|3.7|11.3|0.324|3.7|9.3|0.39299999999999996|0.0|2.0|0.0|0.0|0.0||0.0|2.0|2.0|2.3|1.0|0.0|2.0|1.3|11.0
