|Season|Age|Tm|Lg|Pos|G|GS|MP|FG|FGA|FG%|FT|FTA|FT%|TRB|AST|PF|PTS
0|1950-51|24.0|WSC|NBA|SG|31.0|||141.0|381.0|0.37|96.0|108.0|0.889|110.0|39.0|86.0|378.0
1|1951-52|25.0|BOS|NBA|SG|63.0||1389.0|244.0|628.0|0.389|183.0|213.0|0.8590000000000001|221.0|151.0|181.0|671.0
2|1952-53|26.0|BOS|NBA|SG|71.0||2333.0|403.0|925.0|0.436|341.0|401.0|0.85|288.0|191.0|240.0|1147.0
3|1953-54|27.0|BOS|NBA|SG|72.0||2467.0|412.0|915.0|0.45|331.0|392.0|0.8440000000000001|255.0|229.0|211.0|1155.0
4|1954-55|28.0|BOS|NBA|SG|68.0||2453.0|453.0|1062.0|0.42700000000000005|347.0|387.0|0.897|302.0|280.0|212.0|1253.0
5|1955-56|29.0|BOS|NBA|SG|72.0||2698.0|538.0|1229.0|0.43799999999999994|358.0|413.0|0.867|259.0|339.0|197.0|1434.0
6|1956-57|30.0|BOS|NBA|SG|67.0||2403.0|516.0|1241.0|0.41600000000000004|381.0|421.0|0.905|286.0|236.0|188.0|1413.0
7|1957-58|31.0|BOS|NBA|SG|63.0||2214.0|550.0|1297.0|0.424|302.0|338.0|0.893|295.0|167.0|156.0|1402.0
8|1958-59|32.0|BOS|NBA|SG|72.0||2382.0|562.0|1377.0|0.408|342.0|367.0|0.932|292.0|179.0|173.0|1466.0
9|1959-60|33.0|BOS|NBA|SG|71.0||1916.0|559.0|1225.0|0.456|252.0|291.0|0.866|262.0|144.0|154.0|1370.0
10|1960-61|34.0|BOS|NBA|SG|61.0||1538.0|383.0|908.0|0.42200000000000004|210.0|228.0|0.9209999999999999|223.0|146.0|127.0|976.0
