player_id|Rk|Unnamed: 1|Age|G|GS|MP|FG|FGA|FG%|FT|FTA|FT%|TRB|AST|PF|PTS/G|player_id
golato01|1|Tom Gola|30|52||35.5|4.8|10.5|0.46|2.3|2.9|0.784|7.1|4.3|3.9|12.0|golato01
gueriri01|2|Richie Guerin|30|79||34.3|7.5|17.5|0.43200000000000005|6.4|7.6|0.848|4.2|4.4|2.9|21.5|gueriri01
greenjo01|3|Johnny Green|29|80||31.9|7.3|15.8|0.462|3.5|5.5|0.638|12.1|1.9|3.0|18.1|greenjo01
naullwi01|4|Willie Naulls|28|23||29.4|6.7|16.3|0.413|3.4|4.2|0.813|8.7|1.9|1.8|16.9|naullwi01
shuege01|5|Gene Shue|31|78||29.3|4.5|11.5|0.396|2.7|3.9|0.6890000000000001|2.4|3.3|2.2|11.7|shuege01
nordmbe01|6|Bevo Nordmann|23|26||28.0|4.6|9.2|0.502|1.5|3.2|0.45799999999999996|8.9|1.5|4.1|10.7|nordmbe01
hoguedu01|7|Paul Hogue|22|50||26.8|3.0|8.4|0.363|1.6|3.5|0.45399999999999996|8.6|0.8|4.4|7.7|hoguedu01
conlege01|8|Gene Conley|32|70||22.1|3.6|9.3|0.39|1.7|2.7|0.6559999999999999|6.7|1.0|3.8|9.0|conlege01
buddda01|9|Dave Budd|24|78||22.1|3.8|7.6|0.493|1.9|2.6|0.748|5.1|1.1|2.6|9.5|buddda01
butleal01|10|Al Butler|24|74||20.1|4.0|9.1|0.439|1.9|2.5|0.77|2.3|2.1|2.0|10.0|butleal01
butchdo01|11|Donnie Butcher|26|68||17.5|2.5|6.2|0.406|1.9|2.9|0.675|2.6|2.0|2.4|7.0|butchdo01
searske01|12|Kenny Sears|29|23||15.6|2.1|4.0|0.522|1.1|2.0|0.565|2.9|1.7|1.3|5.3|searske01
rudomjo01|13|John Rudometkin|22|56||10.2|1.9|5.5|0.35200000000000004|1.3|1.7|0.768|2.7|0.5|1.0|5.2|rudomjo01
stithto01|14|Tom Stith|24|25||8.4|1.5|4.4|0.336|0.1|0.4|0.3|1.6|0.7|0.9|3.1|stithto01
foleyja01|15|Jack Foley|23|6||6.2|1.2|4.2|0.28|1.2|1.2|1.0|1.5|0.8|0.8|3.5|foleyja01
buckncl01|16|Cleveland Buckner|24|6||4.5|0.8|1.7|0.5|0.3|0.7|0.5|0.7|0.8|1.0|2.0|buckncl01
