|Season|Age|Tm|Lg|Pos|G|MP|PER|TS%|3PAr|FTr|ORB%|DRB%|TRB%|AST%|STL%|BLK%|TOV%|USG%|OWS|DWS|WS|WS/48|OBPM|DBPM|BPM|VORP
0|2004-05|21.0|PHI|NBA|SG|82.0|2686.0|13.5|0.58|0.26|0.385|3.7|15.9|9.7|14.3|2.6|1.4|17.9|12.8|2.7|4.0|6.6|0.11800000000000001|-0.6|2.9|2.3|2.9
1|2005-06|22.0|PHI|NBA|SF|82.0|3086.0|14.8|0.598|0.23|0.507|4.4|13.8|9.1|12.9|2.3|0.5|15.4|14.7|4.9|2.6|7.5|0.11599999999999999|1.2|0.9|2.1|3.2
2|2006-07|23.0|PHI|NBA|SG|76.0|3062.0|18.1|0.562|0.156|0.556|3.0|14.0|8.5|23.8|2.6|0.8|17.5|22.6|4.1|3.6|7.7|0.12|1.9|1.4|3.4|4.1
3|2007-08|24.0|PHI|NBA|SF|82.0|3242.0|19.0|0.5429999999999999|0.24|0.396|3.1|13.4|8.2|20.3|2.8|1.2|12.5|23.8|5.3|4.4|9.6|0.14300000000000002|2.9|1.5|4.3|5.2
4|2008-09|25.0|PHI|NBA|SF|82.0|3269.0|18.4|0.56|0.228|0.45399999999999996|3.3|14.0|8.6|22.4|2.1|0.9|13.9|22.3|5.6|3.5|9.2|0.134|2.8|1.0|3.8|4.8
5|2009-10|26.0|PHI|NBA|SF|82.0|3193.0|17.8|0.535|0.271|0.384|3.0|16.8|9.8|23.7|2.3|1.4|14.3|21.8|4.0|2.8|6.7|0.10099999999999999|1.9|0.8|2.7|3.8
6|2010-11|27.0|PHI|NBA|SF|67.0|2469.0|17.2|0.53|0.23800000000000002|0.395|2.8|15.2|9.0|26.4|2.1|1.2|13.4|19.2|3.3|3.5|6.7|0.13|1.5|1.8|3.2|3.2
7|2011-12|28.0|PHI|NBA|SF|62.0|2209.0|17.6|0.537|0.305|0.31|2.8|16.4|9.6|23.7|2.6|1.0|13.8|17.7|3.1|4.2|7.3|0.158|1.7|2.7|4.4|3.6
8|2012-13|29.0|DEN|NBA|SG|80.0|2779.0|15.2|0.52|0.327|0.307|3.4|13.5|8.5|22.4|2.5|1.5|17.1|18.8|2.4|3.2|5.6|0.09699999999999999|1.4|1.8|3.2|3.7
9|2013-14|30.0|GSW|NBA|SF|63.0|2040.0|13.7|0.57|0.382|0.28800000000000003|2.9|12.6|7.8|18.2|2.3|0.7|16.2|13.3|2.7|3.1|5.8|0.135|0.5|2.5|3.0|2.6
10|2014-15|31.0|GSW|NBA|SF|77.0|2069.0|12.3|0.5529999999999999|0.42700000000000005|0.23|2.4|10.8|6.7|14.6|2.1|0.9|13.9|13.3|2.3|2.8|5.1|0.11699999999999999|0.1|1.5|1.6|1.9
11|2015-16|32.0|GSW|NBA|SF|65.0|1732.0|12.2|0.565|0.418|0.226|3.4|12.4|8.2|16.3|2.0|0.8|16.3|12.1|2.3|2.1|4.4|0.122|0.3|1.3|1.6|1.6
12|2016-17|33.0|GSW|NBA|SF|76.0|1998.0|14.3|0.624|0.42700000000000005|0.24600000000000002|3.0|13.1|8.3|16.7|1.8|1.5|11.2|11.2|4.1|2.9|6.9|0.16699999999999998|1.3|1.7|3.0|2.5
13|2017-18|34.0|GSW|NBA|SF|64.0|1622.0|11.2|0.536|0.366|0.272|3.7|12.6|8.5|16.2|1.6|1.9|15.8|11.5|1.6|1.6|3.2|0.094|-0.7|0.9|0.2|0.9
14|2018-19|35.0|GSW|NBA|SF|68.0|1578.0|13.1|0.5870000000000001|0.47700000000000004|0.222|3.4|13.2|8.5|16.8|1.8|2.7|13.6|10.4|2.4|1.8|4.2|0.129|0.2|1.7|1.9|1.6
