|Season|Age|Tm|Lg|MP|FG|FGA|3P|3PA|2P|2PA|FT|FTA|ORB|DRB|TRB|AST|STL|BLK|TOV|PF|PTS|GmSc
0|2004-05|21.0|PHI|NBA||5|14|2|3|4|12|3|6|3|6|9|4|5|2|2|5|13|16.3
1|2007-08|24.0|PHI|NBA|45:43|8|16|1|3|7|13|8|12|3|6|9|8|4|1|6|3|21|18.1
2|2008-09|25.0|PHI|NBA|46:41|10|23|4|6|10|21|10|13|2|7|8|11|3|0|5|3|29|24.2
3|2010-11|27.0|PHI|NBA|40:37|10|14|2|4|10|12|4|4|3|9|10|10|2|1|5|5|22|20.4
4|2011-12|28.0|PHI|NBA|43:41|7|19|3|6|5|13|5|8|3|9|12|7|3|1|4|4|20|21.0
5|2012-13|29.0|DEN|NBA|43:14|10|18|5|8|7|11|5|6|3|10|12|7|3|1|7|2|25|27.1
6|2013-14|30.0|GSW|NBA|42:21|7|15|3|5|5|10|8|10|2|8|9|9|3|1|5|6|22|22.8
7|2014-15|31.0|GSW|NBA|42:28|9|20|4|9|6|12|5|11|2|7|8|7|3|3|4|5|25|18.0
8|2015-16|32.0|GSW|NBA|43:04|9|13|4|6|6|9|5|7|4|7|11|8|3|2|3|3|22|21.0
9|2016-17|33.0|GSW|NBA|38:07|9|14|2|7|7|9|6|7|1|9|10|6|4|2|3|3|20|16.1
10|2017-18|34.0|GSW|NBA|33:49|5|9|4|6|4|6|7|8|2|7|8|6|3|2|3|4|15|15.7
11|2018-19|35.0|GSW|NBA|40:43|9|15|5|8|6|9|4|5|4|7|8|8|5|4|3|5|22|17.6
