player_id|Rk|Unnamed: 1|Age|G|GS|MP|FG|FGA|FG%|FT|FTA|FT%|TRB|AST|PF|PTS|player_id
bellawa01|1|Walt Bellamy|24|80||3394|8.6|16.8|0.513|5.7|8.8|0.6509999999999999|14.4|1.3|3.2|22.9|bellawa01
johnsgu01|2|Gus Johnson|25|78||2847|7.2|16.8|0.43|2.7|4.0|0.6579999999999999|13.5|2.1|4.1|17.1|johnsgu01
dischte01|3|Terry Dischinger|23|80||2816|7.7|15.6|0.496|5.8|7.5|0.7759999999999999|8.5|2.0|4.1|21.2|dischte01
thornro01|4|Rod Thorn|22|75||2594|5.7|14.1|0.405|3.6|4.9|0.731|5.0|3.9|2.6|15.0|thornro01
greensi01|5|Si Green|30|75||2064|5.0|12.1|0.415|3.5|5.1|0.6829999999999999|4.9|3.7|3.9|13.5|greensi01
loughke01|6|Kevin Loughery|23|65||1457|5.8|15.5|0.375|3.1|4.4|0.7120000000000001|3.4|4.5|4.3|14.7|loughke01
kojisdo01|7|Don Kojis|25|78||1148|6.4|15.2|0.419|2.6|4.6|0.562|9.7|1.8|3.9|15.3|kojisdo01
cableba01|8|Barney Cable|28|71||1125|3.7|9.3|0.4|0.9|1.3|0.667|9.6|1.5|5.3|8.3|cableba01
shuege01|9|Gene Shue|32|47||963|3.0|10.3|0.293|1.3|2.3|0.59|3.5|5.6|3.7|7.4|shuege01
hardnch01|10|Charlie Hardnett|25|66||617|6.2|15.2|0.41200000000000003|4.9|7.3|0.672|14.6|1.6|6.7|17.4|hardnch01
stavela01|11|Larry Staverman|27|6||99|2.2|5.1|0.429|1.5|1.5|1.0|4.7|0.7|2.5|5.8|stavela01
comlela01|12|Larry Comley|24|12||89|3.2|15.0|0.21600000000000003|3.6|6.5|0.563|7.7|4.9|4.4|10.1|comlela01
hoguedu01|13|Paul Hogue|23|9||58|1.9|8.7|0.214|0.6|1.2|0.5|9.9|0.6|12.4|4.3|hoguedu01
mcgilbi01|14|Bill McGill|24|6||47|8.4|18.4|0.45799999999999996|6.9|8.4|0.818|12.3|0.0|3.8|23.7|mcgilbi01
stricro01|15|Roger Strickland|23|1||4|9.0|27.0|0.33299999999999996|0.0|0.0||0.0|0.0|9.0|18.0|stricro01
peterme01|16|Mel Peterson|25|2||3|12.0|12.0|1.0|0.0|0.0||12.0|0.0|24.0|24.0|peterme01
