|Season|Age|Tm|Lg|MP|FG|FGA|3P|3PA|2P|2PA|FT|FTA|ORB|DRB|TRB|AST|STL|BLK|TOV|PF|PTS|GmSc
0|1993-94|22.0|SAS|NBA||4|9|2|4|2|5|3|4|1|3|3|10|3|1|4|5|11|11.7
1|1994-95|23.0|SAS|NBA||4|9|1|3|4|6|5|5|2|2|4|4|2|0|5|6|10|6.7
2|1995-96|24.0|WSB|NBA||5|10|3|7|4|5|6|6|1|4|5|7|3|1|4|5|19|20.3
3|1996-97|25.0|WSB|NBA||5|13|4|9|4|8|5|7|2|5|5|9|4|1|4|5|18|16.2
4|1997-98|26.0|WAS|NBA||7|14|3|10|5|9|9|11|2|4|5|9|3|1|7|5|21|16.4
5|1998-99|27.0|WAS|NBA||4|9|3|6|4|5|4|4|2|3|4|6|3|1|4|5|13|11.7
6|1999-00|28.0|WAS|NBA||11|20|5|10|8|11|11|12|3|5|7|14|4|1|6|6|29|26.5
7|2000-01|29.0|WAS|NBA||10|20|6|15|7|12|7|7|2|5|6|13|6|1|5|6|27|30.2
8|2001-02|30.0|WAS|NBA||8|16|4|9|7|10|10|10|2|7|8|11|4|1|4|6|22|21.8
10|2002-03|31.0|DEN|NBA||8|17|4|11|4|10|8|9|1|5|6|9|4|1|4|6|23|18.9
11|2002-03|31.0|ORL|NBA||5|12|1|6|4|7|4|4|1|3|3|4|2|1|3|3|11|10.0
12|2003-04|32.0|WAS|NBA||4|8|2|4|3|5|2|2|1|2|3|3|2|1|2|3|11|8.8
