|Season|Age|Tm|Lg|Pos|G|MP|FG%|Dist.|% of 2PA|% of 0-3|% of 3-10|% of 10-16|% of 16-3pt|% of 3P|2P %FG|0-3 %FG|3-10 %FG|10-16 %FG|16-3pt%FG|3P %FG|2P % Assisted|% of Dunks|Dunks Made|3P % Assisted|% of 3PA from Corner|Corner 3 %FG |Heaves Attempted|Heaves Made
0|2008-09|20.0|NJN|NBA|PF|66.0|1312.0|0.39299999999999996|13.3|0.536|0.413|0.054000000000000006|0.01|0.059000000000000004|0.46399999999999997|0.41700000000000004|0.435|0.318|0.5|0.375|0.365|0.5820000000000001|0.049|18.0|0.986|0.217|0.341|0.0|0.0
1|2009-10|21.0|ORL|NBA|PF|63.0|911.0|0.436|15.6|0.456|0.33|0.034|0.018000000000000002|0.075|0.544|0.514|0.586|0.308|0.429|0.31|0.37|0.418|0.039|14.0|0.9229999999999999|0.22699999999999998|0.396|0.0|0.0
2|2010-11|22.0|ORL|NBA|PF|64.0|1424.0|0.43|17.9|0.35|0.242|0.059000000000000004|0.01|0.04|0.65|0.5|0.606|0.258|0.2|0.28600000000000003|0.39299999999999996|0.424|0.046|21.0|0.985|0.24600000000000002|0.28600000000000003|1.0|0.0
3|2011-12|23.0|ORL|NBA|PF|61.0|1964.0|0.439|16.2|0.44299999999999995|0.29600000000000004|0.065|0.02|0.062|0.557|0.496|0.594|0.265|0.4|0.298|0.39299999999999996|0.47600000000000003|0.036000000000000004|26.0|0.9940000000000001|0.263|0.441|0.0|0.0
4|2012-13|24.0|NOH|NBA|PF|81.0|2503.0|0.423|17.4|0.5|0.191|0.09699999999999999|0.069|0.14300000000000002|0.5|0.46399999999999997|0.5870000000000001|0.33299999999999996|0.312|0.46299999999999997|0.382|0.494|0.011000000000000001|12.0|0.958|0.136|0.382|2.0|0.0
5|2013-14|25.0|NOP|NBA|PF|22.0|795.0|0.43799999999999994|16.8|0.537|0.198|0.09300000000000001|0.09|0.155|0.46299999999999997|0.46299999999999997|0.529|0.33299999999999996|0.344|0.527|0.409|0.42|0.003|1.0|0.985|0.128|0.47600000000000003|0.0|0.0
6|2014-15|26.0|NOP|NBA|PF|61.0|1675.0|0.39899999999999997|17.0|0.508|0.21100000000000002|0.095|0.08199999999999999|0.11900000000000001|0.49200000000000005|0.457|0.5579999999999999|0.46399999999999997|0.33299999999999996|0.35600000000000004|0.34|0.379|0.01|6.0|0.943|0.14800000000000002|0.34|3.0|0.0
7|2015-16|27.0|NOP|NBA|PF|66.0|2008.0|0.42700000000000005|15.3|0.615|0.22699999999999998|0.09699999999999999|0.11199999999999999|0.179|0.385|0.466|0.521|0.433|0.375|0.47|0.366|0.444|0.02|16.0|0.924|0.165|0.322|5.0|0.0
8|2016-17|28.0|HOU|NBA|PF|72.0|2116.0|0.418|19.9|0.345|0.14400000000000002|0.07400000000000001|0.035|0.092|0.655|0.446|0.568|0.35100000000000003|0.444|0.33799999999999997|0.40299999999999997|0.37799999999999995|0.009000000000000001|6.0|0.98|0.142|0.542|0.0|0.0
9|2017-18|29.0|HOU|NBA|PF|66.0|1725.0|0.431|20.4|0.294|0.142|0.044000000000000004|0.04|0.069|0.706|0.539|0.647|0.14300000000000002|0.579|0.545|0.386|0.342|0.019|9.0|0.992|0.109|0.405|0.0|0.0
11|2018-19|30.0|PHO|NBA|PF|15.0|278.0|0.317|18.7|0.433|0.2|0.0|0.11699999999999999|0.11699999999999999|0.5670000000000001|0.462|0.583||0.14300000000000002|0.5710000000000001|0.20600000000000002|0.5|0.033|1.0|1.0|0.147|0.0|0.0|0.0
12|2018-19|30.0|MIA|NBA|PF|10.0|44.0|0.222|24.3|0.33299999999999996|0.222|0.0|0.0|0.111|0.667|0.0|0.0|||0.0|0.33299999999999996||0.0|0.0|1.0|0.33299999999999996|0.5|1.0|0.0
