|Season|Age|Tm|Lg|Pos|G|MP|PER|TS%|FTr|ORB%|DRB%|TRB%|AST%|STL%|BLK%|TOV%|USG%|OWS|DWS|WS|WS/48|OBPM|DBPM|BPM|VORP
0|1971-72|21.0|CIN|NBA|SG|81.0|2173.0|11.2|0.461|0.17800000000000002|||8.5|11.8|||||-0.2|0.7|0.4|0.009000000000000001||||
1|1972-73|22.0|KCO|NBA|SG|80.0|1979.0|12.9|0.504|0.152|||8.9|9.2|||||2.3|0.1|2.5|0.06||||
2|1973-74|23.0|KCO|NBA|SF|82.0|2513.0|15.5|0.5|0.203|4.9|9.4|7.2|11.3|2.7|0.7|||1.9|2.1|4.0|0.077|-0.1|0.0|-0.1|1.2
4|1974-75|24.0|KCO|NBA|SG|50.0|1131.0|16.1|0.493|0.20199999999999999|5.3|11.1|8.2|11.7|2.2|1.1|||0.8|1.3|2.1|0.087|0.0|-1.3|-1.3|0.2
5|1974-75|24.0|NOJ|NBA|SG|35.0|814.0|19.5|0.5589999999999999|0.252|5.2|14.5|9.7|14.2|2.4|0.4|||1.7|0.8|2.5|0.146|2.0|-0.2|1.9|0.8
6|1975-76|25.0|NOJ|NBA|SF|81.0|1935.0|15.9|0.493|0.252|6.9|11.7|9.3|8.8|2.5|0.5|||1.8|2.4|4.3|0.106|0.2|-0.8|-0.6|0.7
7|1976-77|26.0|NOJ|NBA|SF|79.0|1776.0|14.7|0.486|0.212|5.9|10.7|8.3|8.1|1.9|0.5|||1.0|1.8|2.8|0.077|-1.3|-1.5|-2.8|-0.4
9|1977-78|27.0|NOJ|NBA|SG|27.0|434.0|14.4|0.45799999999999996|0.17300000000000001|6.1|13.7|10.0|11.3|2.1|1.4|9.8|22.3|0.3|0.5|0.8|0.091|-1.2|-0.3|-1.5|0.0
10|1977-78|27.0|GSW|NBA|SG|46.0|815.0|15.0|0.47|0.165|4.6|9.7|7.1|7.8|2.0|1.4|9.6|29.1|0.1|0.9|1.1|0.063|-1.4|-2.7|-4.1|-0.4
11|1978-79|28.0|GSW|NBA|SG|81.0|1299.0|14.7|0.542|0.20600000000000002|5.6|11.6|8.6|6.7|2.0|0.2|13.1|22.2|1.4|1.5|2.9|0.107|-0.4|-1.5|-2.0|0.0
