|Season|Age|Tm|Lg|Pos|G|MP|PER|TS%|3PAr|FTr|ORB%|DRB%|TRB%|AST%|STL%|BLK%|TOV%|USG%|OWS|DWS|WS|WS/48|OBPM|DBPM|BPM|VORP
0|1992-93|23.0|UTA|NBA|PG|40.0|243.0|13.2|0.575|0.19399999999999998|0.528|1.9|5.9|4.0|32.7|2.3|0.0|25.3|21.0|0.1|0.2|0.3|0.057|-1.5|-2.9|-4.4|-0.1
1|1993-94|24.0|UTA|NBA|PG|45.0|313.0|17.5|0.575|0.242|0.364|4.1|7.3|5.7|37.0|2.5|0.2|19.0|20.0|0.7|0.3|1.0|0.16|2.0|-1.8|0.1|0.2
2|1994-95|25.0|UTA|NBA|PG|80.0|1019.0|12.2|0.519|0.156|0.524|3.5|8.2|6.0|27.6|2.0|0.5|19.8|15.8|1.0|1.0|2.1|0.09699999999999999|-0.8|-0.6|-1.4|0.2
3|1995-96|26.0|CLE|NBA|PG|58.0|617.0|13.0|0.59|0.237|0.632|4.2|7.5|5.8|26.9|2.1|0.9|25.9|16.1|0.8|0.5|1.3|0.10099999999999999|-1.9|-1.5|-3.4|-0.2
4|1996-97|27.0|MIA|NBA|PG|48.0|659.0|14.3|0.637|0.318|0.41600000000000004|2.8|5.7|4.2|26.1|1.5|0.0|18.7|16.0|1.6|0.8|2.4|0.17600000000000002|0.5|-1.8|-1.2|0.1
5|1997-98|28.0|POR|NBA|PG|26.0|379.0|7.0|0.457|0.222|0.37799999999999995|1.3|8.3|4.9|25.5|1.4|0.2|28.6|17.6|-0.4|0.3|-0.1|-0.013000000000000001|-5.4|-1.8|-7.2|-0.5
7|1998-99|29.0|POR|NBA|PG|3.0|19.0|37.0|0.644|0.125|0.375|0.0|5.9|3.0|51.9|5.7|0.0|0.0|22.4|0.2|0.0|0.2|0.521|10.9|-1.8|9.1|0.1
8|1998-99|29.0|SEA|NBA|PG|24.0|363.0|14.0|0.5379999999999999|0.302|0.405|2.5|7.1|4.8|26.8|1.3|0.0|19.4|21.2|0.5|0.0|0.6|0.073|-0.5|-4.2|-4.6|-0.2
9|1999-00|30.0|DET|NBA|PG|69.0|937.0|12.5|0.557|0.319|0.371|2.1|7.2|4.6|20.9|1.4|0.4|15.6|16.2|1.5|0.4|1.9|0.099|0.0|-2.7|-2.7|-0.2
10|2000-01|31.0|UTA|NBA|PG|31.0|264.0|7.2|0.44299999999999995|0.10800000000000001|0.292|6.2|6.9|6.6|19.4|1.2|0.0|20.6|16.1|0.0|0.1|0.1|0.019|-2.8|-1.8|-4.6|-0.2
11|2001-02|32.0|UTA|NBA|PG|41.0|802.0|14.5|0.599|0.332|0.317|2.4|8.9|5.6|29.2|1.3|0.1|17.7|16.2|1.8|0.4|2.2|0.129|1.5|-3.1|-1.6|0.1
12|2002-03|33.0|DEN|NBA|PG|12.0|180.0|7.6|0.431|0.317|0.366|0.6|9.5|4.9|26.7|0.9|0.0|15.9|14.0|0.0|0.1|0.1|0.031|-4.2|-2.8|-7.0|-0.2
