|Season|Age|Tm|Lg|Pos|G|GS|MP|FG|FGA|FG%|FT|FTA|FT%|TRB|AST|PF|PTS
0|1959-60|23.0|PHW|NBA|C|72.0||3338.0|11.5|24.9|0.461|6.2|10.7|0.5820000000000001|20.9|1.8|1.6|29.2
1|1960-61|24.0|PHW|NBA|C|79.0||3773.0|11.9|23.4|0.509|5.1|10.1|0.504|20.5|1.4|1.2|28.9
2|1961-62|25.0|PHW|NBA|C|80.0||3882.0|14.8|29.3|0.506|7.7|12.6|0.613|19.0|1.8|1.1|37.4
3|1962-63|26.0|SFW|NBA|C|80.0||3806.0|13.8|26.2|0.528|6.2|10.5|0.593|18.4|2.6|1.3|33.9
4|1963-64|27.0|SFW|NBA|C|80.0||3689.0|11.7|22.4|0.524|5.3|9.9|0.531|17.4|3.9|1.8|28.8
6|1964-65|28.0|SFW|NBA|C|38.0||1743.0|13.1|26.3|0.499|4.3|10.3|0.41600000000000004|18.4|2.4|1.6|30.6
7|1964-65|28.0|PHI|NBA|C|35.0||1558.0|9.9|18.7|0.528|4.6|8.8|0.526|18.0|3.1|1.6|24.4
8|1965-66|29.0|PHI|NBA|C|79.0||3737.0|10.3|19.2|0.54|4.8|9.4|0.513|18.7|4.0|1.6|25.5
9|1966-67|30.0|PHI|NBA|C|81.0||3682.0|7.7|11.2|0.6829999999999999|3.8|8.6|0.441|19.1|6.2|1.4|19.1
10|1967-68|31.0|PHI|NBA|C|82.0||3836.0|7.7|12.9|0.595|3.3|8.7|0.38|18.3|6.6|1.5|18.7
11|1968-69|32.0|LAL|NBA|C|81.0||3669.0|6.3|10.8|0.583|3.7|8.4|0.446|16.8|3.6|1.4|16.3
12|1969-70|33.0|LAL|NBA|C|12.0||505.0|9.2|16.2|0.568|5.0|11.2|0.446|15.8|3.5|2.2|23.4
13|1970-71|34.0|LAL|NBA|C|82.0||3630.0|6.6|12.2|0.545|3.6|6.6|0.5379999999999999|14.8|3.5|1.7|16.8
14|1971-72|35.0|LAL|NBA|C|82.0||3469.0|5.1|7.9|0.649|2.3|5.4|0.42200000000000004|16.3|3.4|2.0|12.6
15|1972-73|36.0|LAL|NBA|C|82.0||3542.0|4.3|6.0|0.727|2.4|4.6|0.51|15.5|3.7|1.9|11.0
