|Season|Age|Tm|Lg|Pos|G|GS|MP|FG|FGA|FG%|3P|3PA|3P%|2P|2PA|2P%|eFG%|FT|FTA|FT%|ORB|DRB|TRB|AST|STL|BLK|TOV|PF|PTS
0|1983-84|22.0|BOS|NBA|C|35.0|1.0|197.0|30.0|66.0|0.455|0.0|0.0||30.0|66.0|0.455|0.455|5.0|16.0|0.313|27.0|35.0|62.0|7.0|1.0|5.0|20.0|42.0|65.0
1|1984-85|23.0|BOS|NBA|C|55.0|4.0|424.0|33.0|88.0|0.375|0.0|0.0||33.0|88.0|0.375|0.375|22.0|32.0|0.688|38.0|51.0|89.0|17.0|3.0|10.0|29.0|84.0|88.0
2|1985-86|24.0|BOS|NBA|C|64.0|2.0|464.0|34.0|91.0|0.374|0.0|1.0|0.0|34.0|90.0|0.37799999999999995|0.374|15.0|39.0|0.385|35.0|93.0|128.0|17.0|3.0|28.0|32.0|81.0|83.0
3|1986-87|25.0|BOS|NBA|C|74.0|1.0|745.0|47.0|110.0|0.42700000000000005|0.0|1.0|0.0|47.0|109.0|0.431|0.42700000000000005|29.0|76.0|0.382|61.0|108.0|169.0|27.0|17.0|46.0|34.0|148.0|123.0
5|1987-88|26.0|BOS|NBA|C|13.0|0.0|86.0|9.0|23.0|0.391|0.0|0.0||9.0|23.0|0.391|0.391|1.0|6.0|0.16699999999999998|10.0|14.0|24.0|2.0|3.0|8.0|9.0|16.0|19.0
6|1987-88|26.0|LAC|NBA|C|40.0|19.0|977.0|83.0|182.0|0.456|0.0|1.0|0.0|83.0|181.0|0.45899999999999996|0.456|39.0|73.0|0.534|75.0|165.0|240.0|45.0|16.0|50.0|64.0|137.0|205.0
8|1988-89|27.0|LAC|NBA|C|58.0|12.0|729.0|49.0|121.0|0.405|0.0|0.0||49.0|121.0|0.405|0.405|14.0|31.0|0.452|66.0|124.0|190.0|29.0|23.0|46.0|46.0|118.0|112.0
9|1988-89|27.0|CHH|NBA|C|12.0|12.0|213.0|16.0|30.0|0.5329999999999999|0.0|0.0||16.0|30.0|0.5329999999999999|0.5329999999999999|6.0|10.0|0.6|15.0|38.0|53.0|7.0|4.0|8.0|12.0|43.0|38.0
10|1989-90|28.0|SAC|NBA|C|71.0|47.0|1515.0|101.0|234.0|0.43200000000000005|1.0|1.0|1.0|100.0|233.0|0.429|0.434|27.0|54.0|0.5|131.0|246.0|377.0|76.0|31.0|51.0|76.0|201.0|230.0
11|1990-91|29.0|ORL|NBA|C|82.0|82.0|2225.0|166.0|338.0|0.491|0.0|0.0||166.0|338.0|0.491|0.491|63.0|123.0|0.512|189.0|399.0|588.0|59.0|25.0|81.0|102.0|298.0|395.0
12|1991-92|30.0|ORL|NBA|C|72.0|44.0|1479.0|94.0|215.0|0.43700000000000006|0.0|1.0|0.0|94.0|214.0|0.439|0.43700000000000006|40.0|68.0|0.588|156.0|246.0|402.0|44.0|30.0|57.0|61.0|212.0|228.0
13|1992-93|31.0|ORL|NBA|C|64.0|1.0|640.0|38.0|84.0|0.452|0.0|1.0|0.0|38.0|83.0|0.45799999999999996|0.452|13.0|24.0|0.542|66.0|127.0|193.0|10.0|13.0|12.0|35.0|133.0|89.0
14|1993-94|32.0|ORL|NBA|C|29.0|0.0|309.0|13.0|35.0|0.371|0.0|0.0||13.0|35.0|0.371|0.371|8.0|22.0|0.364|22.0|48.0|70.0|4.0|2.0|12.0|17.0|61.0|34.0
16|1994-95|33.0|NYK|NBA|C|2.0|0.0|16.0|0.0|3.0|0.0|0.0|0.0||0.0|3.0|0.0|0.0|0.0|0.0||2.0|2.0|4.0|0.0|0.0|0.0|1.0|2.0|0.0
17|1994-95|33.0|IND|NBA|C|9.0|0.0|61.0|3.0|14.0|0.214|0.0|0.0||3.0|14.0|0.214|0.214|2.0|10.0|0.2|10.0|8.0|18.0|1.0|0.0|0.0|5.0|13.0|8.0
