|Season|Age|Tm|Lg|MP|FG|FGA|3P|3PA|2P|2PA|FT|FTA|ORB|DRB|TRB|AST|STL|BLK|TOV|PF|PTS|GmSc
0|1976-77|23.0|GSW|NBA||12|18.0|||||7|8|10.0|15.0|21.0|6.0|3.0|||6.0|30|
1|1977-78|24.0|GSW|NBA||13||||||8|11|||||||||28|
2|1978-79|25.0|GSW|NBA||16||||||8|12|||||||||33|
3|1979-80|26.0|GSW|NBA||14||0.0||||9|13|||||||||29|
4|1980-81|27.0|BOS|NBA||15||0.0||||11|15|||||||||40|
5|1981-82|28.0|BOS|NBA||16||0.0||||11|14|||||||||37|
6|1982-83|29.0|BOS|NBA||14|24.0|0.0||14.0||13|17|||21.0||||||36|
7|1983-84|30.0|BOS|NBA||16|26.0|0.0|0.0|16.0|26.0|12|12|9.0|14.0|19.0|6.0|3.0|6.0|6.0|6.0|36|31.1
8|1984-85|31.0|BOS|NBA||15|22.0|0.0|0.0|15.0|22.0|12|18|11.0|17.0|22.0|5.0|4.0|5.0|5.0|6.0|38|28.6
9|1985-86|32.0|BOS|NBA||12|23.0|0.0|0.0|12.0|23.0|11|15|9.0|17.0|25.0|5.0|4.0|6.0|8.0|6.0|30|29.1
10|1986-87|33.0|BOS|NBA||14|23.0|0.0|1.0|14.0|23.0|11|15|7.0|19.0|25.0|10.0|6.0|5.0|8.0|6.0|34|38.2
11|1987-88|34.0|BOS|NBA||12|21.0|0.0|1.0|12.0|21.0|8|12|7.0|13.0|16.0|5.0|5.0|4.0|6.0|6.0|26|24.0
12|1988-89|35.0|BOS|NBA||14|21.0|0.0|0.0|14.0|21.0|10|13|12.0|15.0|24.0|7.0|3.0|5.0|7.0|6.0|34|38.2
13|1989-90|36.0|BOS|NBA||15|22.0|0.0|0.0|15.0|22.0|10|12|8.0|13.0|18.0|5.0|3.0|4.0|8.0|6.0|38|36.7
14|1990-91|37.0|BOS|NBA||13|18.0|0.0|1.0|13.0|18.0|9|11|9.0|15.0|20.0|4.0|3.0|5.0|5.0|6.0|29|31.3
15|1991-92|38.0|BOS|NBA||13|26.0|0.0|0.0|13.0|26.0|10|11|8.0|11.0|19.0|4.0|3.0|5.0|8.0|6.0|31|32.3
16|1992-93|39.0|BOS|NBA||11|20.0|0.0|0.0|11.0|20.0|8|10|10.0|14.0|19.0|4.0|3.0|5.0|6.0|6.0|24|22.3
17|1993-94|40.0|BOS|NBA||12|22.0|0.0|0.0|12.0|22.0|9|12|7.0|14.0|17.0|4.0|5.0|4.0|4.0|6.0|26|26.0
18|1994-95|41.0|CHH|NBA||7|15.0|0.0|0.0|7.0|15.0|6|6|5.0|7.0|12.0|3.0|2.0|4.0|5.0|5.0|16|14.0
19|1995-96|42.0|CHH|NBA||7|13.0|0.0|0.0|7.0|13.0|4|6|7.0|15.0|17.0|4.0|2.0|7.0|3.0|5.0|16|18.1
20|1996-97|43.0|CHI|NBA||6|8.0|0.0|0.0|6.0|8.0|4|5|6.0|4.0|10.0|3.0|2.0|3.0|4.0|3.0|12|10.5
