|Season|Age|Tm|Lg|Pos|G|GS|MP|FG|FGA|FG%|FT|FTA|FT%|TRB|AST|PF|PTS
0|1960-61|24.0|DET|NBA|SG|79.0||2172.0|427.0|1085.0|0.39399999999999996|200.0|278.0|0.7190000000000001|256.0|265.0|224.0|1054.0
1|1961-62|25.0|DET|NBA|SG|77.0||2526.0|555.0|1250.0|0.444|201.0|280.0|0.718|267.0|244.0|173.0|1311.0
2|1962-63|26.0|DET|NBA|SG|80.0||2961.0|636.0|1450.0|0.439|275.0|380.0|0.7240000000000001|239.0|325.0|234.0|1547.0
3|1963-64|27.0|DET|NBA|SG|71.0||2366.0|500.0|1224.0|0.408|225.0|331.0|0.68|180.0|225.0|219.0|1225.0
4|1964-65|28.0|BAL|NBA|SG|77.0||2821.0|568.0|1297.0|0.43799999999999994|284.0|388.0|0.732|336.0|250.0|274.0|1420.0
5|1965-66|29.0|BAL|NBA|PG|73.0||2645.0|593.0|1334.0|0.445|316.0|430.0|0.735|280.0|290.0|208.0|1502.0
6|1966-67|30.0|BAL|NBA|SG|58.0||2024.0|452.0|1002.0|0.451|276.0|354.0|0.78|189.0|168.0|153.0|1180.0
8|1967-68|31.0|BAL|NBA|PG|39.0||1096.0|232.0|536.0|0.433|114.0|148.0|0.77|113.0|84.0|91.0|578.0
9|1967-68|31.0|STL|NBA|PG|31.0||823.0|161.0|355.0|0.45399999999999996|83.0|106.0|0.7829999999999999|62.0|73.0|93.0|405.0
10|1968-69|32.0|ATL|NBA|SG|76.0||1995.0|385.0|901.0|0.42700000000000005|147.0|208.0|0.7070000000000001|170.0|221.0|232.0|917.0
11|1969-70|33.0|ATL|NBA|SG|66.0||984.0|176.0|372.0|0.473|58.0|72.0|0.8059999999999999|71.0|98.0|113.0|410.0
