|Season|Age|Tm|Lg|Pos|G|MP|PER|TS%|3PAr|FTr|ORB%|DRB%|TRB%|AST%|STL%|BLK%|TOV%|USG%|OWS|DWS|WS|WS/48|OBPM|DBPM|BPM|VORP
0|2008-09|21.0|CHA|NBA|PG|72.0|1908.0|14.9|0.5870000000000001|0.396|0.375|1.1|7.5|4.3|22.6|1.2|0.1|14.1|20.8|3.6|1.5|5.1|0.128|1.6|-2.3|-0.7|0.6
1|2009-10|22.0|CHA|NBA|PG|80.0|1472.0|11.2|0.516|0.409|0.301|0.9|6.9|4.0|21.7|1.6|0.3|13.1|17.9|1.1|1.7|2.8|0.092|-0.9|-1.6|-2.6|-0.2
2|2010-11|23.0|CHA|NBA|PG|82.0|2757.0|15.9|0.541|0.348|0.31|1.7|8.3|4.9|31.1|1.0|0.1|12.5|21.2|4.9|1.3|6.2|0.10800000000000001|2.4|-2.8|-0.4|1.1
3|2011-12|24.0|CHA|NBA|PG|48.0|1408.0|14.1|0.493|0.368|0.24600000000000002|1.9|7.2|4.4|38.9|1.3|0.1|16.9|21.3|0.7|-0.2|0.5|0.018000000000000002|0.8|-4.4|-3.6|-0.6
4|2012-13|25.0|IND|NBA|PG|76.0|1226.0|11.0|0.527|0.6459999999999999|0.337|1.9|6.3|4.1|21.6|1.5|0.2|16.8|15.1|1.4|1.5|2.8|0.11199999999999999|-0.4|-1.4|-1.9|0.0
6|2013-14|26.0|TOR|NBA|PG|10.0|82.0|1.2|0.39399999999999996|0.45799999999999996|0.25|0.0|5.7|2.8|18.4|0.6|0.0|25.3|19.8|-0.2|0.0|-0.2|-0.11199999999999999|-7.4|-3.7|-11.2|-0.2
7|2013-14|26.0|CHI|NBA|PG|61.0|1857.0|16.8|0.574|0.46299999999999997|0.318|0.9|6.7|3.9|29.3|1.5|0.1|12.8|22.5|4.0|2.4|6.4|0.166|3.1|-2.1|1.0|1.4
9|2014-15|27.0|DET|NBA|PG|54.0|1287.0|15.8|0.536|0.325|0.36700000000000005|1.1|7.6|4.2|33.2|1.3|0.1|17.0|22.2|2.0|0.6|2.5|0.094|0.8|-3.1|-2.4|-0.1
10|2014-15|27.0|OKC|NBA|PG|28.0|677.0|10.2|0.503|0.516|0.19399999999999998|1.1|8.4|4.8|18.5|1.2|0.1|14.8|15.1|0.5|0.4|0.9|0.063|-0.9|-2.0|-2.8|-0.1
12|2015-16|28.0|OKC|NBA|PG|34.0|519.0|8.7|0.522|0.504|0.281|1.1|7.6|4.5|16.7|1.2|0.3|18.1|13.6|0.4|0.3|0.7|0.065|-1.4|-1.9|-3.3|-0.2
13|2015-16|28.0|DEN|NBA|PG|28.0|659.0|18.0|0.601|0.467|0.41|0.5|8.4|4.4|32.0|1.9|0.2|16.6|21.5|1.6|0.3|1.9|0.139|2.8|-3.3|-0.5|0.3
14|2016-17|29.0|ORL|NBA|PG|78.0|1538.0|11.0|0.524|0.53|0.311|1.0|7.4|4.1|20.4|1.0|0.1|13.3|19.4|0.7|0.5|1.2|0.038|-0.9|-3.3|-4.2|-0.9
15|2017-18|30.0|ORL|NBA|PG|75.0|1760.0|15.4|0.615|0.504|0.35|1.9|8.2|5.0|24.4|1.5|0.0|16.5|18.6|3.3|0.8|4.1|0.11|1.5|-2.5|-0.9|0.5
16|2018-19|31.0|ORL|NBA|PG|81.0|2269.0|15.7|0.616|0.45899999999999996|0.309|1.9|7.8|4.8|26.9|1.1|0.1|14.3|17.2|5.0|1.9|6.9|0.146|1.7|-2.0|-0.3|1.0
