|Season|Age|Tm|Lg|Pos|G|GS|MP|FG|FGA|FG%|3P|3PA|3P%|2P|2PA|2P%|eFG%|FT|FTA|FT%|ORB|DRB|TRB|AST|STL|BLK|TOV|PF|PTS
0|1993-94|21.0|DAL|NBA|SF|79.0|73.0|36.7|7.1|17.5|0.406|1.1|3.8|0.284|6.0|13.7|0.44|0.43700000000000006|3.9|5.5|0.6990000000000001|1.4|3.1|4.5|3.4|1.1|0.2|3.1|2.6|19.2
1|1994-95|22.0|DAL|NBA|SF|80.0|80.0|37.3|8.5|19.6|0.436|1.4|4.3|0.32799999999999996|7.1|15.3|0.466|0.47200000000000003|5.6|7.6|0.7390000000000001|1.5|2.7|4.1|3.7|1.0|0.1|2.9|2.4|24.1
2|1995-96|23.0|DAL|NBA|SF|18.0|18.0|37.2|8.1|21.3|0.379|1.9|5.7|0.34299999999999997|6.1|15.6|0.391|0.424|5.4|7.4|0.7290000000000001|2.1|3.3|5.4|2.8|0.8|0.2|3.1|2.2|23.4
4|1996-97|24.0|DAL|NBA|SF|37.0|21.0|26.4|3.8|10.2|0.37200000000000005|1.1|3.5|0.321|2.6|6.6|0.4|0.428|1.9|3.0|0.649|0.8|2.4|3.1|2.5|0.9|0.1|1.5|1.9|10.6
5|1996-97|24.0|MIA|NBA|SF|32.0|30.0|37.2|4.6|11.5|0.39799999999999996|1.5|4.6|0.32899999999999996|3.1|6.9|0.44299999999999995|0.46299999999999997|2.8|3.7|0.752|1.3|4.3|5.6|3.5|1.3|0.2|1.8|3.7|13.4
6|1997-98|25.0|MIA|NBA|SF|48.0|48.0|36.0|5.2|12.0|0.435|0.8|2.5|0.303|4.5|9.5|0.47|0.467|3.8|4.8|0.797|1.5|3.4|4.9|2.8|0.9|0.3|2.3|2.9|15.1
7|1998-99|26.0|MIA|NBA|SF|24.0|23.0|35.6|5.6|12.4|0.451|0.5|1.3|0.433|5.0|11.1|0.45299999999999996|0.473|3.1|4.3|0.721|1.0|5.1|6.1|3.1|0.8|0.1|2.5|2.4|14.8
8|1999-00|27.0|MIA|NBA|SF|76.0|76.0|37.2|6.8|15.2|0.445|1.5|3.7|0.40299999999999997|5.3|11.6|0.45799999999999996|0.493|2.4|3.1|0.778|0.8|4.2|5.0|3.9|1.0|0.2|2.4|2.8|17.5
9|2000-01|28.0|CHH|NBA|SF|76.0|76.0|39.3|7.5|18.3|0.413|1.4|3.8|0.35600000000000004|6.2|14.5|0.428|0.45|3.7|4.8|0.7659999999999999|1.2|6.4|7.6|5.4|1.1|0.2|2.8|2.4|20.1
10|2001-02|29.0|CHH|NBA|SF|40.0|40.0|40.0|7.6|18.6|0.40700000000000003|1.0|2.8|0.366|6.6|15.8|0.415|0.435|5.3|6.0|0.8759999999999999|0.8|5.3|6.1|4.3|1.1|0.2|2.8|2.0|21.5
11|2002-03|30.0|NOH|NBA|SF|82.0|81.0|40.5|8.2|19.3|0.42200000000000004|1.5|3.7|0.389|6.7|15.6|0.43|0.46|3.8|4.5|0.848|0.8|5.3|6.1|5.6|1.0|0.2|2.8|2.4|21.6
12|2003-04|31.0|NOH|NBA|SF|19.0|18.0|38.4|8.2|20.9|0.392|1.0|3.5|0.284|7.2|17.4|0.414|0.41600000000000004|3.4|4.2|0.813|1.0|5.2|6.2|2.5|0.7|0.3|1.9|2.2|20.8
