player_id|Rk|Unnamed: 1|Age|G|GS|MP|FG|FGA|FG%|FT|FTA|FT%|TRB|AST|PF|PTS/G|player_id
pettibo01|1|Bob Pettit|23.0|72||38.8|9.0|20.9|0.429|7.7|10.5|0.736|16.2|2.6|2.8|25.7|pettibo01
colemja01|2|Jack Coleman|31.0|41||33.4|4.8|11.5|0.41200000000000003|2.1|3.0|0.71|8.4|3.6|3.0|11.7|colemja01
stephja01|3|Jack Stephens|22.0|72||30.8|3.4|8.9|0.386|3.4|5.0|0.6920000000000001|5.2|2.9|2.0|10.3|stephja01
harribo02|4|Bob Harrison|28.0|72||30.8|3.6|10.1|0.359|1.3|2.0|0.664|2.7|3.8|3.4|8.6|harribo02
sharech01|5|Chuck Share|28.0|72||27.4|4.4|10.2|0.43|4.8|6.9|0.695|10.8|1.8|4.4|13.6|sharech01
rickedi01|6|Dick Ricketts|22.0|29||26.8|3.2|10.4|0.312|1.9|2.7|0.705|6.8|2.8|4.0|8.4|rickedi01
selvyfr01|7|Frank Selvy|23.0|17||26.1|3.9|10.8|0.366|3.1|4.2|0.746|3.2|2.1|2.2|11.0|selvyfr01
mcmahja01|8|Jack McMahon|27.0|36||23.8|2.8|8.6|0.331|1.5|2.6|0.579|2.6|3.0|2.4|7.2|mcmahja01
ferraal01|9|Al Ferrari|22.0|68||23.7|2.8|7.9|0.358|2.4|3.5|0.695|2.7|2.4|2.8|8.0|ferraal01
hannual01|10|Alex Hannum|32.0|71||20.8|2.1|6.4|0.322|1.3|2.2|0.604|4.8|2.2|3.8|5.4|hannual01
coopech01|11|Chuck Cooper|29.0|35||16.4|1.7|4.9|0.337|1.8|2.4|0.738|3.9|1.7|2.0|5.1|coopech01
schafbo01|12|Bob Schafer||42||11.8|1.6|5.6|0.294|1.3|1.6|0.797|1.4|1.0|1.5|4.6|schafbo01
harrich01|13|Chris Harris|22.0|15||11.2|1.0|4.0|0.25|0.7|1.2|0.611|1.2|1.2|1.1|2.7|harrich01
parkme01|14|Med Park|22.0|40||10.6|1.3|3.8|0.349|1.1|1.8|0.629|2.4|1.0|1.6|3.8|parkme01
