player_id|Rk|Unnamed: 1|Age|G|GS|MP|FG|FGA|FG%|FT|FTA|FT%|TRB|AST|PF|PTS|player_id
hayesel01|1|Elvin Hayes|26|82||3461|8.7|20.0|0.434|4.2|6.4|0.649|12.5|2.8|2.4|21.5|hayesel01
lantzst01|2|Stu Lantz|25|81||3097|6.5|14.9|0.435|4.5|5.4|0.838|4.0|3.9|2.5|17.4|lantzst01
tomjaru01|3|Rudy Tomjanovich|23|78||2689|6.7|13.5|0.495|2.3|3.2|0.723|12.4|1.6|2.6|15.7|tomjaru01
murphca01|4|Calvin Murphy|23|82||2538|8.1|17.8|0.455|5.0|5.6|0.89|3.7|5.6|4.2|21.1|murphca01
meelycl01|5|Cliff Meely|24|77||1815|6.2|15.4|0.406|2.6|3.9|0.675|10.1|2.4|5.0|15.1|meelycl01
smithgr01|6|Greg Smith|25|54||1519|5.0|11.2|0.44799999999999995|1.7|2.6|0.636|7.6|3.8|4.0|11.7|smithgr01
newlimi01|7|Mike Newlin|23|82||1495|6.2|14.9|0.414|2.6|3.5|0.75|5.5|3.3|5.6|14.9|newlimi01
gibbsdi01|8|Dick Gibbs|23|64||757|4.3|12.6|0.34|2.6|3.1|0.833|6.7|2.4|6.0|11.2|gibbsdi01
cunnidi01|9|Dick Cunningham|25|63||720|3.3|8.7|0.385|1.8|2.6|0.698|12.2|2.8|3.8|8.6|cunnidi01
eganjo01|10|Johnny Egan|33|38||437|3.5|8.6|0.40399999999999997|2.1|2.6|0.813|2.1|4.2|4.5|9.1|eganjo01
perrycu01|11|Curtis Perry|23|25||355|3.9|11.7|0.33|1.2|2.4|0.5|12.4|2.2|4.8|8.9|perrycu01
vallejo01|12|John Vallely|23|40||256|6.9|18.0|0.38299999999999995|2.4|3.5|0.68|3.0|3.9|5.2|16.2|vallejo01
siegfla01|13|Larry Siegfried|32|10||223|2.9|7.4|0.391|1.9|2.3|0.857|1.6|3.2|3.4|7.7|siegfla01
davisji01|14|Jim Davis|30|12||180|3.6|10.8|0.33299999999999996|5.2|7.6|0.684|8.8|1.0|3.6|12.4|davisji01
mclemmc01|15|McCoy McLemore|29|17||147|4.7|10.5|0.442|2.2|2.9|0.75|9.6|2.4|3.7|11.5|mclemmc01
adamsdo01|16|Don Adams|24|3||41|5.3|16.7|0.316|0.9|1.8|0.5|7.0|2.6|6.1|11.4|adamsdo01
