|Team|Jun 22 *|Aug 1 *|Aug 10 *|Aug 17 *|Oct 1|Oct 30|Dec 1|Jan 1|Feb 1|All-StarBreak|Mar 1|Apr 1|Round 1|ConfSemis|ConfFinals|Finals|franch_id
0|Miami Heat|250|200|220|220|250|225|185|200|200|185.0|160.0||-125.0|-222.0|-333.0|-220.0|MIA
1|San Antonio Spurs|700|800|1000|1500|1600|1600|1000|800|700|600.0|550.0||650.0|400.0|550.0|180.0|SAS
2|Memphis Grizzlies|3000|3000|3000|3000|3300|3300|2000|1600|2000|4000.0|3300.0||3300.0|1000.0|650.0||MEM
3|Indiana Pacers|2000|2000|2000|3000|2800|3300|5000|5000|4000|2500.0|1800.0||2000.0|2200.0|1600.0||IND
4|Oklahoma City Thunder|250|350|350|450|450|450|400|350|275|275.0|300.0||350.0|900.0|||OKC
5|New York Knicks|6000|4000|4000|3000|2800|3300|1600|1200|1600|1600.0|1800.0||1600.0|1400.0|||NYK
6|Golden State Warriors|10000|10000|10000|10000|15000|15000|12500|6600|5000|6600.0|8000.0||10000.0|3300.0|||GSW
7|Chicago Bulls|500|800|800|1000|1200|1200|2000|2000|1400|2000.0|2000.0||4000.0|5000.0|||CHI
8|Los Angeles Clippers|3000|3000|3000|2500|2000|2200|1600|900|650|700.0|800.0||1600.0||||LAC
9|Denver Nuggets|3000|4000|4000|4000|5000|5000|5000|6600|4000|3300.0|3300.0||2200.0||||DEN
10|Los Angeles Lakers|1200|600|450|220|275|275|400|650|1400|2200.0|2200.0||4000.0||||LAL
11|Brooklyn Nets|10000|5000|5000|4000|2800|2800|2800|3300|2800|3300.0|3300.0||5000.0||||NJN
12|Boston Celtics|2000|2000|2000|2500|2500|2000|2500|2800|3300|3300.0|3300.0||6600.0||||BOS
13|Atlanta Hawks|6000|6000|6000|6000|6600|8000|8000|6600|5000|6600.0|6600.0||10000.0||||ATL
14|Houston Rockets|10000|4000|4000|10000|6600|6600|8000|10000|8000|10000.0|10000.0||12500.0||||HOU
15|Milwaukee Bucks|10000|10000|10000|10000|10000|10000|10000|8000|10000|12500.0|15000.0||25000.0||||MIL
16|Utah Jazz|10000|7500|7500|10000|10000|10000|10000|10000|8000|8000.0|10000.0||||||UTA
17|Dallas Mavericks|1500|4000|4000|4000|2500|3300|4000|6600|10000|15000.0|20000.0||||||DAL
18|Portland Trail Blazers|10000|7500|7500|10000|10000|10000|15000|15000|15000|20000.0|20000.0||||||POR
19|Philadelphia 76ers|6000|6000|5000|3000|4000|5000|6000|8000|15000|15000.0|25000.0||||||PHI
20|Toronto Raptors|10000|10000|10000|10000|25000|25000|25000|50000|30000|50000.0|30000.0||||||TOR
21|Detroit Pistons|10000|10000|10000|10000|17500|20000|25000|30000|30000|50000.0|50000.0||||||DET
22|Minnesota Timberwolves|10000|7500|7500|10000|8000|8000|10000|10000|25000|25000.0|75000.0||||||MIN
23|New Orleans Hornets|10000|10000|10000|10000|15000|15000|25000|50000|100000|75000.0|||||||NOH
24|Orlando Magic|3000|6000|10000|10000|6600|15000|25000|25000|75000|100000.0|||||||ORL
25|Sacramento Kings|10000|10000|10000|10000|20000|25000|30000|50000|100000|100000.0|||||||SAC
26|Phoenix Suns|10000|10000|10000|10000|10000|15000|20000|30000|200000|100000.0|||||||PHO
27|Cleveland Cavaliers|10000|10000|10000|10000|20000|20000|35000|50000|200000|100000.0|||||||CLE
28|Charlotte Bobcats|10000|10000|10000|10000|50000|50000|35000|100000|200000||||||||CHA
29|Washington Wizards|10000|10000|10000|10000|12500|20000|50000|100000|250000||||||||WAS
