|Season|Age|Tm|Lg|Pos|G|GS|MP|FG|FGA|FG%|3P|3PA|3P%|2P|2PA|2P%|FT|FTA|FT%|ORB|DRB|TRB|AST|STL|BLK|TOV|PF|PTS
0|1984-85|24.0|IND|NBA|SF|82.0|26.0|1586.0|4.9|10.6|0.46|0.0|0.1|0.0|4.9|10.4|0.466|2.6|3.9|0.6779999999999999|3.3|3.2|6.5|3.6|1.3|0.3|2.6|4.8|12.3
1|1985-86|25.0|CHI|NBA|SG|10.0|0.0|132.0|4.9|11.2|0.439|0.0|0.5|0.0|4.9|10.6|0.462|2.5|3.5|0.6920000000000001|1.4|3.0|4.4|3.8|1.4|0.3|1.1|4.4|12.3
2|1986-87|26.0|NJN|NBA|SG|77.0|67.0|2339.0|5.5|12.5|0.442|0.1|0.3|0.25|5.4|12.2|0.447|2.3|3.2|0.738|1.3|2.1|3.4|4.0|1.4|0.2|2.4|4.2|13.4
4|1988-89|28.0|HOU|NBA|SG|14.0|0.0|91.0|5.5|17.8|0.311|0.8|3.6|0.222|4.7|14.2|0.33299999999999996|2.4|3.2|0.75|2.8|3.2|5.9|2.0|1.2|0.0|2.8|5.5|14.2
5|1988-89|28.0|MIL|NBA|SF|29.0|0.0|274.0|4.7|9.6|0.493|0.3|0.9|0.28600000000000003|4.5|8.7|0.515|2.4|3.0|0.7829999999999999|2.0|1.8|3.8|2.8|1.6|0.5|1.3|3.7|12.1
6|1989-90|29.0|MIL|NBA|SF|61.0|10.0|635.0|5.0|11.7|0.42700000000000005|0.3|1.1|0.25|4.7|10.5|0.446|2.2|3.2|0.679|2.2|1.9|4.1|2.3|1.8|0.2|2.9|4.5|12.4
8|1990-91|30.0|LAL|NBA|SF|7.0|0.0|27.0|2.7|4.0|0.667|1.3|1.3|1.0|1.3|2.7|0.5|0.0|0.0||0.0|5.3|5.3|4.0|0.0|0.0|5.3|10.7|6.7
9|1990-91|30.0|UTA|NBA|SG|23.0|0.0|267.0|3.8|10.4|0.364|0.3|1.5|0.182|3.5|8.9|0.39399999999999996|2.7|3.1|0.87|3.2|2.0|5.3|1.8|0.5|0.0|1.6|5.3|10.5
11|1991-92|31.0|LAC|NBA|SF|22.0|0.0|254.0|5.5|12.6|0.43799999999999994|1.0|3.1|0.318|4.5|9.5|0.478|2.6|4.1|0.621|1.3|2.7|4.0|2.3|1.7|0.1|2.0|4.4|14.6
12|1991-92|31.0|SEA|NBA|SF|35.0|2.0|401.0|5.7|14.4|0.39399999999999996|1.1|3.7|0.293|4.6|10.7|0.429|2.7|3.3|0.8109999999999999|2.1|3.0|5.0|2.9|1.6|0.4|1.9|4.6|15.1
