|Season|Age|Tm|Lg|Pos|G|GS|MP|FG|FGA|FG%|FT|FTA|FT%|ORB|DRB|TRB|AST|STL|BLK|PF|PTS
0|1960-61|22.0|LAL|NBA|PG|79||2797|6.8|16.3|0.419|4.3|6.4|0.6659999999999999|||7.9|4.3|||2.7|17.9
1|1961-62|23.0|LAL|NBA|PG|75||3087|9.3|20.9|0.445|8.3|10.8|0.769|||6.9|4.7|||2.0|26.9
2|1962-63|24.0|LAL|NBA|PG|55||2163|9.3|20.2|0.461|6.2|7.9|0.778|||6.4|5.1|||2.5|24.8
3|1963-64|25.0|LAL|NBA|PG|72||2906|9.2|18.9|0.484|7.2|8.7|0.8320000000000001|||5.4|5.0|||2.5|25.6
4|1964-65|26.0|LAL|NBA|PG|74||3066|9.7|19.4|0.49700000000000005|7.6|9.3|0.821|||5.2|4.3|||2.6|26.9
5|1965-66|27.0|LAL|NBA|PG|79||3218|9.2|19.4|0.473|9.4|10.9|0.86|||6.3|5.4|||2.7|27.7
6|1966-67|28.0|LAL|NBA|PG|66||2670|8.7|18.7|0.46399999999999997|8.1|9.2|0.878|||5.3|6.0|||2.2|25.5
7|1967-68|29.0|LAL|NBA|SG|51||1919|8.9|17.4|0.514|7.3|9.0|0.8109999999999999|||5.5|5.8|||2.9|25.2
8|1968-69|30.0|LAL|NBA|SG|61||2394|8.2|17.4|0.47100000000000003|7.4|9.0|0.821|||3.9|6.4|||2.3|23.8
9|1969-70|31.0|LAL|NBA|PG|74||3106|9.6|19.4|0.49700000000000005|7.5|9.1|0.8240000000000001|||3.9|6.4|||1.9|26.8
10|1970-71|32.0|LAL|NBA|PG|69||2845|8.4|17.1|0.494|6.6|8.0|0.8320000000000001|||4.0|8.3|||2.3|23.5
11|1971-72|33.0|LAL|NBA|PG|77||2973|8.9|18.6|0.47700000000000004|6.2|7.7|0.8140000000000001|||4.0|9.0|||2.5|24.0
12|1972-73|34.0|LAL|NBA|PG|69||2460|9.0|18.9|0.479|5.0|6.2|0.805|||4.2|8.9|||2.0|23.0
13|1973-74|35.0|LAL|NBA|PG|31||967|8.6|19.3|0.447|6.1|7.4|0.833|1.1|3.2|4.3|7.7|3.0|0.9|3.0|23.4
