|Season|Age|Tm|Lg|Pos|G|GS|MP|FG|FGA|FG%|FT|FTA|FT%|ORB|DRB|TRB|AST|STL|BLK|PF|PTS
0|1960-61|22.0|LAL|NBA|PG|12||461|7.7|15.8|0.49|6.0|8.3|0.726|||8.1|4.9|||3.0|21.5
1|1961-62|23.0|LAL|NBA|PG|13||557|9.3|20.0|0.465|7.8|9.7|0.807|||5.7|3.7|||2.5|26.4
2|1962-63|24.0|LAL|NBA|PG|13||538|9.6|19.1|0.503|5.0|6.7|0.74|||7.1|4.1|||2.3|24.2
3|1963-64|25.0|LAL|NBA|PG|5||206|10.0|20.1|0.496|7.3|9.3|0.792|||6.3|3.0|||3.5|27.3
4|1964-65|26.0|LAL|NBA|PG|11||470|11.9|26.9|0.442|10.5|11.8|0.89|||4.8|4.4|||2.8|34.2
5|1965-66|27.0|LAL|NBA|PG|14||619|10.8|20.8|0.518|6.3|7.3|0.872|||5.1|4.6|||2.3|27.9
6|1966-67|28.0|LAL|NBA|PG|1||1|0.0|0.0||0.0|0.0||||36.0|0.0|||0.0|0.0
7|1967-68|29.0|LAL|NBA|SG|15||622|9.5|18.1|0.527|7.6|9.8|0.7809999999999999|||4.7|4.7|||2.7|26.7
8|1968-69|30.0|LAL|NBA|SG|18||757|9.3|20.1|0.46299999999999997|7.8|9.7|0.804|||3.4|6.4|||2.5|26.4
9|1969-70|31.0|LAL|NBA|PG|18||830|8.5|18.1|0.469|7.4|9.2|0.802|||2.9|6.5|||2.4|24.4
10|1971-72|33.0|LAL|NBA|PG|15||608|7.6|20.1|0.376|5.2|6.3|0.83|||4.3|7.9|||2.3|20.4
11|1972-73|34.0|LAL|NBA|PG|17||638|8.5|19.0|0.449|5.6|7.2|0.78|||4.3|7.4|||2.8|22.6
12|1973-74|35.0|LAL|NBA|PG|1||14|5.1|23.1|0.222|0.0|0.0||0.0|5.1|5.1|2.6|0.0|0.0|2.6|10.3
