|Rk|Team|G|W|L|W/L%|PW|PL|ORtg|DRtg|Pace|FTr|3PAr|eFG%|TOV%|ORB%|FT/FGA|Opp eFG%|Opp TOV%|DRB%|Opp FT/FGA
0|1.0|Los Angeles Lakers|16.0|15.0|1.0|0.938|13.8|2.2|111.6|97.9|92.0|0.375|0.19399999999999998|0.505|12.8|33.0|0.254|0.433|13.1|74.1|0.249
1|2.0|Philadelphia 76ers|23.0|12.0|11.0|0.522|11.4|11.6|105.7|105.8|87.0|0.332|0.141|0.445|11.8|32.7|0.253|0.486|13.3|71.5|0.201
2|3.0|Milwaukee Bucks|18.0|10.0|8.0|0.556|9.9|8.1|107.8|106.2|88.3|0.294|0.218|0.47600000000000003|12.5|30.4|0.235|0.447|10.8|68.8|0.242
3|4.0|San Antonio Spurs|13.0|7.0|6.0|0.5379999999999999|6.3|6.7|102.2|102.6|89.6|0.353|0.2|0.475|13.7|25.0|0.253|0.442|11.1|70.7|0.20199999999999999
4|5.0|Charlotte Hornets|10.0|6.0|4.0|0.6|7.2|2.8|108.0|100.9|88.6|0.402|0.154|0.462|11.6|30.3|0.301|0.47|14.7|73.8|0.21100000000000002
5|6.0|Toronto Raptors|12.0|6.0|6.0|0.5|6.4|5.6|106.0|105.0|86.9|0.262|0.19|0.48100000000000004|13.3|29.4|0.198|0.47700000000000004|13.8|71.4|0.259
6|7.0|Dallas Mavericks|10.0|4.0|6.0|0.4|3.7|6.3|104.2|108.4|88.5|0.317|0.213|0.436|11.2|27.0|0.26899999999999996|0.491|13.1|69.7|0.255
7|8.0|Sacramento Kings|8.0|3.0|5.0|0.375|4.0|4.0|101.5|101.3|96.2|0.33299999999999996|0.166|0.43200000000000005|14.4|32.0|0.272|0.44799999999999995|13.0|69.9|0.256
8|9.0|Utah Jazz|5.0|2.0|3.0|0.4|1.7|3.3|103.8|108.6|86.3|0.332|0.141|0.447|12.0|30.3|0.257|0.46799999999999997|13.1|75.0|0.332
9|10.0|New York Knicks|5.0|2.0|3.0|0.4|1.9|3.1|101.3|105.0|87.8|0.32799999999999996|0.165|0.496|15.2|22.4|0.255|0.462|13.3|70.1|0.231
10|11.0|Phoenix Suns|4.0|1.0|3.0|0.25|0.8|3.2|92.2|102.1|96.0|0.254|0.19|0.40399999999999997|12.1|27.7|0.182|0.434|15.1|65.8|0.282
11|12.0|Minnesota Timberwolves|4.0|1.0|3.0|0.25|1.0|3.0|93.5|100.9|87.7|0.27|0.126|0.406|12.5|25.0|0.22|0.47|14.1|75.9|0.257
12|13.0|Indiana Pacers|4.0|1.0|3.0|0.25|1.1|2.9|100.3|107.5|87.0|0.228|0.222|0.436|12.1|26.4|0.188|0.444|10.6|65.9|0.27699999999999997
13|14.0|Orlando Magic|4.0|1.0|3.0|0.25|1.3|2.7|107.9|113.9|92.8|0.273|0.228|0.479|10.1|27.4|0.187|0.45299999999999996|10.3|63.4|0.33399999999999996
14|15.0|Portland Trail Blazers|3.0|0.0|3.0|0.0|0.3|2.7|97.3|113.4|91.4|0.341|0.266|0.45399999999999996|14.6|22.1|0.258|0.486|10.6|65.6|0.237
15|16.0|Miami Heat|3.0|0.0|3.0|0.0|0.1|2.9|87.5|112.4|89.6|0.267|0.23|0.447|18.8|18.8|0.18899999999999997|0.496|13.6|69.7|0.363
