player_id|Rk|Unnamed: 1|Age|G|MP|PER|TS%|3PAr|FTr|ORB%|DRB%|TRB%|AST%|STL%|BLK%|TOV%|USG%|Unnamed: 17|OWS|DWS|WS|WS/48|Unnamed: 22|OBPM|DBPM|BPM|VORP|player_id
parketo01|1|Tony Parker|22|80|2735|18.0|0.528|0.14|0.289|2.0|10.7|6.4|33.2|1.9|0.1|14.6|25.1||3.6|4.5|8.1|0.141||1.9|0.5|2.3|3.0|parketo01
bowenbr01|2|Bruce Bowen|33|82|2627|9.5|0.521|0.423|0.187|2.2|10.5|6.3|7.5|1.1|1.1|8.1|12.5||2.1|4.0|6.1|0.111||-0.6|1.8|1.1|2.1|bowenbr01
duncati01|3|Tim Duncan|28|66|2203|27.0|0.54|0.009000000000000001|0.43700000000000006|10.7|28.2|19.4|16.1|1.1|5.7|9.3|28.9||5.5|5.7|11.2|0.245||1.9|4.5|6.4|4.7|duncati01
ginobma01|4|Manu Ginóbili|27|74|2193|22.3|0.609|0.331|0.5670000000000001|4.0|13.6|8.8|23.0|2.9|0.9|15.0|24.3||6.4|4.6|11.0|0.24||4.8|2.2|7.0|5.0|ginobma01
nestera01|5|Rasho Nesterović|28|70|1785|12.0|0.46299999999999997|0.0|0.07|12.0|18.0|15.0|6.3|0.9|4.7|14.1|13.5||0.5|3.8|4.2|0.114||-2.7|4.1|1.4|1.5|nestera01
barrybr01|6|Brent Barry|33|81|1742|14.0|0.58|0.61|0.294|1.9|10.8|6.4|16.3|1.2|0.8|11.0|15.6||3.5|2.7|6.1|0.168||1.7|0.3|2.0|1.8|barrybr01
horryro01|7|Robert Horry|34|75|1396|14.9|0.5329999999999999|0.368|0.29100000000000004|7.6|14.8|11.2|9.2|2.6|3.1|14.0|16.4||1.4|3.1|4.6|0.157||-0.1|3.6|3.5|1.9|horryro01
brownde02|8|Devin Brown|26|67|1238|14.6|0.53|0.29600000000000004|0.318|3.5|13.2|8.3|12.4|1.7|0.7|10.2|19.5||1.6|2.1|3.7|0.145||-0.2|0.6|0.4|0.7|brownde02
udrihbe01|9|Beno Udrih|22|80|1149|14.3|0.5489999999999999|0.364|0.228|1.6|6.8|4.2|22.2|1.9|0.6|15.2|20.5||1.3|1.8|3.1|0.128||0.1|-0.9|-0.7|0.4|udrihbe01
rosema01|10|Malik Rose|30|50|862|14.0|0.51|0.015|0.371|12.9|17.9|15.4|8.0|1.9|0.8|15.3|19.8||0.6|1.7|2.3|0.13||-1.8|1.4|-0.4|0.3|rosema01
masseto01|11|Tony Massenburg|37|61|699|8.5|0.467|0.0|0.34600000000000003|9.0|18.3|13.6|3.2|1.4|2.1|16.0|16.6||-0.3|1.4|1.1|0.078||-5.4|1.1|-4.3|-0.4|masseto01
mohamna01|12|Nazr Mohammed|27|23|414|14.2|0.426|0.0|0.39399999999999996|22.0|19.5|20.8|3.2|0.7|5.8|13.9|21.8||-0.1|0.9|0.8|0.095||-4.0|1.2|-2.8|-0.1|mohamna01
wilksmi01|13|Mike Wilks|25|48|278|11.0|0.48200000000000004|0.20800000000000002|0.20800000000000002|1.7|8.8|5.3|19.1|2.7|0.3|14.3|16.4||0.1|0.5|0.6|0.099||-2.7|0.5|-2.2|0.0|wilksmi01
marksse01|14|Sean Marks|29|23|244|8.7|0.41200000000000003|0.038|0.35|8.6|18.2|13.4|5.2|0.7|3.3|13.2|20.3||-0.3|0.5|0.2|0.038||-6.6|0.7|-5.9|-0.2|marksse01
robingl01|15|Glenn Robinson|32|9|157|17.2|0.517|0.078|0.299|3.0|14.9|8.9|9.8|1.4|1.4|7.4|27.9||0.2|0.3|0.5|0.147||-1.8|-1.0|-2.9|0.0|robingl01
glovedi01|16|Dion Glover|26|7|68|14.0|0.473|0.364|0.455|5.2|13.8|9.5|9.5|2.4|3.2|7.0|19.4||0.1|0.1|0.2|0.15||-1.4|1.8|0.5|0.0|glovedi01
johnsli01|17|Linton Johnson|24|2|15|-3.4|0.0|0.5|0.0|0.0|23.4|11.7|0.0|3.6|0.0|33.3|9.3||-0.1|0.0|0.0|-0.122||-13.4|1.9|-11.5|0.0|johnsli01
