|Season|Age|Tm|Lg|Pos|G|GS|MP|FG|FGA|FG%|3P|3PA|3P%|2P|2PA|2P%|FT|FTA|FT%|ORB|DRB|TRB|AST|STL|BLK|TOV|PF|PTS
0|2005-06|22.0|NYK|NBA|SF|67.0|14.0|1129.0|4.4|7.3|0.596|0.0|0.0||4.4|7.3|0.596|2.3|3.9|0.5770000000000001|3.5|6.2|9.7|1.4|1.0|0.6|1.6|4.0|11.0
1|2006-07|23.0|NYK|NBA|PF|58.0|12.0|1731.0|5.0|8.3|0.6|0.0|0.0||5.0|8.3|0.6|2.9|3.6|0.815|4.1|8.4|12.5|2.2|1.0|0.5|1.9|3.2|12.9
2|2007-08|24.0|NYK|NBA|PF|81.0|29.0|2356.0|5.2|9.4|0.552|0.0|0.0|0.0|5.2|9.4|0.5539999999999999|3.0|3.6|0.8190000000000001|3.7|7.4|11.1|1.5|0.8|0.4|1.5|3.2|13.4
3|2008-09|25.0|NYK|NBA|C|81.0|74.0|2824.0|6.7|12.1|0.5489999999999999|0.0|0.0|0.0|6.7|12.1|0.551|3.2|4.2|0.755|3.3|8.9|12.1|2.2|1.0|0.3|1.9|3.3|16.5
4|2009-10|26.0|NYK|NBA|C|81.0|81.0|3019.0|8.2|15.0|0.545|0.0|0.1|0.0|8.2|14.9|0.5489999999999999|3.2|3.9|0.812|2.7|8.6|11.3|3.5|1.0|0.5|2.3|3.1|19.6
5|2010-11|27.0|GSW|NBA|PF|73.0|73.0|2634.0|6.8|13.4|0.507|0.0|0.0|0.33299999999999996|6.8|13.3|0.508|2.9|3.6|0.787|3.0|6.8|9.8|3.2|1.0|0.4|2.3|2.9|16.4
6|2011-12|28.0|GSW|NBA|PF|57.0|57.0|2121.0|7.9|15.6|0.503|0.0|0.1|0.0|7.9|15.6|0.506|3.7|4.8|0.782|2.9|6.3|9.3|2.7|0.9|0.4|2.5|3.0|19.5
7|2012-13|29.0|GSW|NBA|PF|79.0|79.0|2907.0|7.5|14.4|0.519|0.0|0.0|0.0|7.5|14.3|0.521|3.2|4.0|0.797|2.7|8.3|11.0|3.5|0.8|0.3|2.6|3.0|18.1
8|2013-14|30.0|GSW|NBA|PF|69.0|67.0|2288.0|8.1|15.4|0.523|0.0|0.0|0.0|8.1|15.4|0.523|3.6|4.7|0.78|2.9|7.3|10.1|2.3|0.8|0.4|2.4|3.2|19.8
9|2014-15|31.0|GSW|NBA|PF|49.0|4.0|904.0|6.4|12.5|0.511|0.0|0.1|0.0|6.4|12.4|0.514|2.7|4.1|0.654|3.2|7.0|10.2|3.4|1.2|1.0|2.0|3.3|15.5
11|2015-16|32.0|BOS|NBA|PF|30.0|4.0|470.0|6.7|14.7|0.45299999999999996|0.0|0.1|0.0|6.7|14.6|0.455|3.1|3.9|0.784|3.1|6.8|10.0|4.1|0.9|1.0|2.9|3.9|16.4
12|2015-16|32.0|DAL|NBA|PF|25.0|1.0|433.0|7.6|11.9|0.636|0.0|0.0||7.6|11.9|0.636|2.6|3.5|0.738|5.0|9.6|14.5|2.5|0.8|1.2|2.3|5.2|17.7
13|2016-17|33.0|SAS|NBA|PF|79.0|10.0|1477.0|6.0|10.2|0.59|0.0|0.0||6.0|10.2|0.59|1.9|2.8|0.708|3.6|7.1|10.7|3.0|0.8|1.0|2.0|3.0|14.0
