|Season|Age|Tm|Lg|Pos|G|MP|FG%|Dist.|% of 2PA|% of 0-3|% of 3-10|% of 10-16|% of 16-3pt|% of 3P|2P %FG|0-3 %FG|3-10 %FG|10-16 %FG|16-3pt%FG|3P %FG|2P % Assisted|% of Dunks|Dunks Made|3P % Assisted|% of 3PA from Corner|Corner 3 %FG |Heaves Attempted|Heaves Made
0|2005-06|22.0|NYK|NBA|SF|67.0|1129.0|0.596|4.5|1.0|0.652|0.14300000000000002|0.07|0.135|0.0|0.596|0.68|0.303|0.188|0.71||0.664|0.209|41.0||||0.0|0.0
1|2006-07|23.0|NYK|NBA|PF|58.0|1731.0|0.6|3.3|1.0|0.725|0.14300000000000002|0.03|0.10300000000000001|0.0|0.6|0.7|0.386|0.16699999999999998|0.317||0.588|0.153|59.0||||0.0|0.0
2|2007-08|24.0|NYK|NBA|PF|81.0|2356.0|0.552|3.5|0.997|0.6970000000000001|0.136|0.091|0.073|0.003|0.5539999999999999|0.603|0.46399999999999997|0.48200000000000004|0.33299999999999996|0.0|0.5920000000000001|0.175|102.0||1.0|0.0|0.0|0.0
3|2008-09|25.0|NYK|NBA|C|81.0|2824.0|0.5489999999999999|4.7|0.997|0.636|0.121|0.12300000000000001|0.11699999999999999|0.003|0.551|0.636|0.504|0.316|0.37799999999999995|0.0|0.665|0.114|103.0||0.0||0.0|0.0
4|2009-10|26.0|NYK|NBA|C|81.0|3019.0|0.545|8.0|0.9940000000000001|0.46399999999999997|0.134|0.114|0.282|0.006|0.5489999999999999|0.6629999999999999|0.435|0.49|0.439|0.0|0.638|0.055999999999999994|68.0||0.125|0.0|0.0|0.0
5|2010-11|27.0|GSW|NBA|PF|73.0|2634.0|0.507|8.9|0.997|0.354|0.23600000000000002|0.12|0.287|0.003|0.508|0.688|0.342|0.444|0.44799999999999995|0.33299999999999996|0.675|0.086|80.0|1.0|0.0||0.0|0.0
6|2011-12|28.0|GSW|NBA|PF|57.0|2121.0|0.503|7.5|0.995|0.382|0.317|0.11|0.187|0.005|0.506|0.688|0.366|0.475|0.39|0.0|0.623|0.07400000000000001|66.0||0.0||0.0|0.0
7|2012-13|29.0|GSW|NBA|PF|79.0|2907.0|0.519|7.8|0.997|0.387|0.29100000000000004|0.11599999999999999|0.203|0.003|0.521|0.6859999999999999|0.41200000000000003|0.415|0.42100000000000004|0.0|0.6829999999999999|0.059000000000000004|65.0||0.0||2.0|0.0
8|2013-14|30.0|GSW|NBA|PF|69.0|2288.0|0.523|5.7|0.9990000000000001|0.466|0.355|0.078|0.1|0.001|0.523|0.67|0.408|0.39|0.35700000000000004|0.0|0.682|0.075|70.0||0.0||0.0|0.0
9|2014-15|31.0|GSW|NBA|PF|49.0|904.0|0.511|6.1|0.9940000000000001|0.48200000000000004|0.326|0.08|0.105|0.006|0.514|0.6890000000000001|0.314|0.56|0.303|0.0|0.706|0.077|23.0||0.0||1.0|0.0
11|2015-16|32.0|BOS|NBA|PF|30.0|470.0|0.45299999999999996|4.6|0.995|0.557|0.302|0.068|0.068|0.005|0.455|0.5329999999999999|0.379|0.385|0.231|0.0|0.609|0.057|10.0||0.0||0.0|0.0
12|2015-16|32.0|DAL|NBA|PF|25.0|433.0|0.636|3.2|1.0|0.6709999999999999|0.252|0.035|0.042|0.0|0.636|0.75|0.389|0.4|0.5||0.736|0.14|20.0||||0.0|0.0
13|2016-17|33.0|SAS|NBA|PF|79.0|1477.0|0.59|4.7|1.0|0.6|0.245|0.081|0.07400000000000001|0.0|0.59|0.706|0.41700000000000004|0.47100000000000003|0.355||0.698|0.107|44.0||||0.0|0.0
