|Season|Age|Tm|Lg|Pos|G|MP|PER|TS%|3PAr|FTr|ORB%|DRB%|TRB%|AST%|STL%|BLK%|TOV%|USG%|OWS|DWS|WS|WS/48|OBPM|DBPM|BPM|VORP
0|1978-79|21.0|CHI|NBA|PG|82.0|2753.0|13.3|0.526||0.31|3.7|5.4|4.5|22.8|1.6|0.3|19.2|22.9|1.5|1.7|3.2|0.055999999999999994|-0.6|-1.3|-1.9|0.1
1|1979-80|22.0|CHI|NBA|SG|82.0|3029.0|17.0|0.579|0.09|0.509|5.4|6.7|6.1|25.9|1.8|0.4|19.5|24.0|5.2|1.7|6.9|0.11|2.4|-0.8|1.5|2.7
2|1980-81|23.0|CHI|NBA|SG|82.0|2820.0|18.4|0.578|0.08199999999999999|0.501|5.2|6.3|5.8|22.2|2.1|0.4|16.2|23.1|7.1|2.1|9.2|0.156|3.3|-1.2|2.1|3.0
3|1981-82|24.0|CHI|NBA|SG|82.0|2838.0|16.2|0.542|0.084|0.376|4.8|7.5|6.2|25.8|1.5|0.3|16.6|24.6|3.8|1.5|5.3|0.09|1.4|-1.2|0.2|1.5
4|1982-83|25.0|CHI|NBA|PG|82.0|2856.0|19.2|0.541|0.057999999999999996|0.34600000000000003|3.4|7.8|5.6|27.1|2.3|0.3|15.1|28.8|5.0|1.6|6.5|0.11|2.4|-1.0|1.4|2.4
6|1983-84|26.0|CHI|NBA|PG|31.0|601.0|12.9|0.47600000000000003|0.063|0.456|4.0|4.9|4.4|35.1|1.7|0.3|17.2|23.7|0.1|0.4|0.5|0.043|-0.8|-2.8|-3.6|-0.2
7|1983-84|26.0|KCK|NBA|PG|30.0|897.0|15.3|0.511|0.07|0.446|3.6|7.0|5.3|33.4|1.5|0.6|17.3|25.1|0.6|0.6|1.2|0.065|0.6|-1.6|-1.1|0.2
8|1984-85|27.0|KCK|NBA|SG|82.0|2543.0|17.0|0.5589999999999999|0.037000000000000005|0.376|4.8|7.3|6.1|35.3|1.7|0.4|20.4|23.4|3.7|0.9|4.6|0.086|1.0|-0.8|0.3|1.5
9|1985-86|28.0|SAC|NBA|SG|82.0|2919.0|17.9|0.556|0.031|0.431|2.8|8.9|5.9|38.2|1.8|0.4|19.5|23.3|4.5|1.9|6.4|0.105|2.1|-1.2|0.8|2.1
10|1986-87|29.0|SAC|NBA|PG|79.0|2872.0|17.9|0.555|0.064|0.405|3.3|6.9|5.1|35.0|1.3|0.3|16.7|24.1|5.4|0.8|6.2|0.10400000000000001|2.9|-2.3|0.5|1.8
11|1987-88|30.0|SAC|NBA|SG|73.0|2653.0|16.5|0.529|0.045|0.292|2.9|6.6|4.8|27.2|1.1|0.3|13.6|26.1|3.4|0.3|3.7|0.066|1.7|-2.8|-1.1|0.6
12|1988-89|31.0|ATL|NBA|SG|82.0|2517.0|16.1|0.534|0.054000000000000006|0.314|3.7|6.9|5.2|23.2|2.1|0.4|13.8|22.8|3.9|2.0|5.9|0.113|1.7|-0.9|0.8|1.8
13|1989-90|32.0|ORL|NBA|SG|76.0|2350.0|15.9|0.524|0.08900000000000001|0.376|3.3|6.8|5.0|26.5|1.2|0.3|14.1|26.6|2.7|-0.1|2.5|0.052000000000000005|1.6|-2.9|-1.4|0.4
14|1990-91|33.0|NJN|NBA|SG|81.0|2955.0|14.2|0.54|0.115|0.275|2.4|5.9|4.1|20.1|1.4|0.7|15.3|22.4|2.9|1.8|4.7|0.076|0.5|-1.6|-1.1|0.7
