player_id|Rk|Unnamed: 1|Age|G|GS|MP|FG|FGA|FG%|FT|FTA|FT%|TRB|AST|PF|PTS|player_id
marinja01|1|Jack Marin|26|82||2920|7.7|16.8|0.46|3.6|4.2|0.848|6.3|2.7|3.2|19.0|marinja01
unselwe01|2|Wes Unseld|24|74||2904|5.3|10.5|0.501|2.5|3.8|0.657|15.5|3.6|2.9|13.0|unselwe01
monroea01|3|Earl Monroe|26|81||2843|8.4|19.0|0.442|5.1|6.4|0.802|2.7|4.5|2.8|21.9|monroea01
johnsgu01|4|Gus Johnson|32|66||2538|7.0|15.5|0.45299999999999996|3.0|4.1|0.738|16.0|2.7|3.2|17.0|johnsgu01
loughke01|5|Kevin Loughery|30|82||2260|7.7|19.0|0.40299999999999997|4.4|5.3|0.831|3.5|4.8|3.9|19.7|loughke01
cartefr01|6|Fred Carter|25|77||1707|7.2|17.2|0.41700000000000004|2.5|3.9|0.65|5.3|3.5|3.5|16.9|cartefr01
milesed01|7|Eddie Miles|30|63||1541|5.9|13.8|0.426|2.8|3.4|0.8029999999999999|3.9|2.6|2.8|14.5|milesed01
tresvjo01|8|John Tresvant|31|67||1451|4.6|9.9|0.45899999999999996|3.4|4.8|0.713|8.9|1.9|4.6|12.6|tresvjo01
murredo01|9|Dorie Murrey|27|69||696|4.0|8.9|0.44799999999999995|3.4|5.2|0.653|11.1|1.6|7.6|11.4|murredo01
johnsge01|10|George Johnson|23|24||337|4.4|10.7|0.41|1.2|3.2|0.36700000000000005|12.2|1.1|6.7|9.9|johnsge01
tuckeal01|11|Al Tucker|27|31||276|6.8|15.0|0.452|3.3|4.0|0.8059999999999999|9.5|0.9|4.3|16.8|tuckeal01
zellega01|12|Gary Zeller|23|50||226|5.4|18.3|0.29600000000000004|2.4|4.5|0.536|4.3|1.1|6.8|13.2|zellega01
barneji01|13|Jim Barnes|29|11||100|5.4|10.1|0.536|2.5|4.0|0.636|5.8|2.9|8.3|13.3|barneji01
stewade01|14|Dennis Stewart|23|2||6|6.0|24.0|0.25|12.0|12.0|1.0|18.0|6.0|0.0|24.0|stewade01
