player_id|Rk|Unnamed: 1|Age|G|GS|MP|FG|FGA|FG%|3P|3PA|3P%|2P|2PA|2P%|eFG%|FT|FTA|FT%|ORB|DRB|TRB|AST|STL|BLK|TOV|PF|PTS|player_id
nancela01|1|Larry Nance|33|77|77|2753|533|971|0.5489999999999999|0|4|0.0|533|967|0.551|0.5489999999999999|202|247|0.818|184|484|668|223|54|198|107|223|1268|nancela01
daughbr01|2|Brad Daugherty|27|71|71|2691|520|911|0.5710000000000001|1|2|0.5|519|909|0.5710000000000001|0.5710000000000001|391|492|0.795|164|562|726|312|53|56|150|174|1432|daughbr01
ehlocr01|3|Craig Ehlo|31|82|73|2559|385|785|0.49|93|244|0.381|292|541|0.54|0.55|86|120|0.7170000000000001|113|290|403|254|104|22|124|170|949|ehlocr01
pricema01|4|Mark Price|28|75|74|2380|477|986|0.484|122|293|0.41600000000000004|355|693|0.512|0.546|289|305|0.948|37|164|201|602|89|11|196|105|1365|pricema01
wilkige01|5|Gerald Wilkins|29|80|35|2079|361|797|0.45299999999999996|16|58|0.276|345|739|0.467|0.46299999999999997|152|181|0.84|74|140|214|183|78|18|94|154|890|wilkige01
williho01|6|Hot Rod Williams|30|67|13|2055|263|560|0.47|0|0||263|560|0.47|0.47|212|296|0.716|127|288|415|152|48|105|116|171|738|williho01
brandte01|7|Terrell Brandon|22|82|8|1622|297|621|0.478|13|42|0.31|284|579|0.491|0.489|118|143|0.825|37|142|179|302|79|27|107|122|725|brandte01
ferryda01|8|Danny Ferry|26|76|1|1461|220|459|0.479|34|82|0.415|186|377|0.493|0.516|99|113|0.8759999999999999|81|198|279|137|29|49|83|171|573|ferryda01
sandemi01|9|Mike Sanders|32|53|51|1189|197|396|0.49700000000000005|1|4|0.25|196|392|0.5|0.499|59|78|0.7559999999999999|52|118|170|75|39|30|57|150|454|sandemi01
battljo01|10|John Battle|30|41|0|497|83|200|0.415|1|6|0.16699999999999998|82|194|0.423|0.418|56|72|0.778|4|25|29|54|9|5|22|39|223|battljo01
guidija01|11|Jay Guidinger|23|32|5|215|19|55|0.345|0|0||19|55|0.345|0.345|13|25|0.52|26|38|64|17|9|10|10|48|51|guidija01
laneje01|12|Jerome Lane|26|21|2|149|27|54|0.5|0|0||27|54|0.5|0.5|5|20|0.25|24|29|53|17|12|3|7|32|59|laneje01
phillbo01|13|Bobby Phills|23|31|0|139|38|82|0.46299999999999997|2|5|0.4|36|77|0.46799999999999997|0.47600000000000003|15|25|0.6|6|11|17|10|10|2|18|19|93|phillbo01
kerrst01|14|Steve Kerr|27|5|0|41|5|10|0.5|0|2|0.0|5|8|0.625|0.5|2|2|1.0|0|7|7|11|2|0|2|2|12|kerrst01
