|Season|Age|Tm|Lg|Pos|G|GS|MP|FG|FGA|FG%|3P|3PA|3P%|2P|2PA|2P%|eFG%|FT|FTA|FT%|ORB|DRB|TRB|AST|STL|BLK|TOV|PF|PTS
0|1984-85|25.0|MIL|NBA|SG|8.0|1.0|24.8|4.5|9.1|0.493|0.0|0.3|0.0|4.5|8.9|0.507|0.493|0.9|1.1|0.778|1.0|1.3|2.3|1.9|0.4|0.1|2.1|3.3|9.9
1|1985-86|26.0|MIL|NBA|SG|13.0|0.0|24.8|4.0|8.7|0.46|0.0|0.2|0.0|4.0|8.5|0.46799999999999997|0.46|3.1|3.5|0.889|1.5|1.2|2.8|1.5|0.6|0.2|1.2|3.2|11.1
2|1986-87|27.0|MIL|NBA|SG|12.0|2.0|26.4|5.7|11.8|0.479|0.0|0.0||5.7|11.8|0.479|0.479|4.6|5.6|0.821|1.0|1.3|2.3|1.3|0.8|0.4|1.6|3.3|15.9
3|1987-88|28.0|MIL|NBA|SG|5.0|0.0|21.0|5.0|10.6|0.47200000000000003|0.2|1.0|0.2|4.8|9.6|0.5|0.48100000000000004|1.6|1.8|0.889|1.2|1.6|2.8|1.8|0.2|0.4|0.8|1.8|11.8
4|1988-89|29.0|MIL|NBA|SG|9.0|0.0|32.4|8.6|15.7|0.546|0.7|0.9|0.75|7.9|14.8|0.534|0.5670000000000001|4.6|5.2|0.872|0.6|2.2|2.8|2.8|1.2|0.2|1.0|3.4|22.3
5|1989-90|30.0|MIL|NBA|SG|4.0|0.0|30.5|7.0|15.0|0.467|1.3|2.5|0.5|5.8|12.5|0.46|0.508|7.0|7.8|0.903|1.5|0.8|2.3|1.5|1.3|0.0|0.8|3.5|22.3
6|1990-91|31.0|SEA|NBA|SG|5.0|0.0|22.4|3.8|11.4|0.33299999999999996|0.6|2.0|0.3|3.2|9.4|0.34|0.36|3.2|3.4|0.941|1.2|1.6|2.8|0.8|0.8|0.2|2.2|2.4|11.4
7|1991-92|32.0|SEA|NBA|SG|9.0|9.0|35.1|7.0|14.6|0.48100000000000004|0.3|1.2|0.273|6.7|13.3|0.5|0.49200000000000005|5.2|6.0|0.87|1.0|1.4|2.4|3.1|0.6|0.1|2.7|2.7|19.6
8|1992-93|33.0|SEA|NBA|SG|19.0|19.0|30.4|6.5|14.2|0.456|0.6|1.6|0.4|5.8|12.6|0.46299999999999997|0.478|4.2|4.6|0.898|0.9|1.5|2.4|2.2|0.6|0.2|1.5|2.1|17.7
9|1993-94|34.0|SEA|NBA|SG|5.0|0.0|14.8|2.8|6.2|0.452|0.0|0.0||2.8|6.2|0.452|0.452|2.4|3.4|0.706|0.8|0.2|1.0|0.6|0.2|0.0|1.8|1.6|8.0
10|1995-96|36.0|IND|NBA|SG|5.0|4.0|26.6|3.2|9.4|0.34|0.4|1.6|0.25|2.8|7.8|0.359|0.36200000000000004|3.4|4.0|0.85|0.6|0.2|0.8|3.0|1.6|0.2|2.4|2.6|10.2
11|1996-97|37.0|CHH|NBA|SG|3.0|2.0|29.0|3.7|8.0|0.45799999999999996|0.3|2.3|0.14300000000000002|3.3|5.7|0.588|0.479|0.0|0.0||0.3|2.3|2.7|1.3|0.7|0.0|1.0|2.7|7.7
