|Season|Age|Tm|Lg|Pos|G|MP|FG%|Dist.|% of 2PA|% of 0-3|% of 3-10|% of 10-16|% of 16-3pt|% of 3P|2P %FG|0-3 %FG|3-10 %FG|10-16 %FG|16-3pt%FG|3P %FG|2P % Assisted|% of Dunks|Dunks Made|3P % Assisted|% of 3PA from Corner|Corner 3 %FG |Heaves Attempted|Heaves Made
0|2006-07|20.0|BOS|NBA|PG|78.0|1831.0|0.418|7.7|0.9359999999999999|0.48200000000000004|0.218|0.1|0.136|0.064|0.43200000000000005|0.5479999999999999|0.306|0.35600000000000004|0.27899999999999997|0.207|0.308|0.033|13.0|1.0|0.24100000000000002|0.5710000000000001|5.0|0.0
1|2007-08|21.0|BOS|NBA|PG|77.0|2306.0|0.49200000000000005|8.5|0.973|0.433|0.182|0.09699999999999999|0.261|0.027000000000000003|0.499|0.5920000000000001|0.36200000000000004|0.46399999999999997|0.452|0.263|0.413|0.018000000000000002|13.0|0.6|0.263|0.4|2.0|0.0
2|2008-09|22.0|BOS|NBA|PG|80.0|2642.0|0.505|7.0|0.937|0.557|0.141|0.084|0.154|0.063|0.518|0.624|0.271|0.375|0.436|0.313|0.313|0.02|14.0|0.4|0.22899999999999998|0.182|0.0|0.0
3|2009-10|23.0|BOS|NBA|PG|81.0|2963.0|0.508|8.1|0.912|0.501|0.157|0.087|0.166|0.08800000000000001|0.536|0.6579999999999999|0.39399999999999996|0.44299999999999995|0.353|0.213|0.29600000000000004|0.018000000000000002|13.0|0.47100000000000003|0.25|0.25|3.0|0.0
4|2010-11|24.0|BOS|NBA|PG|68.0|2527.0|0.475|9.7|0.9359999999999999|0.415|0.16|0.061|0.3|0.064|0.491|0.633|0.318|0.341|0.418|0.233|0.312|0.004|3.0|0.6|0.09300000000000001|0.0|1.0|0.0
5|2011-12|25.0|BOS|NBA|PG|53.0|1957.0|0.44799999999999995|8.9|0.927|0.456|0.159|0.091|0.22|0.073|0.46399999999999997|0.5820000000000001|0.297|0.34600000000000003|0.389|0.23800000000000002|0.268|0.0|0.0|0.3|0.14300000000000002|0.33299999999999996|0.0|0.0
6|2012-13|26.0|BOS|NBA|PG|38.0|1423.0|0.484|10.7|0.892|0.363|0.17600000000000002|0.069|0.284|0.10800000000000001|0.513|0.598|0.42700000000000005|0.313|0.508|0.24|0.23|0.006|3.0|0.41700000000000004|0.1|0.2|0.0|0.0
7|2013-14|27.0|BOS|NBA|PG|30.0|998.0|0.40299999999999997|11.9|0.743|0.326|0.21100000000000002|0.043|0.163|0.257|0.442|0.544|0.324|0.4|0.40399999999999997|0.289|0.2|0.0|0.0|0.385|0.08900000000000001|0.25|1.0|0.0
9|2014-15|28.0|BOS|NBA|PG|22.0|699.0|0.405|11.7|0.84|0.315|0.185|0.07|0.27|0.16|0.435|0.5710000000000001|0.324|0.429|0.35200000000000004|0.25|0.21899999999999997|0.005|1.0|0.625|0.031|0.0|0.0|0.0
10|2014-15|28.0|DAL|NBA|PG|46.0|1319.0|0.436|11.2|0.879|0.306|0.213|0.055999999999999994|0.303|0.121|0.44799999999999995|0.662|0.358|0.36|0.311|0.35200000000000004|0.28|0.006999999999999999|3.0|0.8420000000000001|0.5|0.37|1.0|0.0
11|2015-16|29.0|SAC|NBA|PG|72.0|2537.0|0.45399999999999996|10.9|0.7829999999999999|0.344|0.207|0.046|0.185|0.217|0.479|0.639|0.377|0.306|0.33799999999999997|0.365|0.191|0.008|5.0|0.71|0.341|0.44799999999999995|2.0|0.0
12|2016-17|30.0|CHI|NBA|PG|69.0|1843.0|0.408|11.9|0.763|0.35100000000000003|0.152|0.061|0.2|0.237|0.418|0.49700000000000005|0.45899999999999996|0.147|0.33|0.376|0.251|0.002|1.0|0.94|0.48100000000000004|0.43799999999999994|0.0|0.0
13|2017-18|31.0|NOP|NBA|PG|65.0|1705.0|0.46799999999999997|11.0|0.696|0.40299999999999997|0.14800000000000002|0.047|0.099|0.304|0.526|0.603|0.479|0.435|0.327|0.33299999999999996|0.215|0.006|3.0|0.7|0.42|0.28600000000000003|0.0|0.0
14|2018-19|32.0|LAL|NBA|PG|46.0|1369.0|0.405|12.5|0.6709999999999999|0.35|0.183|0.057999999999999996|0.081|0.32899999999999996|0.428|0.55|0.29100000000000004|0.24|0.34299999999999997|0.359|0.16899999999999998|0.009000000000000001|4.0|0.47100000000000003|0.162|0.217|1.0|0.0
