|Season|Age|Tm|Lg|Pos|G|MP|PER|TS%|3PAr|FTr|ORB%|DRB%|TRB%|AST%|STL%|BLK%|TOV%|USG%|OWS|DWS|WS|WS/48|OBPM|DBPM|BPM|VORP
0|1970-71|21.0|DNR|ABA|SG|81.0|1820.0|14.4|0.467|0.054000000000000006|0.257|||5.4|13.4|||13.1|27.3|-0.3|1.4|1.1|0.028999999999999998||||
1|1971-72|22.0|DNR|ABA|SG|84.0|3006.0|20.0|0.511|0.011000000000000001|0.284|5.0|7.0|6.0|14.2|||10.6|31.4|4.0|3.2|7.2|0.115||||
2|1972-73|23.0|DNR|ABA|SG|81.0|2589.0|19.6|0.494|0.013999999999999999|0.33299999999999996|5.4|9.4|7.3|14.9|2.3||12.9|32.7|0.8|3.4|4.2|0.078||||
3|1973-74|24.0|DNR|ABA|SF|75.0|2244.0|15.4|0.46299999999999997|0.017|0.198|4.9|9.8|7.3|14.0|2.1|0.3|11.4|29.4|0.3|2.0|2.3|0.05|-0.2|-0.9|-1.2|0.5
4|1974-75|25.0|DNA|ABA|SG|82.0|2863.0|17.3|0.545|0.009000000000000001|0.293|4.2|10.0|7.3|21.2|2.6|0.4|16.8|24.7|3.8|3.4|7.2|0.12|2.0|-0.2|1.8|2.7
5|1975-76|26.0|DNA|ABA|SG|84.0|3121.0|15.7|0.555|0.02|0.289|4.0|9.8|7.1|23.9|2.1|0.4|20.9|20.5|3.4|3.0|6.3|0.09699999999999999|1.2|0.0|1.2|2.5
6|1976-77|27.0|DET|NBA|SG|77.0|1597.0|14.4|0.462||0.23399999999999999|3.1|8.6|5.9|15.4|1.9|0.2|||0.4|0.8|1.2|0.037000000000000005|-1.7|-1.6|-3.3|-0.5
8|1977-78|28.0|DET|NBA|SG|32.0|739.0|11.7|0.45399999999999996||0.185|3.9|7.7|5.8|16.8|1.9|0.2|17.3|23.4|-0.3|0.5|0.2|0.012|-2.6|-1.7|-4.2|-0.4
9|1977-78|28.0|DEN|NBA|SG|32.0|584.0|8.1|0.35700000000000004||0.174|4.7|8.3|6.6|16.0|3.3|0.3|16.2|19.3|-1.0|0.6|-0.4|-0.032|-4.4|0.0|-4.4|-0.4
11|1978-79|29.0|PHI|NBA|SG|37.0|452.0|11.2|0.473||0.204|3.8|4.2|4.0|18.0|2.5|0.1|18.0|22.5|-0.3|0.5|0.2|0.021|-2.3|-2.6|-4.9|-0.3
12|1978-79|29.0|NJN|NBA|SG|32.0|527.0|8.4|0.414||0.3|3.6|8.7|6.1|18.1|1.0|0.4|16.5|22.9|-0.8|0.4|-0.4|-0.036000000000000004|-4.2|-2.8|-7.0|-0.7
13|1979-80|30.0|NJN|NBA|SG|8.0|81.0|12.6|0.39899999999999997|0.043|0.213|7.7|6.4|7.0|26.6|5.0|0.0|18.9|30.2|-0.2|0.1|-0.1|-0.064|-2.5|-0.5|-3.0|0.0
