player_id|Rk|Unnamed: 1|Age|G|GS|MP|FG|FGA|FG%|3P|3PA|3P%|2P|2PA|2P%|eFG%|FT|FTA|FT%|ORB|DRB|TRB|AST|STL|BLK|TOV|PF|PTS/G|player_id
ervinju01|1|Julius Erving|24|84||40.5|10.9|21.5|0.506|0.3|1.0|0.33299999999999996|10.5|20.5|0.515|0.514|5.8|7.2|0.799|3.4|7.5|10.9|5.5|2.2|1.9|3.6|3.0|27.9|ervinju01
kenonla01|2|Larry Kenon|22|84||37.7|8.0|15.8|0.509|0.0|0.0|0.5|8.0|15.8|0.509|0.51|2.6|3.4|0.77|3.3|7.4|10.7|1.5|1.3|0.4|2.5|2.7|18.7|kenonla01
paultbi01|3|Billy Paultz|26|80||35.3|6.6|13.5|0.485|0.0|0.0|0.0|6.6|13.5|0.48700000000000004|0.485|2.7|3.6|0.748|2.2|7.5|9.7|2.2|0.7|1.7|1.9|3.4|15.8|paultbi01
taylobr01|4|Brian Taylor|23|79||33.1|6.0|11.6|0.513|0.1|0.6|0.217|5.8|11.1|0.529|0.518|1.9|2.5|0.765|1.1|1.8|2.9|3.6|2.8|0.3|1.9|2.7|14.0|taylobr01
willijo01|5|John Williamson|23|75||25.0|4.9|10.2|0.48200000000000004|0.0|0.2|0.231|4.9|10.1|0.486|0.484|1.6|2.0|0.8370000000000001|0.7|1.3|2.0|2.6|0.8|0.3|2.0|2.5|11.5|willijo01
galemi01|6|Mike Gale|24|72||22.6|3.2|6.8|0.46299999999999997|0.1|0.3|0.304|3.1|6.5|0.47100000000000003|0.47100000000000003|1.0|1.3|0.7909999999999999|1.3|1.9|3.3|2.3|1.2|0.7|1.5|1.8|7.4|galemi01
melchbi01|7|Bill Melchionni|30|77||18.0|2.6|5.4|0.48700000000000004|0.1|0.4|0.29600000000000004|2.5|5.0|0.5|0.496|0.8|1.0|0.795|0.2|0.8|1.0|4.2|0.9|0.1|1.4|1.4|6.1|melchbi01
ladnewe01|8|Wendell Ladner|26|25||17.4|1.8|6.9|0.26|0.3|1.4|0.19399999999999998|1.5|5.5|0.27699999999999997|0.28|0.2|0.4|0.6|0.8|1.9|2.7|1.6|1.3|0.0|0.9|2.7|4.1|ladnewe01
skinnal01|9|Al Skinner|22|51||15.2|2.5|5.2|0.489|0.0|0.1|0.33299999999999996|2.5|5.2|0.49|0.491|1.4|1.8|0.7659999999999999|0.8|1.5|2.4|2.4|0.6|0.3|1.3|2.2|6.5|skinnal01
mannied01|10|Ed Manning|31|70||14.2|1.5|3.5|0.424|0.0|0.0|0.0|1.5|3.4|0.42700000000000005|0.424|0.5|0.6|0.833|0.8|2.2|3.0|0.8|0.6|0.1|0.8|2.1|3.4|mannied01
sojouwi01|11|Willie Sojourner|26|79||12.9|2.0|4.1|0.478|0.0|0.0|0.33299999999999996|1.9|4.1|0.48|0.48|0.6|0.9|0.7|1.2|2.3|3.5|0.5|0.2|0.8|0.8|2.4|4.6|sojouwi01
schaebi01|12|Billy Schaeffer|23|27||10.4|2.3|4.9|0.466|0.1|0.3|0.28600000000000003|2.2|4.6|0.47600000000000003|0.473|0.6|0.9|0.6|0.6|0.8|1.4|0.7|0.3|0.1|0.7|1.3|5.1|schaebi01
