player_id|Rk|Unnamed: 1|Age|G|MP|PER|TS%|3PAr|FTr|ORB%|DRB%|TRB%|AST%|STL%|BLK%|TOV%|USG%|Unnamed: 17|OWS|DWS|WS|WS/48|Unnamed: 22|OBPM|DBPM|BPM|VORP|player_id
johnsla02|1|Larry Johnson|25|81|3234|17.1|0.555|0.172|0.29|7.3|13.8|10.7|19.4|1.3|0.6|13.1|22.6||4.9|3.6|8.5|0.126||2.1|0.8|2.9|4.0|johnsla02
mournal01|2|Alonzo Mourning|24|77|2941|20.1|0.593|0.031|0.585|8.4|21.6|15.3|6.6|0.9|5.5|14.8|25.6||4.3|5.1|9.4|0.153||-0.8|2.1|1.3|2.5|mournal01
hawkihe01|3|Hersey Hawkins|28|82|2731|16.3|0.622|0.368|0.37200000000000005|2.7|10.5|6.8|15.3|2.4|0.5|13.7|18.5||5.3|3.4|8.7|0.153||2.6|0.8|3.4|3.7|hawkihe01
boguemu01|4|Muggsy Bogues|30|78|2629|16.9|0.5329999999999999|0.040999999999999995|0.247|2.4|8.9|5.8|40.3|2.1|0.0|14.0|16.6||5.8|2.8|8.6|0.157||1.0|-0.8|0.2|1.5|boguemu01
burresc01|5|Scott Burrell|24|65|2014|15.0|0.5710000000000001|0.396|0.243|5.9|15.3|10.8|12.6|2.0|1.4|11.5|17.0||2.8|2.9|5.6|0.135||1.6|1.7|3.3|2.7|burresc01
curryde01|6|Dell Curry|30|69|1718|15.5|0.565|0.46399999999999997|0.14300000000000002|3.0|8.4|5.8|11.5|1.7|0.8|10.6|24.9||1.6|1.7|3.3|0.09300000000000001||1.8|-1.8|0.0|0.9|curryde01
parisro01|7|Robert Parish|41|81|1352|10.1|0.467|0.0|0.272|8.5|21.5|15.3|5.0|1.1|1.9|13.7|16.5||-0.6|2.0|1.4|0.051||-5.2|0.5|-4.7|-0.9|parisro01
suttogr01|8|Greg Sutton|27|53|690|10.6|0.526|0.5|0.196|1.4|7.9|4.8|20.8|2.5|0.2|17.0|20.2||0.0|0.8|0.8|0.057999999999999996||-0.9|-1.3|-2.3|-0.1|suttogr01
wolfjo01|9|Joe Wolf|30|63|583|6.8|0.511|0.07400000000000001|0.198|7.2|18.5|13.1|9.0|0.8|0.7|20.0|8.7||0.2|0.7|0.9|0.077||-3.7|1.1|-2.6|-0.1|wolfjo01
wingada01|10|David Wingate|31|52|515|8.1|0.46|0.18|0.19699999999999998|2.6|10.8|6.9|16.2|1.9|0.8|16.9|14.3||-0.2|0.6|0.4|0.037000000000000005||-4.1|0.4|-3.8|-0.2|wingada01
adamsmi01|11|Michael Adams|32|29|443|17.7|0.583|0.547|0.203|1.7|5.9|3.9|34.6|2.7|0.2|13.9|19.6||1.1|0.5|1.6|0.16899999999999998||3.1|-2.6|0.5|0.3|adamsmi01
hancoda01|12|Darrin Hancock|23|46|424|11.2|0.5539999999999999|0.025|0.322|4.1|10.4|7.4|11.6|2.4|0.7|17.8|18.4||-0.1|0.5|0.4|0.049||-3.2|0.2|-3.0|-0.1|hancoda01
gattike01|13|Kenny Gattison|30|21|409|9.2|0.51|0.01|0.51|6.4|15.0|10.9|6.3|0.9|2.6|15.2|16.3||0.0|0.5|0.5|0.055||-4.2|0.8|-3.4|-0.1|gattike01
tolbeto01|14|Tom Tolbert|29|10|57|5.6|0.371|0.222|0.111|15.2|19.9|17.6|5.3|0.0|0.0|13.7|17.8||-0.1|0.1|0.0|-0.015||-5.8|-2.8|-8.6|-0.1|tolbeto01
benneto01|15|Tony Bennett|25|3|46|5.2|0.5379999999999999|0.6920000000000001|0.0|0.0|4.9|2.6|13.6|0.0|0.0|18.8|16.1||0.0|0.0|0.0|-0.006||-3.0|-4.1|-7.1|-0.1|benneto01
blackja01|16|James Blackwell|26|4|19|14.2|0.667|0.0|0.0|0.0|17.9|9.3|39.6|2.8|0.0|40.0|12.2||0.0|0.0|0.0|0.10400000000000001||-3.8|-0.2|-4.0|0.0|blackja01
