|Season|Age|Tm|Lg|Pos|G|GS|MP|FG|FGA|FG%|3P|3PA|3P%|2P|2PA|2P%|FT|FTA|FT%|ORB|DRB|TRB|AST|STL|BLK|TOV|PF|PTS|ORtg|DRtg
0|1991-92|23.0|ATL|NBA|SG|82.0|82.0|2505.0|8.6|17.6|0.489|0.0|0.1|0.16699999999999998|8.6|17.5|0.49200000000000005|4.2|6.3|0.6659999999999999|3.7|4.5|8.2|3.9|2.4|0.5|3.5|3.2|21.4|104.0|109.0
1|1992-93|24.0|ATL|NBA|SG|73.0|66.0|2112.0|9.2|18.4|0.501|0.0|0.1|0.0|9.2|18.4|0.504|5.3|7.2|0.7390000000000001|3.3|3.4|6.7|4.0|2.1|0.4|3.7|3.3|23.8|109.0|112.0
2|1993-94|25.0|ATL|NBA|SG|82.0|82.0|2605.0|8.6|16.8|0.51|0.0|0.1|0.14300000000000002|8.6|16.7|0.513|6.5|8.5|0.764|3.5|4.2|7.7|3.7|2.9|0.9|2.9|3.5|23.7|116.0|102.0
3|1994-95|26.0|ATL|NBA|SG|76.0|76.0|2362.0|9.0|19.8|0.45299999999999996|0.2|0.6|0.26899999999999996|8.8|19.2|0.45899999999999996|5.7|7.8|0.728|3.6|4.8|8.3|4.5|2.3|1.1|3.4|3.7|23.8|106.0|106.0
4|1995-96|27.0|ATL|NBA|SF|77.0|49.0|2294.0|8.4|17.2|0.491|0.0|0.1|0.25|8.4|17.1|0.49200000000000005|5.9|7.4|0.792|3.2|3.9|7.1|3.2|2.5|0.7|3.2|4.4|22.8|112.0|109.0
6|1996-97|28.0|DET|NBA|SG|20.0|3.0|292.0|6.0|15.0|0.40299999999999997|0.0|0.0||6.0|15.0|0.40299999999999997|5.4|8.0|0.6829999999999999|2.7|6.8|9.5|2.9|1.9|1.9|5.3|5.6|17.5|87.0|103.0
7|1996-97|28.0|POR|NBA|SG|40.0|7.0|650.0|6.0|11.6|0.517|0.0|0.0||6.0|11.6|0.517|3.3|4.5|0.732|2.7|4.5|7.2|3.3|2.6|0.6|3.0|4.7|15.3|108.0|104.0
8|1997-98|29.0|POR|NBA|SG|71.0|23.0|1445.0|5.7|13.7|0.414|0.0|0.3|0.14300000000000002|5.6|13.5|0.419|3.5|5.8|0.603|3.8|4.8|8.7|3.2|2.1|1.2|3.0|5.3|14.9|96.0|103.0
9|1998-99|30.0|POR|NBA|SF|48.0|21.0|874.0|4.8|10.7|0.44799999999999995|0.0|0.1|0.0|4.8|10.6|0.45299999999999996|3.2|4.7|0.684|2.9|4.8|7.7|3.6|3.5|1.1|1.8|5.0|12.8|108.0|96.0
10|1999-00|31.0|POR|NBA|SG|59.0|0.0|692.0|6.4|13.5|0.474|0.0|0.2|0.0|6.4|13.4|0.48|2.9|4.2|0.6729999999999999|3.2|5.7|9.0|4.1|2.1|0.8|2.9|5.3|15.7|103.0|101.0
11|2000-01|32.0|POR|NBA|SG|66.0|23.0|1182.0|5.8|12.1|0.47700000000000004|0.0|0.2|0.0|5.8|11.9|0.485|2.6|4.0|0.655|2.7|4.5|7.2|4.5|2.2|1.0|2.2|4.8|14.2|107.0|103.0
12|2001-02|33.0|CHH|NBA|SG|77.0|3.0|1319.0|5.7|13.3|0.42700000000000005|0.0|0.1|0.0|5.7|13.2|0.431|3.1|4.1|0.762|2.4|6.7|9.1|4.2|2.3|0.5|2.2|4.7|14.5|102.0|103.0
13|2002-03|34.0|NOH|NBA|SG|70.0|3.0|862.0|4.9|12.0|0.41100000000000003|0.0|0.4|0.0|4.9|11.5|0.42700000000000005|3.4|4.5|0.75|1.6|5.8|7.4|4.3|1.7|0.6|2.5|5.0|13.2|99.0|103.0
14|2003-04|35.0|NOH|NBA|SF|69.0|24.0|1416.0|5.4|13.2|0.41200000000000003|0.0|0.3|0.14300000000000002|5.4|12.9|0.418|4.2|5.3|0.7909999999999999|2.0|4.6|6.6|3.2|2.1|0.6|2.9|4.3|15.1|97.0|104.0
15|2004-05|36.0|ORL|NBA|SF|55.0|7.0|663.0|5.2|12.8|0.40700000000000003|0.0|0.0||5.2|12.8|0.40700000000000003|4.4|5.9|0.74|3.4|4.1|7.6|2.8|1.8|0.6|2.4|6.3|14.8|102.0|109.0
16|2005-06|37.0|ORL|NBA|SF|36.0|3.0|385.0|3.5|10.3|0.342|0.0|0.0||3.5|10.3|0.342|3.0|4.2|0.7|2.5|4.9|7.5|3.2|1.7|0.8|1.6|5.6|10.0|96.0|108.0
