|Season|Age|Tm|Lg|Pos|G|MP|PER|TS%|FTr|ORB%|DRB%|TRB%|AST%|STL%|BLK%|OWS|DWS|WS|WS/48|OBPM|DBPM|BPM|VORP
0|1968-69|23.0|NYK|NBA|SF|10.0|108.0|12.8|0.565|0.41||||4.0|||0.3|0.1|0.4|0.185||||
1|1969-70|24.0|NYK|NBA|SG|19.0|296.0|14.2|0.527|0.321||||12.0|||0.5|0.4|0.9|0.14300000000000002||||
2|1970-71|25.0|NYK|NBA|SF|12.0|168.0|7.5|0.414|0.154|||8.2|7.2|||-0.1|0.2|0.1|0.025||||
3|1971-72|26.0|BAL|NBA|SF|6.0|161.0|17.7|0.627|0.368|||5.1|12.8|||0.7|0.0|0.7|0.19399999999999998||||
4|1972-73|27.0|BAL|NBA|SF|5.0|231.0|11.0|0.517|0.387|||4.4|8.9|||0.3|-0.1|0.2|0.046||||
5|1973-74|28.0|CAP|NBA|SF|7.0|267.0|9.9|0.457|0.184|2.8|6.5|4.7|9.4|0.8|0.4|0.1|0.1|0.2|0.036000000000000004|-2.1|0.1|-2.0|0.0
6|1974-75|29.0|WSB|NBA|SF|17.0|378.0|9.2|0.42200000000000004|0.11900000000000001|3.4|7.4|5.5|10.3|1.9|0.3|-0.3|0.4|0.1|0.012|-3.9|0.8|-3.1|-0.1
7|1975-76|30.0|WSB|NBA|SF|6.0|31.0|4.2|0.375|0.0|3.7|15.4|10.0|5.0|0.0|0.0|-0.1|0.0|0.0|-0.022000000000000002|-7.6|0.4|-7.2|0.0
8|1976-77|31.0|WSB|NBA|SF|2.0|8.0|-1.9|0.0|0.0|0.0|25.4|13.1|14.6|0.0|0.0|-0.1|0.0|-0.1|-0.313|-14.5|1.1|-13.4|0.0
