|Season|Age|Tm|Lg|Pos|G|MP|PER|TS%|3PAr|FTr|ORB%|DRB%|TRB%|AST%|STL%|BLK%|TOV%|USG%|OWS|DWS|WS|WS/48|OBPM|DBPM|BPM|VORP
0|1985-86|22.0|LAL|NBA|PF|9.0|106.0|4.7|0.525|0.0|0.529|3.6|13.9|9.0|0.0|0.5|1.6|16.0|9.8|0.0|0.1|0.1|0.033|-6.0|-0.6|-6.6|-0.1
1|1986-87|23.0|LAL|NBA|PF|18.0|505.0|15.4|0.615|0.0|0.669|13.3|17.7|15.7|2.7|0.9|0.9|9.2|15.1|1.2|0.7|1.9|0.179|0.8|0.4|1.1|0.4
2|1987-88|24.0|LAL|NBA|PF|24.0|726.0|13.3|0.594|0.0|0.43200000000000005|9.7|18.4|14.2|3.8|0.8|1.0|11.4|13.9|1.1|0.7|1.8|0.121|-0.2|0.4|0.2|0.4
3|1988-89|25.0|LAL|NBA|PF|15.0|502.0|12.1|0.515|0.026000000000000002|0.667|9.4|21.2|15.7|4.8|1.6|0.7|13.5|14.8|0.4|0.6|1.0|0.095|-1.4|2.1|0.7|0.3
4|1989-90|26.0|LAL|NBA|PF|9.0|252.0|17.1|0.569|0.0|0.405|16.7|21.3|19.1|5.3|1.0|1.0|13.1|18.7|0.5|0.3|0.7|0.138|1.3|-0.4|0.9|0.2
5|1990-91|27.0|LAL|NBA|PF|19.0|400.0|11.9|0.513|0.08199999999999999|0.557|14.3|16.8|15.6|3.3|1.6|0.5|13.6|15.8|0.3|0.4|0.7|0.085|-1.5|0.8|-0.7|0.1
6|1991-92|28.0|LAL|NBA|PF|4.0|153.0|14.6|0.519|0.0|0.59|11.4|17.4|14.3|7.9|2.4|0.0|9.2|16.2|0.2|0.1|0.3|0.085|-0.1|1.4|1.2|0.1
7|1992-93|29.0|LAL|NBA|PF|5.0|220.0|13.0|0.478|0.11900000000000001|0.5|11.9|25.0|17.9|8.2|1.7|0.9|14.9|11.9|0.1|0.3|0.4|0.092|-1.8|3.8|2.1|0.2
8|1993-94|30.0|PHO|NBA|PF|10.0|350.0|16.0|0.5670000000000001|0.205|0.747|8.7|18.8|13.4|5.2|1.4|0.4|6.0|14.4|0.9|0.0|0.9|0.125|2.3|-1.5|0.9|0.3
9|1994-95|31.0|PHO|NBA|SF|10.0|368.0|17.4|0.605|0.154|0.8079999999999999|12.3|25.1|18.9|5.0|0.8|0.4|8.6|14.1|1.1|0.3|1.3|0.172|2.5|0.4|2.9|0.5
10|1995-96|32.0|PHO|NBA|SF|4.0|87.0|8.6|0.46299999999999997|0.17600000000000002|0.47100000000000003|7.2|17.3|11.8|3.2|0.6|0.0|8.9|11.4|0.1|-0.1|0.0|-0.013000000000000001|-1.5|-2.5|-4.0|0.0
11|1999-00|36.0|LAL|NBA|PF|23.0|429.0|10.6|0.449|0.0|0.256|11.2|14.6|12.8|4.4|1.7|0.6|8.2|11.5|0.4|0.2|0.6|0.071|-0.8|0.1|-0.7|0.1
12|2000-01|37.0|MIA|NBA|PF|3.0|21.0|6.9|0.436|0.0|0.33299999999999996|5.9|17.3|11.6|16.7|2.6|0.0|22.5|10.2|0.0|0.0|0.0|0.009000000000000001|-3.8|1.0|-2.8|0.0
