|Season|Age|Tm|Lg|Pos|G|GS|MP|FG|FGA|FG%|3P|3PA|3P%|2P|2PA|2P%|FT|FTA|FT%|ORB|DRB|TRB|AST|STL|BLK|TOV|PF|PTS
0|2005-06|24.0|SAC|NBA|SF|67.0|11.0|1301.0|3.6|9.0|0.4|1.1|3.8|0.285|2.5|5.2|0.484|2.2|2.8|0.772|1.1|4.0|5.1|2.6|1.1|1.3|2.1|3.7|10.4
1|2006-07|25.0|SAC|NBA|SF|79.0|5.0|1410.0|4.2|9.7|0.429|1.4|3.8|0.35600000000000004|2.8|5.9|0.47600000000000003|2.4|2.9|0.833|1.4|3.9|5.2|2.2|1.1|1.1|1.8|4.9|12.1
2|2007-08|26.0|SAC|NBA|SF|79.0|20.0|2096.0|6.0|12.9|0.46299999999999997|1.9|5.0|0.391|4.0|8.0|0.508|2.8|3.6|0.779|0.9|3.6|4.5|2.2|1.6|0.9|2.2|4.0|16.7
3|2008-09|27.0|SAC|NBA|SF|65.0|36.0|1975.0|5.4|12.1|0.444|1.6|4.0|0.39799999999999996|3.8|8.1|0.466|2.7|3.2|0.82|1.0|3.0|4.0|2.7|1.5|1.2|2.0|3.6|15.0
4|2009-10|28.0|SAC|NBA|SG|25.0|4.0|575.0|5.1|11.0|0.466|1.4|3.7|0.39|3.7|7.3|0.504|0.9|1.1|0.882|0.7|3.4|4.1|2.8|0.6|1.2|1.3|3.1|12.6
5|2010-11|29.0|SAC|NBA|SF|58.0|34.0|1386.0|5.4|12.3|0.436|2.1|5.8|0.36200000000000004|3.3|6.5|0.502|1.7|2.0|0.855|0.6|2.8|3.5|1.8|1.3|1.3|1.2|3.3|14.5
6|2011-12|30.0|SAC|NBA|SF|49.0|3.0|798.0|3.9|10.3|0.376|1.7|5.9|0.29|2.2|4.4|0.49|1.1|1.4|0.8|0.5|4.0|4.5|1.4|1.6|1.7|1.0|3.3|10.6
8|2012-13|31.0|SAC|NBA|SG|40.0|15.0|710.0|3.9|10.4|0.376|2.0|5.5|0.36700000000000005|1.9|4.9|0.385|0.6|0.7|0.857|0.4|3.1|3.4|2.2|1.6|1.6|1.0|3.3|10.4
9|2012-13|31.0|HOU|NBA|SF|18.0|5.0|319.0|4.6|10.7|0.43200000000000005|3.0|7.9|0.386|1.6|2.8|0.56|0.7|0.8|0.857|0.1|2.5|2.6|2.3|1.6|0.8|1.4|2.5|13.0
10|2013-14|32.0|HOU|NBA|SF|55.0|4.0|1083.0|3.9|9.8|0.401|2.3|6.4|0.358|1.6|3.4|0.485|0.3|0.6|0.526|0.7|3.4|4.1|2.1|0.9|1.1|1.0|4.0|10.5
11|2014-15|33.0|HOU|NBA|SF|14.0|0.0|200.0|3.1|11.3|0.27|1.8|8.1|0.222|1.3|3.2|0.389|0.2|0.7|0.25|0.5|2.5|3.1|2.7|1.6|0.9|1.8|3.6|8.1
