|Season|Age|Tm|Lg|Pos|G|GS|MP|FG|FGA|FG%|3P|3PA|3P%|2P|2PA|2P%|FT|FTA|FT%|ORB|DRB|TRB|AST|STL|BLK|TOV|PF|PTS|ORtg|DRtg
0|1974-75|23.0|CLE|NBA|SF|68.0||754.0|9.5|23.1|0.41100000000000003||||9.5|23.1|0.41100000000000003|7.9|10.5|0.752|2.7|6.9|9.6|2.9|1.3|0.2||6.3|26.9||98.0
1|1975-76|24.0|CLE|NBA|SF|82.0||1961.0|11.6|24.2|0.48200000000000004||||11.6|24.2|0.48200000000000004|6.4|8.3|0.773|3.2|5.1|8.3|2.6|1.7|0.2||5.6|29.7||98.0
2|1976-77|25.0|CLE|NBA|SF|70.0||2109.0|9.8|22.5|0.434||||9.8|22.5|0.434|6.5|8.3|0.778|3.2|6.2|9.4|4.2|1.6|0.5||4.4|26.0||99.0
3|1977-78|26.0|CLE|NBA|SF|72.0||2520.0|9.6|21.5|0.44799999999999995||||9.6|21.5|0.44799999999999995|6.5|8.6|0.7509999999999999|2.8|5.6|8.4|5.1|1.6|0.2|3.8|3.6|25.7|103.0|101.0
4|1978-79|27.0|CLE|NBA|SF|74.0||2859.0|9.9|20.7|0.47600000000000003||||9.9|20.7|0.47600000000000003|6.8|8.6|0.797|2.4|5.8|8.2|5.7|1.6|0.4|4.2|3.6|26.5|107.0|108.0
5|1979-80|28.0|CLE|NBA|SF|41.0||1331.0|9.7|21.5|0.451|0.0|0.3|0.111|9.7|21.2|0.456|6.1|8.2|0.745|2.6|5.1|7.7|5.9|2.5|0.7|5.1|3.9|25.5|99.0|105.0
6|1980-81|29.0|NYK|NBA|SF|79.0||2865.0|8.4|18.2|0.46399999999999997|0.1|0.4|0.308|8.3|17.7|0.46799999999999997|4.4|5.7|0.7809999999999999|1.8|4.0|5.9|4.3|1.6|0.1|3.5|4.1|21.4|102.0|107.0
7|1981-82|30.0|NYK|NBA|SF|77.0|63.0|2358.0|8.4|17.6|0.478|0.5|1.2|0.439|7.9|16.4|0.48100000000000004|4.7|6.0|0.7759999999999999|1.8|3.1|4.8|5.8|1.6|0.2|4.0|4.5|22.0|105.0|111.0
8|1984-85|33.0|CLE|NBA|SF|3.0|0.0|24.0|3.9|13.7|0.28600000000000003|0.0|2.0|0.0|3.9|11.8|0.33299999999999996|3.9|5.9|0.667|0.0|9.8|9.8|5.9|0.0|0.0|9.8|5.9|11.8|56.0|110.0
