|Season|Age|Tm|Lg|Pos|G|MP|PER|TS%|3PAr|FTr|ORB%|DRB%|TRB%|AST%|STL%|BLK%|TOV%|USG%|OWS|DWS|WS|WS/48|OBPM|DBPM|BPM|VORP
0|1982-83|23.0|NYK|NBA|SG|78.0|1830.0|11.6|0.485|0.046|0.099|4.8|9.1|6.9|16.1|1.5|0.2|9.4|17.3|1.5|2.4|4.0|0.10400000000000001|0.8|-0.7|0.2|1.0
1|1983-84|24.0|NYK|NBA|SG|63.0|1228.0|13.6|0.518|0.036000000000000004|0.073|4.3|8.6|6.4|16.8|2.5|0.4|10.4|17.6|1.2|1.8|3.0|0.11900000000000001|1.0|-0.2|0.7|0.9
2|1984-85|25.0|NYK|NBA|SG|77.0|1819.0|12.6|0.521|0.11900000000000001|0.079|4.6|7.5|6.0|15.5|2.0|0.5|9.3|15.7|2.1|1.2|3.3|0.086|-0.1|0.2|0.2|1.0
3|1985-86|26.0|NYK|NBA|SG|77.0|1788.0|14.6|0.522|0.12300000000000001|0.135|4.2|6.6|5.3|17.2|1.8|0.3|8.2|20.0|2.3|1.7|4.0|0.107|1.1|-0.7|0.4|1.1
4|1986-87|27.0|NYK|NBA|SG|70.0|1691.0|15.4|0.54|0.233|0.146|3.2|5.8|4.5|15.1|3.3|0.4|9.6|20.1|2.1|1.3|3.4|0.096|1.9|-0.5|1.5|1.5
5|1987-88|28.0|NYK|NBA|SG|71.0|1248.0|11.8|0.52|0.36700000000000005|0.156|2.8|8.2|5.5|13.5|2.1|0.3|8.8|17.3|1.6|1.3|2.9|0.11|0.6|-0.7|-0.1|0.6
6|1988-89|29.0|NYK|NBA|SG|81.0|1824.0|12.1|0.569|0.511|0.095|3.3|7.6|5.4|9.2|2.2|0.2|8.9|14.1|3.2|1.5|4.6|0.122|1.7|-0.6|1.1|1.4
7|1989-90|30.0|NYK|NBA|SG|81.0|1725.0|12.0|0.518|0.40399999999999997|0.142|3.8|7.3|5.6|13.9|2.1|0.3|10.2|17.3|1.9|1.4|3.3|0.091|0.7|-1.1|-0.4|0.7
8|1990-91|31.0|NYK|NBA|SG|65.0|1194.0|11.7|0.519|0.353|0.062|3.3|6.8|5.1|13.9|1.9|0.5|9.4|18.0|1.0|1.0|1.9|0.078|0.3|-1.2|-0.8|0.3
9|1991-92|32.0|SAS|NBA|SG|24.0|415.0|12.3|0.562|0.37200000000000005|0.155|2.1|7.6|4.9|9.2|2.5|0.4|9.2|15.4|0.6|0.5|1.1|0.127|0.3|-0.2|0.1|0.2
10|1992-93|33.0|CHI|NBA|SG|69.0|909.0|14.1|0.584|0.444|0.075|2.0|7.2|4.5|12.5|1.4|0.4|5.6|15.4|2.2|0.7|2.8|0.15|1.6|-2.5|-1.0|0.2
