player_id|Rk|Unnamed: 1|Age|G|GS|MP|FG|FGA|FG%|FT|FTA|FT%|ORB|DRB|TRB|AST|STL|BLK|PF|PTS|Unnamed: 20|ORtg|DRtg|player_id
laceysa01|1|Sam Lacey|26|81||3378|5.3|12.5|0.42700000000000005|2.0|2.6|0.754|3.1|12.5|15.6|5.8|1.9|2.3|3.7|12.6|||92|laceysa01
architi01|2|Tiny Archibald|26|82||3244|10.8|23.6|0.456|9.2|10.6|0.872|0.7|2.5|3.1|7.9|1.7|0.1|2.7|30.8|||100|architi01
walkeji01|3|Jimmy Walker|30|81||3122|8.1|17.1|0.475|3.6|4.3|0.855|0.8|2.8|3.5|3.3|1.3|0.2|3.3|19.9|||101|walkeji01
wedmasc01|4|Scott Wedman|22|80||2554|6.8|14.5|0.465|2.5|3.1|0.818|3.6|5.2|8.8|2.3|1.5|0.5|4.9|16.0|||99|wedmasc01
behagro01|5|Ron Behagen|24|81||2205|6.9|17.4|0.39899999999999997|4.1|5.5|0.754|3.0|9.3|12.3|3.2|1.3|0.9|6.3|18.0|||96|behagro01
mcneila01|6|Larry McNeill|24|80||1749|7.8|17.0|0.45899999999999996|5.0|6.3|0.784|3.9|9.1|13.1|1.9|1.8|0.7|6.0|20.5|||95|mcneila01
willina01|7|Nate Williams|24|50||1131|10.8|23.7|0.45399999999999996|3.9|4.8|0.8220000000000001|2.4|4.9|7.3|3.2|2.2|1.0|6.2|25.5|||97|willina01
dantomi01|8|Mike D'Antoni|23|67||759|4.2|10.5|0.39899999999999997|1.7|2.2|0.778|0.8|3.9|4.7|6.5|4.1|0.7|6.4|10.1|||94|dantomi01
johnsol01|9|Ollie Johnson|25|30||508|5.8|11.8|0.49200000000000005|3.0|3.3|0.892|2.4|3.5|6.0|2.7|1.5|1.2|6.2|14.6|||99|johnsol01
kosmale01|10|Len Kosmalski|23|67||413|3.7|9.2|0.39799999999999996|2.7|3.2|0.828|3.5|9.8|13.2|4.6|0.7|0.7|7.1|10.0|||97|kosmale01
kojisdo01|11|Don Kojis|36|21||232|9.1|19.4|0.469|4.0|5.9|0.667|2.8|5.0|7.7|2.0|2.4|0.2|6.1|22.2|||97|kojisdo01
durreke01|12|Ken Durrett|26|21||175|8.4|20.5|0.41|2.9|5.3|0.55|3.7|6.8|10.5|2.1|1.3|1.1|7.9|19.7|||97|durreke01
maydo01|13|Don May|29|29||139|8.9|17.9|0.5|3.3|4.0|0.833|1.3|3.0|4.3|1.7|1.3|0.7|6.9|21.2|||100|maydo01
adelmri01|14|Rick Adelman|28|18||121|4.9|10.6|0.46399999999999997|1.5|1.9|0.8|2.3|3.0|5.3|3.0|2.7|0.4|4.6|11.4|||98|adelmri01
