|Season|Age|Tm|Lg|Pos|G|GS|MP|FG|FGA|FG%|FT|FTA|FT%|ORB|DRB|TRB|AST|STL|BLK|PF|PTS
0|1964-65|22.0|STL|NBA|SG|2.0||11.0|13.1|26.2|0.5|0.0|0.0||||19.6|3.3|||0.0|26.2
1|1965-66|23.0|STL|NBA|SG|4.0||13.0|2.8|24.9|0.111|2.8|5.5|0.5|||11.1|0.0|||13.8|8.3
2|1966-67|24.0|SFW|NBA|SG|15.0||498.0|7.9|17.5|0.45|3.4|4.3|0.797|||6.6|4.2|||3.8|19.2
3|1967-68|25.0|SFW|NBA|SG|10.0||390.0|10.2|19.5|0.521|2.9|4.0|0.721|||4.1|4.5|||3.3|23.2
4|1968-69|26.0|SFW|NBA|SG|6.0||180.0|7.8|19.2|0.406|1.6|2.2|0.727|||3.6|4.6|||3.2|17.2
5|1970-71|28.0|SFW|NBA|SG|5.0||205.0|5.3|14.9|0.353|3.9|4.4|0.88|||5.6|4.2|||2.3|14.4
6|1971-72|29.0|GSW|NBA|SG|5.0||203.0|5.5|12.8|0.431|2.1|2.3|0.9229999999999999|||4.3|5.1|||2.0|13.1
7|1972-73|30.0|GSW|NBA|SG|11.0||409.0|6.3|14.8|0.429|1.8|2.6|0.7240000000000001|||4.0|3.8|||2.8|14.5
8|1974-75|32.0|GSW|NBA|SG|17.0||313.0|6.9|14.1|0.488|2.1|3.6|0.581|1.8|2.2|4.0|3.3|1.2|0.1|4.9|15.9
9|1975-76|33.0|GSW|NBA|SG|8.0||33.0|6.5|17.5|0.375|0.0|0.0||3.3|1.1|4.4|3.3|2.2|1.1|8.7|13.1
