|Season|Age|Tm|Lg|Pos|G|GS|MP|FG|FGA|FG%|FT|FTA|FT%|ORB|DRB|TRB|AST|STL|BLK|PF|PTS
0|1965-66|22.0|NYK|NBA|SG|79.0||2289.0|359.0|838.0|0.428|251.0|351.0|0.715|||376.0|184.0|||235.0|969.0
1|1966-67|23.0|NYK|NBA|SG|79.0||2892.0|410.0|913.0|0.449|371.0|509.0|0.7290000000000001|||555.0|247.0|||264.0|1191.0
2|1967-68|24.0|NYK|NBA|SG|78.0||2348.0|316.0|725.0|0.436|227.0|339.0|0.67|||424.0|230.0|||225.0|859.0
3|1968-69|25.0|PHO|NBA|SG|80.0||3388.0|612.0|1386.0|0.442|454.0|644.0|0.705|||548.0|385.0|||245.0|1678.0
4|1969-70|26.0|PHO|NBA|SG|77.0||2966.0|592.0|1166.0|0.508|459.0|575.0|0.7979999999999999|||264.0|338.0|||282.0|1643.0
5|1970-71|27.0|PHO|NBA|SG|81.0||3157.0|609.0|1346.0|0.452|553.0|682.0|0.8109999999999999|||316.0|329.0|||246.0|1771.0
6|1971-72|28.0|PHO|NBA|SG|82.0||3096.0|545.0|1178.0|0.46299999999999997|529.0|626.0|0.845|||334.0|297.0|||232.0|1619.0
7|1972-73|29.0|PHO|NBA|SG|81.0||2979.0|532.0|1118.0|0.47600000000000003|426.0|496.0|0.8590000000000001|||326.0|268.0|||221.0|1490.0
8|1973-74|30.0|PHO|NBA|SG|78.0||2832.0|514.0|1028.0|0.5|361.0|423.0|0.853|66.0|155.0|221.0|324.0|96.0|17.0|241.0|1389.0
9|1974-75|31.0|PHO|NBA|SG|70.0||2419.0|421.0|895.0|0.47|282.0|339.0|0.8320000000000001|52.0|137.0|189.0|195.0|81.0|11.0|177.0|1124.0
10|1975-76|32.0|PHO|NBA|SG|58.0||1870.0|276.0|570.0|0.484|195.0|235.0|0.83|39.0|98.0|137.0|140.0|52.0|11.0|113.0|747.0
11|1976-77|33.0|PHO|NBA|SG|78.0||1535.0|227.0|498.0|0.456|145.0|166.0|0.873|31.0|86.0|117.0|120.0|35.0|5.0|94.0|599.0
