player_id|Rk|Unnamed: 1|Age|G|MP|PER|TS%|FTr|ORB%|DRB%|TRB%|AST%|STL%|BLK%|Unnamed: 14|OWS|DWS|WS|WS/48|Unnamed: 19|OBPM|DBPM|BPM|VORP|player_id
hendeto01|1|Tom Henderson|24|81|2900|13.2|0.45399999999999996|0.268|2.0|7.6|4.7|19.2|2.2|0.2||0.8|1.3|2.1|0.035||-1.3|-0.1|-1.4|0.4|hendeto01
hudsolo01|2|Lou Hudson|31|81|2558|16.8|0.516|0.24100000000000002|4.1|8.1|6.0|13.7|2.2|0.4||4.6|1.3|5.9|0.111||1.1|-0.5|0.6|1.7|hudsolo01
drewjo01|3|John Drew|21|77|2351|25.3|0.57|0.562|12.2|16.9|14.5|10.9|2.7|0.7||8.2|2.4|10.6|0.21600000000000003||6.4|-0.2|6.2|4.9|drewjo01
vanarto01|4|Tom Van Arsdale|32|75|2026|11.1|0.47700000000000004|0.21100000000000002|1.7|7.9|4.7|10.9|1.3|0.2||1.1|0.5|1.6|0.038||-2.9|-1.2|-4.0|-1.0|vanarto01
hawkico01|5|Connie Hawkins|33|74|1907|14.3|0.49700000000000005|0.36|5.4|19.1|12.0|15.7|1.9|1.3||1.7|1.8|3.5|0.087||-1.4|2.2|0.8|1.4|hawkico01
jonesdw01|6|Dwight Jones|23|66|1762|15.0|0.521|0.40399999999999997|9.7|21.3|15.3|6.8|1.4|1.9||2.2|1.7|3.8|0.10400000000000001||-1.2|1.0|-0.2|0.8|jonesdw01
brownjo01|7|John Brown|24|75|1758|12.6|0.512|0.43|8.3|15.5|11.8|10.1|1.2|0.5||1.7|1.0|2.6|0.07200000000000001||-1.2|0.3|-0.9|0.5|brownjo01
sojoumi01|8|Mike Sojourner|22|67|1602|13.1|0.5|0.22699999999999998|7.9|21.4|14.5|5.3|1.1|1.3||1.3|1.3|2.7|0.079||-3.0|0.1|-2.9|-0.4|sojoumi01
meminde01|9|Dean Meminger|27|68|1418|12.1|0.46|0.401|4.6|6.4|5.5|21.6|1.8|0.3||0.5|0.4|1.0|0.033||-1.8|-0.4|-2.2|-0.1|meminde01
willobi01|10|Bill Willoughby|18|62|870|13.8|0.445|0.35200000000000004|11.9|22.6|17.1|5.1|2.0|1.8||0.1|1.0|1.1|0.063||-3.8|0.3|-3.4|-0.3|willobi01
hollawi01|11|Wilbur Holland|24|33|351|13.2|0.42100000000000004|0.16|4.3|7.9|6.0|12.5|2.6|0.3||-0.3|0.2|-0.1|-0.018000000000000002||-3.1|-2.6|-5.7|-0.3|hollawi01
creigji01|12|Jim Creighton|25|32|172|5.5|0.31|0.37200000000000005|7.6|19.8|13.5|3.0|0.5|2.8||-0.4|0.1|-0.2|-0.063||-9.5|-0.4|-9.9|-0.3|creigji01
duvalde01|13|Dennis DuVal|23|13|130|9.1|0.38299999999999995|0.209|0.8|5.7|3.2|21.4|2.1|0.8||-0.2|0.1|-0.1|-0.039||-5.4|-1.6|-7.1|-0.2|duvalde01
