|Season|Age|Tm|Lg|MP|FG|FGA|3P|3PA|2P|2PA|FT|FTA|ORB|DRB|TRB|AST|STL|BLK|TOV|PF|PTS|GmSc
0|1987-88|23.0|SEA|NBA||6|11|0|1|6|11|8|10|7|8|12|4|3|3|4|6|15|16.0
1|1988-89|24.0|SEA|NBA||6|12|0|1|6|12|6|8|6|4|10|2|3|4|2|5|12|12.5
2|1989-90|25.0|SEA|NBA||9|13|1|1|9|13|4|6|7|6|10|2|2|2|2|5|18|14.7
4|1990-91|26.0|SEA|NBA||12|15|0|0|12|15|6|10|9|9|14|2|3|2|3|4|27|25.7
5|1990-91|26.0|LAC|NBA||12|13|0|1|12|13|7|10|7|12|18|3|2|3|5|6|30|31.7
6|1991-92|27.0|LAC|NBA||10|12|0|1|10|12|9|12|7|14|17|3|3|2|4|5|23|21.3
7|1992-93|28.0|DET|NBA||11|17|0|1|11|17|7|13|8|14|19|3|4|3|4|5|27|20.9
9|1993-94|29.0|DET|NBA||12|19|0|1|12|19|4|9|8|17|25|3|2|4|5|6|27|23.8
10|1993-94|29.0|SAC|NBA||10|15|0|1|10|15|7|8|14|12|21|4|2|4|4|6|23|28.0
11|1994-95|30.0|SAC|NBA||13|22|1|1|13|22|6|8|10|13|18|5|4|3|6|5|27|25.0
12|1995-96|31.0|SAC|NBA||12|21|1|2|12|21|6|9|11|15|18|4|3|6|4|6|27|21.7
13|1996-97|32.0|SAC|NBA||11|20|0|1|11|20|8|10|10|13|21|8|4|4|6|6|25|24.0
14|1997-98|33.0|SAC|NBA||12|21|0|1|12|21|5|10|8|9|16|7|2|3|4|5|26|22.7
15|1998-99|34.0|SEA|NBA||8|16|1|1|8|16|3|10|8|13|17|3|3|3|3|5|18|19.3
16|1999-00|35.0|UTA|NBA||6|11|1|1|6|11|4|7|7|9|14|3|3|7|3|6|13|14.3
17|2000-01|36.0|UTA|NBA||7|13|0|1|7|13|2|4|6|10|13|2|3|5|4|6|15|14.9
18|2003-04|39.0|LAC|NBA||0|0|0|0|0|0|0|0|1|1|2|1|1|0|2|2|0|-0.1
