player_id|Rk|Unnamed: 1|Age|G|GS|MP|FG|FGA|FG%|3P|3PA|3P%|2P|2PA|2P%|FT|FTA|FT%|ORB|DRB|TRB|AST|STL|BLK|TOV|PF|PTS|player_id
princta02|1|Taurean Waller-Prince|23|82|82|2464|6.1|14.2|0.426|2.6|6.7|0.385|3.5|7.6|0.461|2.2|2.6|0.8440000000000001|0.7|5.0|5.7|3.1|1.2|0.6|2.8|2.5|16.9|princta02
schrode01|2|Dennis Schröder|24|67|67|2078|8.7|19.9|0.436|1.3|4.5|0.29|7.3|15.3|0.48|3.9|4.6|0.8490000000000001|0.8|2.8|3.6|7.2|1.2|0.1|3.2|2.5|22.5|schrode01
bazemke01|3|Kent Bazemore|28|65|65|1789|5.7|13.6|0.42|2.2|5.5|0.39399999999999996|3.5|8.1|0.43799999999999994|3.2|4.0|0.7959999999999999|0.5|4.5|5.0|4.6|2.0|0.9|3.2|3.0|16.8|bazemke01
collijo01|4|John Collins|20|74|26|1785|6.3|11.0|0.5760000000000001|0.3|0.9|0.34|6.0|10.0|0.598|2.7|3.8|0.715|3.5|7.4|10.9|2.0|0.9|1.6|2.1|4.3|15.7|collijo01
dedmode01|5|Dewayne Dedmon|28|62|46|1542|5.8|11.1|0.524|1.2|3.3|0.355|4.7|7.8|0.595|1.6|2.0|0.779|2.3|9.1|11.4|2.1|0.9|1.2|2.0|3.8|14.4|dedmode01
belinma01|6|Marco Belinelli|31|52|1|1210|5.9|14.4|0.41|2.7|7.3|0.37200000000000005|3.2|7.1|0.45|3.0|3.2|0.927|0.4|2.6|3.0|3.1|1.4|0.1|1.6|1.2|17.6|belinma01
ilyaser01|7|Ersan İlyasova|30|46|40|1175|5.6|12.3|0.45899999999999996|1.9|5.2|0.359|3.8|7.1|0.532|2.2|2.8|0.8|2.3|5.4|7.7|1.6|1.3|0.5|1.3|2.8|15.3|ilyaser01
taylois01|8|Isaiah Taylor|23|67|9|1167|5.0|12.0|0.418|0.6|2.5|0.25|4.4|9.6|0.461|3.1|4.3|0.7020000000000001|0.7|2.2|2.9|6.4|1.0|0.3|2.6|3.6|13.7|taylois01
muscami01|9|Mike Muscala|26|53|7|1060|4.9|10.6|0.45799999999999996|2.1|5.7|0.371|2.8|4.9|0.5589999999999999|1.9|2.1|0.919|1.9|5.9|7.8|1.7|1.1|0.9|1.4|2.7|13.8|muscami01
delanma01|10|Malcolm Delaney|28|54|3|1014|3.9|10.1|0.382|1.6|4.4|0.371|2.2|5.7|0.391|2.6|3.3|0.804|0.3|3.2|3.6|5.8|1.2|0.2|2.3|2.9|12.0|delanma01
dorsety01|11|Tyler Dorsey|21|56|5|974|5.3|14.1|0.377|2.7|7.4|0.36200000000000004|2.7|6.8|0.39299999999999996|1.7|2.3|0.7140000000000001|0.6|4.2|4.8|2.9|0.6|0.2|1.4|2.3|15.0|dorsety01
plumlmi01|12|Miles Plumlee|29|55|35|918|4.1|7.1|0.583|0.0|0.0||4.1|7.1|0.583|1.1|2.4|0.45|3.0|5.9|8.9|1.8|0.7|1.2|2.5|3.1|9.3|plumlmi01
babbilu01|13|Luke Babbitt|28|37|9|570|5.1|10.6|0.47600000000000003|3.1|7.0|0.441|2.0|3.6|0.544|1.1|1.4|0.773|0.3|4.8|5.1|1.6|0.4|0.3|0.9|3.0|14.3|babbilu01
cavanty01|14|Tyler Cavanaugh|23|39|1|518|4.7|10.6|0.441|2.2|6.2|0.36|2.4|4.4|0.556|1.2|1.5|0.81|3.1|5.7|8.8|1.9|0.6|0.3|1.0|4.2|12.7|cavanty01
bembrde01|15|DeAndre' Bembry|23|26|3|455|4.2|10.1|0.414|0.9|2.4|0.36700000000000005|3.3|7.8|0.429|1.5|2.6|0.5760000000000001|0.6|5.1|5.7|3.9|1.7|0.9|3.7|3.0|10.8|bembrde01
leeda03|16|Damion Lee|25|15|11|404|5.5|13.5|0.408|1.3|5.3|0.25|4.2|8.2|0.511|2.0|2.6|0.759|1.0|5.3|6.3|2.6|1.7|0.1|1.2|2.2|14.3|leeda03
magetjo01|17|Josh Magette|28|18|0|216|2.5|7.7|0.326|1.3|3.7|0.364|1.2|4.0|0.292|1.3|1.3|1.0|0.3|2.8|3.2|9.5|1.3|0.2|1.5|2.7|7.7|magetjo01
whitean01|18|Andrew White|24|15|0|209|4.3|12.6|0.342|3.1|8.4|0.36700000000000005|1.2|4.1|0.292|0.2|0.7|0.25|0.7|5.2|5.9|1.0|0.5|0.2|1.4|2.1|11.9|whitean01
morrija01|19|Jaylen Morris|22|6|0|98|4.8|11.8|0.406|0.7|3.7|0.2|4.0|8.1|0.5|0.0|0.0||0.7|5.1|5.9|2.6|0.7|0.4|2.2|0.7|10.3|morrija01
clevean01|20|Antonius Cleveland|23|4|0|42|3.4|6.0|0.5710000000000001|2.6|2.6|1.0|0.9|3.4|0.25|1.7|1.7|1.0|0.9|2.6|3.4|0.0|0.9|0.9|4.3|10.3|11.1|clevean01
brussni01|21|Nicolás Brussino|24|4|0|10|0.0|7.2|0.0|0.0|7.2|0.0|0.0|0.0||0.0|0.0||0.0|10.8|10.8|0.0|0.0|0.0|0.0|0.0|0.0|brussni01
evansje01|22|Jeremy Evans|30|1|0|5|7.2|7.2|1.0|0.0|0.0||7.2|7.2|1.0|0.0|0.0||7.2|0.0|7.2|0.0|0.0|0.0|7.2|7.2|14.4|evansje01
