player_id|Rk|Unnamed: 1|Age|G|GS|MP|FG|FGA|FG%|FT|FTA|FT%|TRB|AST|PF|PTS|player_id
snydedi01|1|Dick Snyder|26|82||2824|8.2|15.5|0.531|3.8|4.6|0.8370000000000001|3.3|4.5|3.2|20.3|snydedi01
wilkele01|2|Lenny Wilkens|33|71||2641|6.4|15.3|0.419|6.3|7.8|0.8029999999999999|4.3|8.9|2.7|19.1|wilkele01
crosspe01|3|Pete Cross|22|79||2194|4.0|9.1|0.442|2.3|3.3|0.69|15.6|1.9|3.5|10.3|crosspe01
kojisdo01|4|Don Kojis|32|79||2143|7.6|17.1|0.446|4.2|5.4|0.778|7.3|2.2|3.7|19.4|kojisdo01
meschto01|5|Tom Meschery|32|79||1822|5.6|12.2|0.46299999999999997|3.2|4.3|0.75|9.6|2.1|4.0|14.5|meschto01
winfile01|6|Lee Winfield|23|79||1605|7.5|16.1|0.466|3.6|5.5|0.664|4.3|5.0|3.0|18.6|winfile01
clemeba01|7|Barry Clemens|27|78||1286|6.9|14.7|0.47|2.3|3.2|0.728|6.8|2.6|4.7|16.2|clemeba01
abdulza01|8|Zaid Abdul-Aziz|24|61||1276|7.4|16.8|0.441|3.9|5.3|0.7390000000000001|13.2|1.2|3.3|18.8|abdulza01
haywosp01|9|Spencer Haywood|21|33||1162|8.1|17.9|0.449|5.0|6.8|0.7340000000000001|12.3|1.5|2.6|21.1|haywosp01
heardga01|10|Gar Heard|22|65||1027|5.3|14.0|0.381|2.9|4.4|0.6559999999999999|11.5|1.6|4.4|13.5|heardga01
blackto01|11|Tom Black|29|55||773|5.2|12.5|0.414|2.4|3.4|0.6990000000000001|10.5|2.0|5.4|12.7|blackto01
thornro01|12|Rod Thorn|29|63||767|6.6|14.0|0.47200000000000003|3.2|4.8|0.6759999999999999|4.8|8.5|2.8|16.5|thornro01
rulebo01|13|Bob Rule|26|4||142|11.9|24.8|0.48|6.3|7.6|0.833|11.7|1.8|3.5|30.2|rulebo01
fordja01|14|Jake Ford|24|5||68|4.8|13.2|0.36|8.5|11.6|0.727|4.8|4.8|5.8|18.0|fordja01
