|Season|Age|Tm|Lg|Pos|G|MP|PER|TS%|3PAr|FTr|ORB%|DRB%|TRB%|AST%|STL%|BLK%|TOV%|USG%|OWS|DWS|WS|WS/48|OBPM|DBPM|BPM|VORP
0|1975-76|22.0|GSW|NBA|PG|77.0|1728.0|17.0|0.473||0.273|3.5|5.3|4.4|19.3|3.6|0.8|||1.6|2.6|4.2|0.11699999999999999|1.5|-0.7|0.8|1.2
1|1976-77|23.0|GSW|NBA|PG|82.0|1930.0|14.2|0.49700000000000005||0.214|3.7|8.5|6.1|19.6|2.8|0.5|||1.6|1.9|3.6|0.08800000000000001|0.1|0.1|0.2|1.1
2|1977-78|24.0|SEA|NBA|PG|79.0|2572.0|18.1|0.491||0.20800000000000002|3.1|7.1|5.1|18.0|3.3|0.9|11.5|24.4|3.8|3.9|7.7|0.14300000000000002|2.4|0.0|2.4|2.8
3|1978-79|25.0|SEA|NBA|PG|76.0|2266.0|21.1|0.534||0.258|5.1|6.2|5.7|21.9|3.2|0.7|12.2|26.9|4.7|3.5|8.3|0.175|4.4|-0.4|4.0|3.4
4|1979-80|26.0|SEA|NBA|PG|82.0|2969.0|20.6|0.529|0.023|0.27399999999999997|4.5|5.3|4.9|20.7|3.2|0.7|9.5|25.2|7.2|4.4|11.6|0.187|4.6|-0.5|4.1|4.5
5|1981-82|28.0|SEA|NBA|PG|80.0|2876.0|21.8|0.526|0.025|0.27399999999999997|3.6|5.5|4.6|31.0|2.9|0.7|9.9|28.5|5.9|4.3|10.2|0.171|5.2|-1.1|4.2|4.5
6|1982-83|29.0|SEA|NBA|PG|80.0|2761.0|20.5|0.517|0.031|0.267|2.9|4.9|4.0|34.8|3.1|0.5|12.9|25.8|5.2|3.3|8.5|0.14800000000000002|3.7|-1.0|2.7|3.3
7|1983-84|30.0|SEA|NBA|PG|80.0|2818.0|18.9|0.506|0.019|0.303|2.7|5.5|4.1|36.2|3.2|0.5|13.5|25.2|3.0|2.9|5.9|0.10099999999999999|1.9|-0.6|1.3|2.4
8|1984-85|31.0|WSB|NBA|PG|79.0|2960.0|17.3|0.48200000000000004|0.11900000000000001|0.233|2.6|4.7|3.6|30.5|2.9|0.6|11.5|26.0|1.2|3.9|5.1|0.083|2.2|-1.1|1.0|2.3
9|1985-86|32.0|WSB|NBA|PG|77.0|2284.0|15.0|0.473|0.115|0.18600000000000003|2.5|5.4|3.9|30.8|2.0|0.4|12.7|23.0|0.7|2.2|2.8|0.06|0.3|-1.8|-1.5|0.3
10|1986-87|33.0|ATL|NBA|SG|33.0|481.0|9.6|0.42200000000000004|0.12300000000000001|0.27399999999999997|1.8|7.1|4.5|38.0|1.7|0.6|24.8|18.6|-0.4|0.5|0.1|0.006999999999999999|-3.3|-1.6|-4.9|-0.4
