|Season|Age|Tm|Lg|Pos|G|MP|PG%|SG%|SF%|PF%|C%|OnCourt|On-Off|BadPass|LostBall|Shoot|Off.|Shoot.1|Off..1|PGA|And1|Blkd
0|2001-02|19.0|SAC|NBA|SF|54.0|430.0|0|32|60|8|0|2.3|-6.4|7.0|8.0|20.0|4.0|21.0|0.0|61.0|6.0|21.0
1|2002-03|20.0|SAC|NBA|SF|47.0|571.0|0|31|66|4|0|3.4|-3.8|9.0|19.0|31.0|11.0|32.0|0.0|57.0|4.0|18.0
2|2003-04|21.0|SAC|NBA|SF|37.0|337.0|0|18|79|3|0|-3.3|-9.6|4.0|3.0|17.0|1.0|12.0|0.0|41.0|2.0|9.0
3|2004-05|22.0|CHA|NBA|SF|70.0|2147.0|0|11|82|7|0|-4.1|5.0|66.0|45.0|76.0|26.0|118.0|0.0|297.0|31.0|65.0
4|2005-06|23.0|CHA|NBA|SF|55.0|1895.0|0|1|69|29|2|-1.8|4.9|28.0|28.0|57.0|24.0|143.0|29.0|218.0|42.0|64.0
5|2006-07|24.0|CHA|NBA|SF|72.0|2640.0|0|21|60|19|1|-4.5|-1.9|52.0|56.0|95.0|30.0|216.0|36.0|410.0|56.0|112.0
6|2007-08|25.0|CHA|NBA|PF|62.0|2376.0|0|1|43|56|0|-2.9|5.1|76.0|51.0|76.0|34.0|209.0|30.0|491.0|53.0|85.0
7|2008-09|26.0|CHA|NBA|SF|71.0|2669.0|0|6|88|7|0|1.0|7.4|55.0|40.0|81.0|38.0|209.0|48.0|422.0|46.0|103.0
8|2009-10|27.0|CHA|NBA|SF|76.0|3119.0|0|0|76|24|0|2.0|1.8|64.0|55.0|86.0|32.0|251.0|44.0|363.0|49.0|106.0
10|2010-11|28.0|CHA|NBA|SF|48.0|1872.0|0|5|85|10|0|-0.2|8.3|40.0|22.0|54.0|26.0|114.0|16.0|257.0|17.0|68.0
11|2010-11|28.0|POR|NBA|PF|23.0|821.0|0|0|11|89|1|9.1|9.5|19.0|15.0|31.0|11.0|34.0|8.0|128.0|8.0|22.0
13|2011-12|29.0|POR|NBA|SF|42.0|1503.0|0|18|75|7|0|4.9|11.5|32.0|21.0|48.0|18.0|66.0|17.0|264.0|15.0|41.0
14|2011-12|29.0|NJN|NBA|SF|16.0|573.0|0|0|51|49|0|-4.4|2.8|16.0|7.0|16.0|4.0|26.0|4.0|112.0|6.0|17.0
15|2012-13|30.0|BRK|NBA|SF|69.0|2076.0|0|1|79|21|0|4.1|4.5|55.0|30.0|41.0|19.0|79.0|30.0|414.0|11.0|30.0
16|2013-14|31.0|BOS|NBA|SF|58.0|1416.0|0|43|55|1|0|-5.8|-1.1|58.0|24.0|27.0|12.0|39.0|20.0|326.0|5.0|17.0
17|2014-15|32.0|BOS|NBA|SF|32.0|286.0|0|16|75|8|0|5.4|5.8|11.0|3.0|7.0|2.0|5.0|4.0|26.0|1.0|5.0
