|Season|Age|Tm|Lg|MP|FG|FGA|3P|3PA|2P|2PA|FT|FTA|ORB|DRB|TRB|AST|STL|BLK|TOV|PF|PTS|GmSc
0|1982-83|22.0|KCK|NBA||6|10|0||6||4|8|||||||||16|
1|1983-84|23.0|KCK|NBA||4|6|0|0.0|4|6.0|6|6|4.0|8.0|10.0|4.0|3.0|1.0|3.0|6.0|11|10.8
2|1984-85|24.0|KCK|NBA||4|5|0|1.0|4|5.0|3|4|3.0|5.0|8.0|3.0|1.0|1.0|5.0|2.0|11|9.4
3|1986-87|26.0|SAS|NBA||9|15|2|4.0|8|11.0|6|8|7.0|10.0|16.0|5.0|4.0|1.0|3.0|6.0|23|21.2
4|1987-88|27.0|SAS|NBA||7|8|1|1.0|7|8.0|8|10|5.0|9.0|12.0|4.0|3.0|1.0|3.0|5.0|14|16.6
6|1988-89|28.0|CHI|NBA||1|2|0|0.0|1|2.0|1|2|1.0|5.0|5.0|2.0|1.0|1.0|1.0|3.0|2|4.1
7|1988-89|28.0|PHO|NBA||2|3|0|1.0|2|3.0|2|2|5.0|8.0|11.0|2.0|2.0|0.0|1.0|3.0|4|6.2
8|1989-90|29.0|CHI|NBA||5|7|0|1.0|5|7.0|4|4|4.0|7.0|11.0|3.0|2.0|1.0|3.0|5.0|10|8.6
9|1990-91|30.0|PHO|NBA||3|7|1|2.0|3|6.0|3|4|4.0|8.0|10.0|3.0|2.0|1.0|3.0|4.0|9|7.8
10|1991-92|31.0|PHO|NBA||6|9|3|4.0|3|7.0|4|6|3.0|8.0|9.0|5.0|3.0|1.0|2.0|4.0|17|21.4
12|1992-93|32.0|GSW|NBA||2|5|2|3.0|2|4.0|4|4|2.0|6.0|8.0|3.0|3.0|1.0|2.0|3.0|6|8.4
13|1992-93|32.0|CHI|NBA||4|6|1|3.0|4|5.0|2|2|1.0|3.0|4.0|2.0|2.0|1.0|1.0|2.0|8|8.2
