|Season|Age|Tm|Lg|MP|FG|FGA|3P|3PA|2P|2PA|FT|FTA|ORB|DRB|TRB|AST|STL|BLK|TOV|PF|PTS|GmSc
0|1981-82|22.0|BOS|NBA||5|12|2|3|5|12|7|8|||6|7||||5|17|
1|1982-83|23.0|BOS|NBA||12|22|1|2|12|22|6|8|||4|5|3.0|1.0|2.0|5|25|
2|1983-84|24.0|BOS|NBA||6|12|1|3|6|12|4|4|1.0|2.0|2|6|2.0|1.0|2.0|4|12|9.1
3|1984-85|25.0|BOS|NBA||10|17|2|5|9|15|5|6|3.0|4.0|5|11|5.0|1.0|4.0|6|25|17.8
4|1985-86|26.0|BOS|NBA||10|16|3|5|9|16|7|9|4.0|7.0|10|7|5.0|1.0|4.0|5|25|24.6
5|1986-87|27.0|BOS|NBA||11|21|5|8|10|14|4|5|3.0|4.0|7|8|4.0|2.0|5.0|5|30|28.8
6|1987-88|28.0|BOS|NBA||7|18|3|8|6|13|5|7|3.0|7.0|7|14|2.0|1.0|6.0|6|22|22.7
7|1990-91|31.0|POR|NBA||7|14|3|6|6|9|4|6|1.0|5.0|5|5|3.0|1.0|3.0|5|18|14.0
8|1991-92|32.0|POR|NBA||9|14|4|6|7|9|6|6|2.0|4.0|6|5|3.0|1.0|2.0|6|25|20.7
9|1992-93|33.0|PHO|NBA||8|14|3|7|5|10|4|4|3.0|6.0|7|5|2.0|1.0|2.0|5|20|15.9
10|1993-94|34.0|PHO|NBA||6|12|5|10|3|3|4|6|3.0|3.0|5|3|2.0|1.0|2.0|5|18|12.2
11|1994-95|35.0|PHO|NBA||5|8|4|6|3|3|5|5|1.0|2.0|2|4|2.0|0.0|2.0|4|19|16.5
