player_id|Rk|Unnamed: 1|Age|G|GS|MP|FG|FGA|FG%|FT|FTA|FT%|TRB|AST|PF|PTS/G|player_id
pettibo01|1|Bob Pettit|25|70||36.1|8.3|20.3|0.41|8.0|10.6|0.7490000000000001|17.4|2.2|3.2|24.6|pettibo01
martisl01|2|Slater Martin|32|60||35.0|4.3|12.8|0.336|3.4|4.6|0.746|3.8|3.6|3.1|12.0|martisl01
hagancl01|3|Cliff Hagan|26|70||31.3|7.2|16.2|0.44299999999999995|5.5|7.2|0.768|10.1|2.5|3.8|19.9|hagancl01
mcmahja01|4|Jack McMahon|29|72||31.1|3.0|10.0|0.3|1.9|3.1|0.606|2.7|4.6|2.6|7.9|mcmahja01
macaued01|5|Ed Macauley|29|72||26.5|5.2|12.2|0.428|3.7|5.1|0.7240000000000001|6.6|2.0|2.2|14.2|macaued01
sharech01|6|Chuck Share|30|72||25.3|3.0|7.6|0.396|2.6|4.1|0.648|10.4|1.8|3.9|8.6|sharech01
colemja01|7|Jack Coleman|33|72||20.9|3.2|7.8|0.413|1.2|1.8|0.6409999999999999|6.7|1.6|2.3|7.6|colemja01
wilfowi01|8|Win Wilfong|24|71||19.2|2.8|7.6|0.361|2.3|3.4|0.685|4.1|2.3|2.8|7.8|wilfowi01
parkme01|9|Med Park|24|71||15.5|1.9|5.1|0.366|1.7|2.3|0.728|2.6|1.1|1.5|5.4|parkme01
daviswa01|10|Walt Davis|27|26||11.0|1.6|4.4|0.35700000000000004|1.7|2.2|0.7759999999999999|3.3|0.4|2.4|4.9|daviswa01
selvyfr01|11|Frank Selvy|25|26||7.5|0.6|3.2|0.193|1.0|1.8|0.563|2.0|0.6|0.9|2.3|selvyfr01
morrire01|12|Red Morrison|25|13||6.1|0.7|2.0|0.34600000000000003|0.2|0.3|0.75|2.0|0.0|0.9|1.6|morrire01
pattewo01|13|Worthy Patterson|26|4||3.3|0.8|2.0|0.375|0.3|0.5|0.5|0.5|0.5|0.8|1.8|pattewo01
