player_id|Rk|Unnamed: 1|Age|G|GS|MP|FG|FGA|FG%|FT|FTA|FT%|ORB|DRB|TRB|AST|STL|BLK|PF|PTS|Unnamed: 20|ORtg|DRtg|player_id
barryri01|1|Rick Barry|29|80||2918|12.0|26.4|0.456|6.3|7.0|0.899|1.6|6.6|8.2|7.3|2.6|0.6|4.0|30.3|||97|barryri01
russeca01|2|Cazzie Russell|29|82||2574|12.6|26.2|0.48200000000000004|3.6|4.3|0.835|2.4|3.6|6.0|3.3|0.9|0.3|3.3|28.8|||102|russeca01
mullije01|3|Jeff Mullins|31|77||2498|9.5|20.2|0.473|3.0|3.4|0.875|1.5|3.4|4.9|5.4|1.2|0.4|3.8|22.1|||102|mullije01
thurmna01|4|Nate Thurmond|32|62||2463|5.5|12.4|0.444|3.4|5.1|0.6659999999999999|4.5|11.3|15.7|3.0|0.7|3.2|3.2|14.4|||95|thurmna01
beardbu01|5|Butch Beard|26|79||2134|6.5|12.7|0.512|3.6|4.8|0.7390000000000001|2.8|5.2|8.0|6.2|2.2|0.2|5.0|16.6|||99|beardbu01
barneji02|6|Jim Barnett|29|77||1689|9.1|19.7|0.46399999999999997|4.8|5.9|0.8140000000000001|2.0|3.8|5.8|5.5|1.5|0.3|3.8|23.1|||101|barneji02
leecl01|7|Clyde Lee|29|54||1642|3.5|7.6|0.45399999999999996|1.7|2.9|0.579|5.0|11.0|16.0|1.8|0.7|0.5|4.8|8.6|||98|leecl01
johnsge02|8|George Johnson|25|66||1291|5.9|12.2|0.483|2.0|3.7|0.551|6.5|11.3|17.8|2.5|1.2|4.2|6.0|13.8|||93|johnsge02
johnsch01|9|Charles Johnson|24|59||1051|8.1|19.6|0.415|1.6|2.3|0.691|2.1|5.3|7.3|4.3|2.6|0.3|4.7|17.9|||98|johnsch01
dickede01|10|Derrek Dickey|22|66||930|5.4|11.0|0.494|2.4|3.1|0.773|5.8|10.2|16.1|2.6|0.8|0.7|5.3|13.3|||98|dickede01
ellisjo01|11|Joe Ellis|29|50||515|5.2|16.3|0.321|1.5|2.7|0.581|3.2|7.3|10.4|3.2|2.8|0.8|6.5|12.0|||96|ellisjo01
