|Season|Age|Tm|Lg|Pos|G|GS|MP|FG|FGA|FG%|FT|FTA|FT%|ORB|DRB|TRB|AST|STL|BLK|PF|PTS
0|1962-63|22.0|DET|NBA|SF|80.0||2352.0|6.2|14.4|0.43|3.2|4.4|0.718|||10.6|3.2|||3.8|15.6
1|1963-64|23.0|DET|NBA|SF|15.0||304.0|6.2|15.8|0.391|3.0|5.1|0.581|||12.4|2.7|||3.8|15.3
2|1964-65|24.0|DET|NBA|PF|79.0||2769.0|6.6|15.5|0.425|4.0|5.7|0.7|||11.4|3.3|||3.1|17.2
3|1965-66|25.0|DET|NBA|SF|79.0||2696.0|7.0|17.1|0.408|3.3|5.0|0.659|||12.2|2.8|||3.4|17.3
4|1966-67|26.0|DET|NBA|SF|78.0||2897.0|6.6|15.9|0.415|4.5|6.4|0.705|||11.5|2.7|||3.7|17.7
5|1967-68|27.0|DET|NBA|SF|80.0||3125.0|6.6|14.9|0.442|3.3|5.0|0.664|||12.5|2.1|||3.5|16.5
7|1968-69|28.0|DET|NBA|PF|29.0||1092.0|6.2|13.9|0.447|3.1|4.3|0.723|||11.6|2.1|||3.7|15.6
8|1968-69|28.0|NYK|NBA|PF|47.0||1851.0|6.2|13.9|0.442|2.6|3.9|0.682|||10.4|2.5|||3.5|15.0
9|1969-70|29.0|NYK|NBA|PF|79.0||2627.0|6.7|14.8|0.451|2.4|3.5|0.688|||10.8|2.7|||3.3|15.8
10|1970-71|30.0|NYK|NBA|PF|81.0||2891.0|6.5|15.5|0.42100000000000004|2.7|3.9|0.696|||11.2|2.7|||3.0|15.7
11|1971-72|31.0|NYK|NBA|PF|80.0||3072.0|6.1|14.3|0.42700000000000005|2.3|3.1|0.728|||10.6|3.4|||2.6|14.4
12|1972-73|32.0|NYK|NBA|PF|77.0||2827.0|6.8|15.6|0.435|2.5|3.3|0.746|||10.0|3.3|||2.7|16.0
13|1973-74|33.0|NYK|NBA|PF|71.0||2699.0|7.5|16.2|0.461|2.2|2.9|0.7559999999999999|1.8|8.3|10.1|3.4|0.9|0.5|3.0|17.1
