|Season|Age|Tm|Lg|Pos|G|MP|PER|TS%|3PAr|FTr|ORB%|DRB%|TRB%|AST%|STL%|BLK%|TOV%|USG%|OWS|DWS|WS|WS/48|OBPM|DBPM|BPM|VORP
0|1998-99|22.0|CHH|NBA|C|38.0|469.0|21.2|0.6509999999999999|0.013999999999999999|0.7390000000000001|9.2|19.8|14.7|9.0|1.0|2.8|14.9|21.7|1.6|0.5|2.1|0.22|1.1|-0.7|0.5|0.3
1|1999-00|23.0|CHH|NBA|C|55.0|961.0|18.9|0.5579999999999999|0.006999999999999999|0.6659999999999999|13.5|20.6|17.1|7.8|1.2|2.5|11.2|19.9|2.4|1.4|3.8|0.192|0.0|0.1|0.0|0.5
2|2000-01|24.0|CHI|NBA|C|57.0|1434.0|16.4|0.52|0.013000000000000001|0.585|11.5|23.7|17.3|13.1|1.2|2.0|13.1|18.1|2.3|1.1|3.4|0.114|-0.7|0.0|-0.7|0.5
4|2001-02|25.0|CHI|NBA|C|48.0|1391.0|19.6|0.54|0.009000000000000001|0.56|14.4|19.4|16.8|13.0|2.0|1.5|11.6|21.1|3.1|1.3|4.4|0.152|2.0|0.6|2.6|1.6
5|2001-02|25.0|IND|NBA|C|28.0|872.0|20.8|0.627|0.011000000000000001|0.46299999999999997|10.1|18.2|14.2|10.5|1.4|1.0|10.8|19.7|2.9|1.0|3.9|0.214|3.0|0.4|3.3|1.2
6|2002-03|26.0|IND|NBA|C|73.0|2270.0|19.3|0.579|0.024|0.535|9.4|20.2|14.9|14.5|1.5|1.4|12.5|18.7|6.1|3.4|9.6|0.20199999999999999|2.0|1.8|3.8|3.3
7|2003-04|27.0|SAC|NBA|PF|72.0|2621.0|19.4|0.579|0.052000000000000005|0.45|8.5|23.3|16.1|18.5|1.3|2.3|14.1|17.6|7.1|3.0|10.0|0.184|2.2|2.2|4.3|4.2
8|2004-05|28.0|SAC|NBA|C|56.0|2089.0|20.7|0.596|0.031|0.47100000000000003|7.4|20.4|13.9|16.1|1.7|2.3|10.0|17.4|6.3|2.3|8.6|0.198|2.5|2.0|4.5|3.4
9|2005-06|29.0|SAC|NBA|C|79.0|2923.0|17.5|0.5760000000000001|0.1|0.385|4.9|19.5|12.3|21.5|1.1|1.6|14.9|18.9|5.5|3.6|9.1|0.15|1.1|1.7|2.8|3.5
10|2006-07|30.0|SAC|NBA|C|63.0|1783.0|13.5|0.508|0.067|0.302|5.1|21.7|13.2|20.4|1.1|1.7|16.2|16.8|1.0|1.7|2.7|0.07200000000000001|-1.7|1.6|-0.1|0.8
11|2007-08|31.0|SAC|NBA|C|72.0|2513.0|16.8|0.5579999999999999|0.124|0.424|8.0|23.7|16.0|16.6|1.4|2.3|16.0|18.3|3.8|2.7|6.5|0.125|0.7|1.9|2.6|2.9
13|2008-09|32.0|SAC|NBA|C|43.0|1354.0|15.7|0.562|0.111|0.402|7.1|22.7|14.8|17.8|1.1|1.3|15.4|17.9|1.9|0.6|2.6|0.091|0.0|0.3|0.3|0.8
14|2008-09|32.0|CHI|NBA|C|27.0|746.0|18.6|0.574|0.057999999999999996|0.513|10.3|20.5|15.4|18.0|1.5|1.2|14.5|19.4|1.7|0.9|2.6|0.165|1.7|1.1|2.8|0.9
15|2009-10|33.0|CHI|NBA|C|82.0|1950.0|12.9|0.53|0.22699999999999998|0.379|4.8|17.8|11.4|12.2|1.2|1.1|13.6|18.1|1.5|2.5|4.0|0.098|-1.3|0.5|-0.8|0.6
16|2010-11|34.0|HOU|NBA|C|60.0|1015.0|16.3|0.5660000000000001|0.361|0.318|4.9|19.9|12.4|21.4|1.4|1.4|13.8|17.0|2.0|1.0|3.0|0.142|1.2|0.6|1.7|0.9
17|2011-12|35.0|MIN|NBA|C|15.0|146.0|10.7|0.542|0.556|0.444|3.0|11.5|7.2|24.3|1.4|1.0|27.1|13.5|0.1|0.1|0.2|0.06|-1.7|-0.5|-2.2|0.0
