player_id|Rk|Unnamed: 1|Age|G|MP|PER|TS%|3PAr|FTr|ORB%|DRB%|TRB%|AST%|STL%|BLK%|TOV%|USG%|Unnamed: 17|OWS|DWS|WS|WS/48|Unnamed: 22|OBPM|DBPM|BPM|VORP|player_id
willigu01|1|Gus Williams|31|79|2960|17.3|0.48200000000000004|0.11900000000000001|0.233|2.6|4.7|3.6|30.5|2.9|0.6|11.5|26.0||1.2|3.9|5.1|0.083||2.2|-1.1|1.0|2.3|willigu01
ballagr01|2|Greg Ballard|30|82|2664|14.3|0.513|0.047|0.154|6.1|16.2|11.0|10.9|1.8|0.7|9.2|18.0||2.1|3.9|6.0|0.109||0.3|0.8|1.1|2.1|ballagr01
malonje01|3|Jeff Malone|23|76|2613|15.0|0.5429999999999999|0.059000000000000004|0.20600000000000002|2.5|6.3|4.3|10.7|1.0|0.2|7.5|22.8||3.4|2.3|5.7|0.105||1.3|-2.4|-1.0|0.6|malonje01
mahorri01|4|Rick Mahorn|26|77|2072|10.4|0.526|0.0|0.252|7.8|25.0|16.2|7.4|1.4|2.9|22.5|11.9||-0.3|3.9|3.6|0.083||-3.0|3.1|0.1|1.1|mahorri01
robincl01|5|Cliff Robinson|24|60|1870|16.4|0.507|0.003|0.23800000000000002|8.1|24.5|16.1|12.0|1.3|1.4|14.0|25.6||-0.3|3.2|2.9|0.075||-1.0|0.3|-0.7|0.6|robincl01
dayeda01|6|Darren Daye|24|80|1573|15.7|0.5660000000000001|0.013999999999999999|0.494|6.4|12.9|9.5|21.0|1.6|0.7|17.9|19.8||1.8|2.1|3.8|0.11699999999999999||0.7|-0.1|0.6|1.0|dayeda01
mcmilto01|7|Tom McMillen|32|69|1547|10.4|0.519|0.009000000000000001|0.253|4.5|10.7|7.5|4.6|0.2|0.6|6.9|17.2||1.2|1.4|2.7|0.08199999999999999||-1.8|-2.2|-4.0|-0.8|mcmilto01
rulanje01|8|Jeff Ruland|26|37|1436|17.0|0.617|0.005|0.665|9.5|22.3|15.7|15.8|1.0|1.1|24.0|21.6||1.1|2.2|3.3|0.111||1.0|1.5|2.5|1.6|rulanje01
bradldu01|9|Dudley Bradley|27|73|1232|12.2|0.536|0.214|0.264|3.0|9.2|6.0|18.1|3.7|1.0|20.1|14.1||0.3|2.1|2.4|0.09300000000000001||-0.8|1.6|0.8|0.9|bradldu01
johnsfr01|10|Frank Johnson|26|46|925|15.0|0.535|0.047|0.268|2.7|4.9|3.8|22.1|2.2|0.2|12.8|20.7||0.9|1.1|1.9|0.10099999999999999||0.4|-2.0|-1.5|0.1|johnsfr01
jonesch01|11|Charles Jones|27|28|638|15.1|0.569|0.0|0.423|11.7|19.3|15.4|5.0|1.7|6.6|12.6|10.9||0.9|1.3|2.2|0.168||-0.7|4.4|3.7|0.9|jonesch01
willigu02|12|Guy Williams|24|21|119|14.7|0.46799999999999997|0.063|0.079|13.6|11.4|12.5|11.7|2.0|1.0|10.9|25.6||0.0|0.2|0.1|0.05||-0.2|-1.7|-1.9|0.0|willigu02
collido02|13|Don Collins|26|11|91|12.9|0.42100000000000004|0.0|0.265|11.8|11.2|11.5|10.1|3.7|2.5|17.4|21.0||-0.1|0.2|0.0|0.025||-3.4|1.8|-1.5|0.0|collido02
sewelto01|14|Tom Sewell|22|21|87|-2.7|0.265|0.055999999999999994|0.111|2.5|2.6|2.5|8.8|1.7|0.7|15.6|21.4||-0.5|0.1|-0.4|-0.201||-10.3|-2.8|-13.1|-0.2|sewelto01
davisch02|15|Charles Davis|26|4|28|1.0|0.298|0.0|0.4|7.7|8.1|7.9|4.4|1.7|0.0|14.5|20.5||-0.1|0.0|-0.1|-0.127||-8.7|-2.5|-11.2|-0.1|davisch02
