player_id|Rk|Unnamed: 1|Age|G|GS|MP|FG|FGA|FG%|FT|FTA|FT%|TRB|AST|PF|PTS/G|player_id
thurmna01|1|Nate Thurmond|30|78||43.1|8.1|18.6|0.43200000000000005|5.3|7.2|0.743|16.1|2.9|2.7|21.4|thurmna01
mullije01|2|Jeff Mullins|29|80||40.2|8.6|18.3|0.467|4.4|5.5|0.794|5.6|5.9|3.3|21.5|mullije01
russeca01|3|Cazzie Russell|27|79||36.7|8.7|19.2|0.455|4.0|4.8|0.833|5.4|3.1|2.2|21.4|russeca01
leecl01|4|Clyde Lee|27|78||34.3|3.3|7.0|0.47100000000000003|1.5|2.8|0.541|14.5|1.1|3.1|8.1|leecl01
barneji02|5|Jim Barnett|27|80||27.5|4.7|11.4|0.409|3.1|3.7|0.836|3.1|3.9|2.4|12.4|barneji02
williro01|6|Ron Williams|27|80||24.2|3.6|7.7|0.474|2.4|2.9|0.833|1.8|3.9|2.9|9.7|williro01
ellisjo01|7|Joe Ellis|27|78||18.7|3.6|8.7|0.41100000000000003|1.2|1.7|0.72|5.0|1.2|2.9|8.4|ellisjo01
turnebi01|8|Bill Turner|27|62||9.6|1.1|2.9|0.392|0.6|0.9|0.755|2.1|0.4|1.1|2.9|turnebi01
portmbo01|9|Bob Portman|24|61||9.1|1.5|3.6|0.40299999999999997|0.9|1.0|0.883|2.2|0.4|1.1|3.8|portmbo01
jonesni01|10|Nick Jones|26|65||7.4|1.3|3.0|0.418|0.8|0.9|0.836|0.6|0.7|1.7|3.3|jonesni01
allisod01|11|Odis Allison|22|36||4.6|0.5|2.2|0.218|0.9|1.7|0.541|1.3|0.3|0.9|1.9|allisod01
bartovi01|12|Vic Bartolome|23|38||4.3|0.4|1.6|0.254|0.1|0.1|0.8|1.6|0.1|0.6|0.9|bartovi01
