player_id|Rk|Unnamed: 1|Age|G|GS|MP|FG|FGA|FG%|FT|FTA|FT%|TRB|AST|PF|PTS/G|player_id
thurmna01|1|Nate Thurmond|31|79||43.3|6.5|14.7|0.446|4.0|5.6|0.718|17.1|3.5|3.0|17.1|thurmna01
barryri01|2|Rick Barry|28|82||37.5|9.0|19.9|0.452|4.4|4.8|0.902|8.9|4.9|3.0|22.3|barryri01
mullije01|3|Jeff Mullins|30|81||37.1|8.0|16.3|0.493|1.8|2.1|0.831|4.5|4.2|2.5|17.8|mullije01
russeca01|4|Cazzie Russell|28|80||30.4|6.8|14.8|0.45799999999999996|2.2|2.5|0.8640000000000001|4.4|2.3|2.1|15.7|russeca01
barneji02|5|Jim Barnett|28|82||27.0|4.8|10.3|0.467|2.2|2.6|0.843|3.1|3.7|1.8|11.8|barneji02
leecl01|6|Clyde Lee|28|66||22.4|2.6|5.5|0.466|1.1|2.0|0.565|9.1|0.5|2.8|6.3|leecl01
ellisjo01|7|Joe Ellis|28|74||14.2|2.7|6.6|0.409|0.9|1.3|0.742|3.8|1.2|1.9|6.3|ellisjo01
williro01|8|Ron Williams|28|73||13.9|2.5|5.6|0.44|1.0|1.1|0.904|1.1|1.6|1.5|6.0|williro01
abdulma01|9|Walt Hazzard|30|46||13.7|1.8|4.3|0.418|1.0|1.1|0.863|1.7|2.4|2.0|4.5|abdulma01
johnsch01|10|Charles Johnson|23|70||12.7|2.4|5.7|0.428|0.5|0.7|0.7170000000000001|1.9|1.7|1.5|5.4|johnsch01
johnsge02|11|George Johnson|24|56||6.2|0.7|1.8|0.41|0.1|0.3|0.41200000000000003|2.5|0.1|0.7|1.6|johnsge02
portmbo01|12|Bob Portman|25|32||5.5|1.0|2.2|0.457|0.6|0.8|0.769|1.6|0.2|0.5|2.6|portmbo01
