|Season|Age|Tm|Lg|Pos|G|MP|PER|TS%|3PAr|FTr|ORB%|DRB%|TRB%|AST%|STL%|BLK%|TOV%|USG%|OWS|DWS|WS|WS/48|OBPM|DBPM|BPM|VORP
0|2000-01|20.0|CHI|NBA|PG|61.0|1050.0|8.5|0.442|0.385|0.11199999999999999|1.0|9.4|5.0|23.0|2.2|1.0|21.0|17.9|-1.3|0.4|-0.9|-0.043|-3.9|-2.3|-6.3|-1.1
1|2001-02|21.0|CHI|NBA|PG|23.0|481.0|15.3|0.555|0.31|0.07|1.2|7.2|4.1|21.8|2.0|0.8|14.2|21.5|0.4|0.2|0.6|0.055|0.6|-2.8|-2.2|0.0
2|2002-03|22.0|CHI|NBA|PG|80.0|1992.0|15.4|0.496|0.3|0.16|1.2|9.0|5.1|28.8|2.0|0.9|13.4|22.2|1.6|1.1|2.8|0.067|0.9|-2.0|-1.0|0.5
3|2003-04|23.0|CHI|NBA|SG|80.0|2811.0|15.9|0.486|0.395|0.182|1.7|9.5|5.5|27.5|2.1|0.8|11.9|25.7|1.9|2.1|4.1|0.069|2.4|-1.3|1.1|2.2
4|2004-05|24.0|NYK|NBA|SG|70.0|2688.0|15.2|0.521|0.467|0.19699999999999998|1.4|7.5|4.4|19.2|1.8|0.5|11.0|22.8|3.1|1.1|4.2|0.075|2.5|-1.8|0.8|1.9
5|2005-06|25.0|NYK|NBA|SG|79.0|2555.0|15.5|0.544|0.33299999999999996|0.406|1.7|10.2|5.9|20.9|1.8|0.5|14.4|21.5|3.7|0.8|4.5|0.084|2.1|-1.4|0.7|1.7
6|2006-07|26.0|NYK|NBA|SG|59.0|2198.0|14.5|0.517|0.363|0.307|2.4|7.8|5.1|20.9|1.4|0.3|13.9|24.1|2.3|0.9|3.1|0.069|1.4|-2.0|-0.6|0.7
7|2007-08|27.0|NYK|NBA|SG|80.0|3190.0|16.0|0.528|0.355|0.27399999999999997|1.3|6.3|3.7|22.0|1.3|0.4|11.0|24.6|4.6|0.4|5.0|0.076|2.5|-2.7|-0.2|1.5
9|2008-09|28.0|NYK|NBA|SG|11.0|392.0|15.7|0.5710000000000001|0.456|0.272|0.5|4.3|2.4|20.0|1.1|0.0|12.1|23.9|0.6|0.1|0.7|0.083|1.7|-4.0|-2.3|0.0
10|2008-09|28.0|GSW|NBA|PG|54.0|2087.0|15.0|0.541|0.37200000000000005|0.349|1.1|8.1|4.6|17.8|1.1|0.4|11.0|22.6|2.7|-0.1|2.7|0.061|1.7|-3.2|-1.6|0.2
11|2009-10|29.0|ATL|NBA|SG|79.0|2460.0|18.4|0.573|0.386|0.285|1.6|8.0|4.8|16.1|1.3|0.4|9.9|25.8|5.6|1.7|7.3|0.14300000000000002|3.5|-2.7|0.8|1.8
12|2010-11|30.0|ATL|NBA|SG|76.0|2297.0|14.2|0.545|0.39899999999999997|0.297|1.2|5.6|3.4|17.7|1.3|0.5|12.8|23.4|1.9|1.4|3.4|0.071|0.7|-2.7|-2.0|0.0
13|2011-12|31.0|POR|NBA|PG|60.0|1613.0|15.7|0.506|0.353|0.28|1.1|7.5|4.3|20.5|1.8|0.7|11.8|26.6|1.6|0.7|2.3|0.069|0.9|-2.6|-1.7|0.1
14|2012-13|32.0|LAC|NBA|SG|76.0|2230.0|16.8|0.5579999999999999|0.39|0.244|1.2|5.6|3.4|14.4|1.9|0.5|11.5|26.0|3.7|1.7|5.4|0.11599999999999999|2.0|-2.6|-0.6|0.8
15|2013-14|33.0|LAC|NBA|SG|69.0|2094.0|17.3|0.556|0.441|0.318|1.9|6.4|4.2|17.4|1.4|0.4|10.5|27.2|3.8|1.5|5.3|0.122|2.7|-2.6|0.2|1.2
16|2014-15|34.0|LAC|NBA|SG|64.0|1703.0|16.6|0.532|0.434|0.3|1.2|6.9|4.1|14.9|1.8|0.7|8.8|27.6|2.5|1.2|3.6|0.102|1.7|-2.7|-1.0|0.4
17|2015-16|35.0|LAC|NBA|SG|79.0|2126.0|14.0|0.529|0.366|0.289|1.0|6.3|3.7|14.0|1.2|0.4|9.6|24.9|1.8|1.5|3.3|0.076|-0.2|-2.4|-2.6|-0.3
18|2016-17|36.0|LAC|NBA|SG|82.0|2157.0|12.0|0.525|0.37|0.233|0.9|5.7|3.3|15.2|1.4|0.5|12.3|22.7|0.5|1.4|1.9|0.043|-1.0|-2.1|-3.0|-0.6
19|2017-18|37.0|MIN|NBA|SG|80.0|1653.0|13.0|0.519|0.423|0.152|1.4|5.5|3.5|16.9|1.2|0.5|10.7|23.7|0.9|0.3|1.3|0.037000000000000005|0.0|-4.0|-3.9|-0.8
20|2018-19|38.0|PHO|NBA|SG|64.0|1211.0|11.7|0.522|0.461|0.251|0.7|7.2|3.9|27.7|1.3|0.8|16.9|20.8|0.1|0.0|0.2|0.006|-2.0|-4.1|-6.0|-1.2
