|Season|Age|Tm|Lg|MP|FG|FGA|3P|3PA|2P|2PA|FT|FTA|ORB|DRB|TRB|AST|STL|BLK|TOV|PF|PTS|GmSc
1|1990-91|27.0|PHI|NBA||2|5|1|2|1|3|1|2|0|1|1|1|0|0|3|2|6|0.1
2|1990-91|27.0|GSW|NBA||5|12|1|1|5|12|6|8|4|6|8|4|2|2|4|6|15|14.4
3|1991-92|28.0|GSW|NBA||10|17|3|4|9|14|9|9|4|7|8|8|4|2|5|6|27|25.1
4|1992-93|29.0|POR|NBA||8|13|2|6|7|11|8|9|3|6|7|9|5|2|4|5|19|23.8
5|1993-94|30.0|HOU|NBA||9|16|4|6|7|12|10|10|3|13|15|7|5|2|5|5|25|22.1
6|1994-95|31.0|HOU|NBA||8|15|5|7|6|11|11|12|4|8|9|8|6|1|6|5|25|22.0
7|1995-96|32.0|HOU|NBA||8|16|3|6|7|12|9|9|5|7|8|7|4|2|5|5|20|24.1
8|1996-97|33.0|HOU|NBA||8|14|5|8|6|9|9|9|4|6|9|13|4|2|6|6|26|24.1
9|1997-98|34.0|HOU|NBA||8|15|4|8|6|9|8|8|3|5|7|11|4|1|4|4|23|23.9
10|1998-99|35.0|SAS|NBA||9|17|4|5|8|12|7|8|3|5|7|6|3|2|5|4|23|22.0
11|1999-00|36.0|SAS|NBA||10|12|5|7|8|9|6|6|3|7|8|7|5|1|6|5|25|22.2
12|2000-01|37.0|PHO|NBA||6|11|3|5|3|6|6|6|3|6|6|6|3|3|4|5|17|13.9
