|Season|Age|Tm|Lg|Pos|G|MP|PER|TS%|3PAr|FTr|ORB%|DRB%|TRB%|AST%|STL%|BLK%|TOV%|USG%|OWS|DWS|WS|WS/48|OBPM|DBPM|BPM|VORP
0|1969-70|22.0|MIL|NBA|C|82.0|3534.0|22.5|0.552||0.41||||13.1|||||9.3|4.5|13.8|0.187||||
1|1970-71|23.0|MIL|NBA|C|82.0|3288.0|29.0|0.606||0.37|||18.9|12.2|||||17.0|5.3|22.3|0.326||||
2|1971-72|24.0|MIL|NBA|C|81.0|3583.0|29.9|0.603||0.363|||18.1|16.1|||||18.3|7.1|25.4|0.34||||
3|1972-73|25.0|MIL|NBA|C|76.0|3254.0|28.5|0.58||0.26|||18.2|17.9|||||14.4|7.5|21.9|0.322||||
4|1973-74|26.0|MIL|NBA|C|81.0|3548.0|24.4|0.564||0.239|8.8|23.9|16.9|16.1|1.4|4.0|||10.6|7.9|18.4|0.25|5.9|2.6|8.5|9.4
5|1974-75|27.0|MIL|NBA|C|65.0|2747.0|26.4|0.55||0.26899999999999996|7.6|26.4|17.3|16.7|1.1|4.0|||8.1|4.8|12.9|0.225|5.8|2.2|8.0|7.0
6|1975-76|28.0|LAL|NBA|C|82.0|3379.0|27.2|0.5670000000000001||0.368|8.0|30.5|19.6|19.4|1.6|4.9|||9.8|7.2|17.0|0.242|6.1|4.1|10.2|10.5
7|1976-77|29.0|LAL|NBA|C|82.0|3016.0|27.8|0.608||0.35|9.2|27.2|18.4|16.8|1.5|4.4|||11.9|5.9|17.8|0.28300000000000003|7.9|2.9|10.8|9.7
8|1977-78|30.0|LAL|NBA|C|62.0|2265.0|29.2|0.589||0.29|8.7|26.8|18.1|18.3|2.1|4.1|13.3|27.0|7.7|4.4|12.1|0.257|5.5|3.5|9.0|6.3
9|1978-79|31.0|LAL|NBA|C|80.0|3157.0|25.5|0.612||0.35200000000000004|7.6|26.7|17.6|18.9|1.1|5.0|15.3|23.3|8.8|5.6|14.4|0.21899999999999997|4.0|3.7|7.8|7.8
10|1979-80|32.0|LAL|NBA|C|82.0|3143.0|25.3|0.639|0.001|0.344|7.2|22.2|15.4|16.5|1.2|4.6|15.7|24.1|9.5|5.3|14.8|0.22699999999999998|4.3|2.4|6.7|6.8
11|1980-81|33.0|LAL|NBA|C|80.0|2976.0|25.5|0.616|0.001|0.379|7.6|21.5|15.0|13.6|0.9|4.0|12.8|26.3|9.6|4.6|14.3|0.23|4.3|1.0|5.3|5.4
12|1981-82|34.0|LAL|NBA|C|76.0|2677.0|23.4|0.608|0.002|0.34|7.3|19.1|13.4|11.9|1.1|4.1|13.3|25.6|6.9|3.9|10.7|0.192|3.2|1.0|4.3|4.2
13|1982-83|35.0|LAL|NBA|C|79.0|2554.0|23.6|0.619|0.002|0.302|7.6|17.6|12.8|10.8|1.1|3.5|12.6|24.6|8.0|2.9|10.9|0.205|3.4|0.4|3.8|3.8
14|1983-84|36.0|LAL|NBA|C|80.0|2622.0|21.3|0.608|0.001|0.318|7.8|16.8|12.7|11.5|1.0|2.9|13.5|25.1|5.9|3.1|8.9|0.163|2.5|0.4|2.8|3.2
15|1984-85|37.0|LAL|NBA|C|79.0|2630.0|22.9|0.628|0.001|0.327|7.7|18.2|13.5|13.1|1.1|3.3|12.5|24.3|7.6|3.6|11.2|0.204|3.8|1.1|4.9|4.6
16|1985-86|38.0|LAL|NBA|C|79.0|2629.0|22.7|0.603|0.001|0.32799999999999996|6.0|14.2|10.3|15.7|1.2|2.7|11.7|26.6|7.6|3.2|10.8|0.19699999999999998|3.7|0.8|4.5|4.3
17|1986-87|39.0|LAL|NBA|C|78.0|2441.0|17.9|0.597|0.003|0.345|7.4|15.8|11.9|11.6|0.9|2.2|14.0|22.1|4.5|3.0|7.5|0.14800000000000002|1.2|0.4|1.6|2.2
18|1987-88|40.0|LAL|NBA|C|80.0|2308.0|15.8|0.57|0.001|0.298|6.1|16.9|11.7|8.4|1.0|2.2|13.5|21.4|2.6|2.7|5.3|0.111|-0.8|0.2|-0.6|0.8
19|1988-89|41.0|LAL|NBA|C|74.0|1695.0|12.9|0.511|0.005|0.25|7.3|14.2|11.0|6.1|1.1|2.9|11.5|20.1|0.9|2.0|2.9|0.08199999999999999|-2.3|0.0|-2.3|-0.1
