|Season|Age|Tm|Lg|Pos|G|GS|MP|FG|FGA|FG%|3P|3PA|3P%|2P|2PA|2P%|FT|FTA|FT%|ORB|DRB|TRB|AST|STL|BLK|TOV|PF|PTS|ORtg|DRtg
0|1973-74|26.0|MIL|NBA|C|16.0||758.0|14.4|25.8|0.557||||14.4|25.8|0.557|4.3|5.8|0.736|4.3|11.9|16.2|5.0|1.3|2.5||2.6|33.0||90.0
1|1976-77|29.0|LAL|NBA|C|11.0||467.0|14.6|24.0|0.607||||14.6|24.0|0.607|8.6|11.9|0.725|5.1|14.3|19.4|4.5|1.9|3.8||4.2|37.8||93.0
2|1977-78|30.0|LAL|NBA|C|3.0||134.0|13.8|26.4|0.521||||13.8|26.4|0.521|1.8|3.3|0.556|5.1|9.8|14.8|4.0|0.7|4.3|5.1|5.1|29.3|104.0|102.0
3|1978-79|31.0|LAL|NBA|C|8.0||367.0|11.4|19.7|0.579||||11.4|19.7|0.579|6.7|8.0|0.8390000000000001|2.3|10.7|13.1|4.9|1.0|4.3|3.8|3.4|29.5|117.0|102.0
4|1979-80|32.0|LAL|NBA|C|15.0||618.0|15.1|26.3|0.5720000000000001|0.0|0.0||15.1|26.3|0.5720000000000001|6.3|8.0|0.79|3.9|9.9|13.8|3.5|1.3|4.4|4.2|3.9|36.4|118.0|99.0
5|1980-81|33.0|LAL|NBA|C|3.0||134.0|11.0|23.9|0.462|0.0|0.0||11.0|23.9|0.462|7.3|10.3|0.7140000000000001|4.8|13.6|18.4|4.4|1.1|2.9|4.0|5.1|29.4|105.0|99.0
6|1981-82|34.0|LAL|NBA|C|14.0||493.0|10.9|20.9|0.52|0.0|0.0||10.9|20.9|0.52|5.2|8.2|0.632|3.1|8.1|11.2|4.8|1.3|4.2|3.9|4.2|26.9|109.0|104.0
7|1982-83|35.0|LAL|NBA|C|15.0||588.0|13.2|23.2|0.568|0.0|0.1|0.0|13.2|23.2|0.57|6.5|8.6|0.755|2.0|7.3|9.3|3.4|1.4|4.5|4.0|4.9|32.9|114.0|105.0
8|1983-84|36.0|LAL|NBA|C|21.0||767.0|12.9|23.2|0.555|0.0|0.0||12.9|23.2|0.555|5.6|7.5|0.75|3.5|7.3|10.8|4.9|1.4|2.8|2.8|4.4|31.4|121.0|106.0
9|1984-85|37.0|LAL|NBA|C|19.0|19.0|610.0|12.2|21.9|0.56|0.0|0.0||12.2|21.9|0.56|5.8|7.5|0.777|3.6|7.6|11.2|5.5|1.7|2.6|3.8|4.9|30.3|118.0|105.0
10|1985-86|38.0|LAL|NBA|C|14.0|14.0|489.0|15.4|27.7|0.557|0.0|0.0||15.4|27.7|0.557|4.7|6.0|0.787|2.6|5.6|8.2|4.8|1.5|2.4|4.1|5.3|35.6|113.0|107.0
11|1986-87|39.0|LAL|NBA|C|18.0|18.0|559.0|10.6|20.0|0.53|0.0|0.1|0.0|10.6|19.9|0.532|8.3|10.4|0.795|3.3|7.2|10.5|3.1|0.7|3.0|3.4|4.8|29.5|119.0|108.0
12|1987-88|40.0|LAL|NBA|C|24.0|24.0|718.0|10.2|22.0|0.46399999999999997|0.0|0.1|0.0|10.2|21.8|0.467|4.0|5.1|0.789|3.5|5.9|9.5|2.6|1.1|2.7|3.3|5.9|24.4|103.0|111.0
13|1988-89|41.0|LAL|NBA|C|15.0|15.0|351.0|9.8|21.1|0.46299999999999997|0.0|0.0||9.8|21.1|0.46299999999999997|4.4|6.2|0.721|1.9|6.6|8.5|2.7|0.7|1.6|3.2|6.2|23.9|101.0|112.0
