|Season|Age|Tm|Lg|Pos|G|MP|PER|TS%|3PAr|FTr|ORB%|DRB%|TRB%|AST%|STL%|BLK%|TOV%|USG%|OWS|DWS|WS|WS/48|OBPM|DBPM|BPM|VORP
0|1993-94|23.0|CHH|NBA|SF|51.0|767.0|10.4|0.461|0.026000000000000002|0.299|6.8|12.0|9.5|11.1|2.4|1.3|14.5|17.2|-0.2|0.7|0.5|0.03|-2.8|0.4|-2.3|-0.1
1|1994-95|24.0|CHH|NBA|SF|65.0|2014.0|15.0|0.5710000000000001|0.396|0.243|5.9|15.3|10.8|12.6|2.0|1.4|11.5|17.0|2.8|2.9|5.6|0.135|1.6|1.7|3.3|2.7
2|1995-96|25.0|CHH|NBA|SF|20.0|693.0|13.0|0.57|0.47600000000000003|0.272|4.5|12.9|8.6|10.5|2.0|1.4|15.7|17.9|0.6|0.4|1.1|0.075|1.1|0.1|1.2|0.6
4|1996-97|26.0|CHH|NBA|SF|28.0|482.0|10.9|0.489|0.42|0.405|6.2|13.4|9.9|12.2|1.6|1.7|13.9|17.5|0.3|0.4|0.6|0.065|-1.0|-0.5|-1.5|0.1
5|1996-97|26.0|GSW|NBA|SF|29.0|457.0|9.6|0.47600000000000003|0.436|0.16399999999999998|6.5|14.1|10.3|12.0|1.6|1.3|15.7|17.4|0.0|0.2|0.2|0.017|-1.6|-1.2|-2.8|-0.1
6|1997-98|27.0|CHI|NBA|SF|80.0|1096.0|15.7|0.516|0.384|0.171|8.3|12.4|10.3|9.5|3.1|2.5|11.0|18.5|1.5|2.2|3.7|0.163|0.9|1.8|2.8|1.3
7|1998-99|28.0|NJN|NBA|SF|32.0|706.0|12.6|0.46799999999999997|0.34600000000000003|0.20199999999999999|4.8|14.4|9.3|10.7|3.0|1.1|9.2|15.6|0.6|0.7|1.4|0.092|-0.4|0.8|0.4|0.4
8|1999-00|29.0|NJN|NBA|SF|74.0|1336.0|14.2|0.511|0.5539999999999999|0.11900000000000001|5.2|16.5|10.6|8.6|2.6|2.3|7.9|16.0|1.7|1.5|3.2|0.115|0.7|0.7|1.4|1.1
9|2000-01|30.0|CHH|NBA|SF|4.0|41.0|12.8|0.507|0.4|0.267|2.8|5.5|4.2|4.6|3.9|0.0|0.0|18.8|0.1|0.1|0.1|0.135|0.6|-1.6|-1.0|0.0
