|Season|Age|Tm|Lg|Pos|G|MP|FG%|Dist.|% of 2PA|% of 0-3|% of 3-10|% of 10-16|% of 16-3pt|% of 3P|2P %FG|0-3 %FG|3-10 %FG|10-16 %FG|16-3pt%FG|3P %FG|2P % Assisted|% of Dunks|Dunks Made|3P % Assisted|% of 3PA from Corner|Corner 3 %FG |Heaves Attempted|Heaves Made
0|2006-07|22.0|ORL|NBA|PG|1.0|11.0|0.5|23.0|0.5|0.0|0.0|0.0|0.5|0.5|0.0||||0.0|1.0||0.0|0.0|0.0|0.0||0.0|0.0
1|2007-08|23.0|ORL|NBA|SG|2.0|10.0|0.0|24.3|0.25|0.0|0.0|0.0|0.25|0.75|0.0||||0.0|0.0||0.0|0.0||0.0||0.0|0.0
2|2008-09|24.0|ORL|NBA|SG|16.0|327.0|0.373|19.7|0.373|0.133|0.036000000000000004|0.07200000000000001|0.133|0.627|0.32299999999999995|0.455|0.33299999999999996|0.33299999999999996|0.182|0.40399999999999997|0.6|0.0|0.0|0.9520000000000001|0.192|0.5|0.0|0.0
3|2009-10|25.0|ORL|NBA|SG|14.0|269.0|0.423|17.9|0.507|0.155|0.055999999999999994|0.085|0.21100000000000002|0.493|0.41700000000000004|0.455|0.5|0.33299999999999996|0.4|0.429|0.5329999999999999|0.0|0.0|0.8|0.28600000000000003|0.1|0.0|0.0
4|2010-11|26.0|ORL|NBA|SG|6.0|120.0|0.35700000000000004|17.1|0.643|0.14300000000000002|0.095|0.095|0.31|0.35700000000000004|0.519|0.667|0.25|0.75|0.462|0.067|0.5|0.024|1.0|1.0|0.133|0.0|0.0|0.0
5|2011-12|27.0|ORL|NBA|SG|5.0|123.0|0.43200000000000005|16.3|0.568|0.182|0.136|0.068|0.182|0.43200000000000005|0.6|0.75|0.667|0.33299999999999996|0.5|0.21100000000000002|0.133|0.0|0.0|0.5|0.21100000000000002|0.25|0.0|0.0
6|2012-13|28.0|MIL|NBA|SG|4.0|69.0|0.44|18.8|0.52|0.16|0.0|0.08|0.28|0.48|0.5379999999999999|1.0||0.0|0.429|0.33299999999999996|0.429|0.0|0.0|1.0|0.083|0.0|0.0|0.0
7|2013-14|29.0|LAC|NBA|SG|13.0|351.0|0.45899999999999996|19.1|0.511|0.09|0.105|0.068|0.248|0.489|0.515|0.75|0.35700000000000004|0.444|0.515|0.4|0.914|0.0|0.0|1.0|0.215|0.5710000000000001|0.0|0.0
8|2014-15|30.0|LAC|NBA|SG|14.0|540.0|0.435|20.2|0.45299999999999996|0.062|0.055999999999999994|0.055999999999999994|0.28|0.547|0.479|0.9|0.667|0.556|0.33299999999999996|0.39799999999999996|0.857|0.0|0.0|0.943|0.307|0.444|0.0|0.0
9|2015-16|31.0|LAC|NBA|SG|6.0|166.0|0.43|18.0|0.608|0.114|0.08900000000000001|0.114|0.29100000000000004|0.392|0.479|0.556|0.429|0.444|0.478|0.355|1.0|0.0|0.0|1.0|0.065|0.5|0.0|0.0
10|2016-17|32.0|LAC|NBA|SG|7.0|206.0|0.38|17.6|0.48|0.22|0.06|0.04|0.16|0.52|0.41700000000000004|0.727|0.0|0.5|0.125|0.34600000000000003|0.7|0.0|0.0|1.0|0.115|0.667|0.0|0.0
11|2017-18|33.0|PHI|NBA|SG|10.0|342.0|0.444|19.4|0.444|0.126|0.037000000000000005|0.052000000000000005|0.23|0.556|0.5670000000000001|0.588|0.8|0.429|0.5479999999999999|0.34700000000000003|0.8240000000000001|0.0|0.0|1.0|0.2|0.467|0.0|0.0
12|2018-19|34.0|PHI|NBA|SG|12.0|376.0|0.435|22.6|0.298|0.032|0.016|0.065|0.185|0.7020000000000001|0.486|1.0|0.0|0.375|0.478|0.414|0.9440000000000001|0.0|0.0|0.889|0.207|0.5|0.0|0.0
