|Season|Age|Tm|Lg|Pos|G|MP|PER|TS%|3PAr|FTr|ORB%|DRB%|TRB%|AST%|STL%|BLK%|TOV%|USG%|OWS|DWS|WS|WS/48|OBPM|DBPM|BPM|VORP
0|2006-07|23.0|ATL|NBA|PF|81.0|1514.0|12.3|0.518|0.011000000000000001|0.395|10.3|24.5|17.3|4.8|1.8|2.0|18.3|15.9|0.3|1.9|2.2|0.07|-3.7|0.1|-3.6|-0.6
2|2007-08|24.0|ATL|NBA|PF|36.0|414.0|9.8|0.445|0.01|0.51|9.6|20.5|15.1|4.0|1.7|2.0|10.3|14.9|0.0|0.5|0.5|0.06|-4.6|-0.5|-5.1|-0.3
3|2007-08|24.0|SAC|NBA|PF|28.0|362.0|14.2|0.5379999999999999|0.009000000000000001|0.48200000000000004|11.3|20.5|16.0|3.6|1.3|2.1|13.4|19.4|0.3|0.3|0.7|0.087|-3.0|-1.9|-4.9|-0.3
5|2008-09|25.0|SAC|NBA|PF|30.0|305.0|12.2|0.521|0.022000000000000002|0.47200000000000003|9.5|20.4|14.9|4.2|2.0|2.4|19.5|19.6|-0.1|0.2|0.1|0.013999999999999999|-5.2|-1.3|-6.5|-0.3
6|2008-09|25.0|MIN|NBA|PF|15.0|207.0|16.0|0.479|0.0|0.309|13.1|30.0|21.2|3.2|2.5|3.0|9.4|18.6|0.1|0.3|0.4|0.098|-3.9|0.2|-3.7|-0.1
7|2009-10|26.0|BOS|NBA|PF|54.0|597.0|14.1|0.612|0.008|0.81|9.9|19.8|15.0|5.3|1.1|2.8|15.5|15.3|1.1|0.9|2.0|0.162|-2.0|1.0|-1.1|0.1
9|2010-11|27.0|DEN|NBA|PF|42.0|713.0|11.3|0.49200000000000005|0.0|0.254|12.3|23.4|18.0|3.9|1.3|2.3|15.5|14.9|0.2|0.9|1.2|0.078|-3.3|0.7|-2.5|-0.1
10|2010-11|27.0|NYK|NBA|PF|17.0|198.0|15.9|0.638|0.0|0.7440000000000001|10.9|18.0|14.4|9.5|1.3|1.5|10.4|13.0|0.6|0.1|0.8|0.188|0.8|-0.4|0.3|0.1
11|2011-12|28.0|NJN|NBA|C|58.0|1276.0|11.9|0.5429999999999999|0.0|0.517|12.5|19.6|15.9|4.3|2.0|2.3|21.1|11.2|1.1|1.0|2.1|0.078|-2.3|1.2|-1.1|0.3
