|Season|Age|Tm|Lg|Pos|G|GS|MP|FG|FGA|FG%|3P|3PA|3P%|2P|2PA|2P%|FT|FTA|FT%|ORB|DRB|TRB|AST|STL|BLK|TOV|PF|PTS
0|2002-03|23.0|PHI|NBA|PG|64.0|1.0|504.0|3.4|8.3|0.414|0.7|2.2|0.32299999999999995|2.7|6.1|0.447|1.9|2.5|0.743|1.1|3.1|4.2|3.4|1.2|0.4|2.1|3.8|9.4
1|2003-04|24.0|PHI|NBA|SG|77.0|24.0|1603.0|3.6|9.3|0.387|1.1|3.3|0.34|2.5|6.0|0.413|1.6|2.1|0.772|0.9|3.5|4.4|3.0|1.4|0.4|1.7|2.7|9.9
2|2004-05|25.0|PHI|NBA|SG|58.0|8.0|993.0|3.1|7.6|0.405|1.1|3.3|0.341|2.0|4.3|0.45399999999999996|1.3|1.7|0.7290000000000001|0.4|4.0|4.4|4.1|1.5|0.5|1.8|3.3|8.6
3|2005-06|26.0|PHI|NBA|SG|82.0|24.0|2059.0|3.8|9.1|0.42|0.5|1.5|0.299|3.4|7.6|0.445|2.7|3.5|0.775|0.8|3.0|3.8|3.9|1.3|0.2|2.2|3.1|10.8
4|2006-07|27.0|SAC|NBA|SG|79.0|19.0|2135.0|4.0|8.7|0.456|0.7|1.9|0.35700000000000004|3.3|6.8|0.484|2.7|3.4|0.779|0.8|3.7|4.5|4.3|1.2|0.5|2.0|3.0|11.3
5|2007-08|28.0|SAC|NBA|SG|81.0|41.0|2517.0|5.4|11.4|0.47700000000000004|0.6|1.7|0.325|4.9|9.7|0.504|3.1|3.7|0.823|1.1|3.9|5.0|3.0|1.3|0.4|2.4|2.4|14.5
7|2008-09|29.0|SAC|NBA|SF|53.0|53.0|1980.0|6.4|13.5|0.47200000000000003|1.4|3.3|0.418|5.0|10.2|0.489|3.5|4.2|0.823|0.8|3.2|4.0|3.6|1.1|0.2|2.2|2.2|17.6
8|2008-09|29.0|CHI|NBA|SF|26.0|21.0|979.0|6.1|12.8|0.473|1.8|4.3|0.415|4.3|8.5|0.502|3.6|4.2|0.843|0.6|3.5|4.1|1.9|0.9|0.6|1.6|2.2|17.5
10|2009-10|30.0|CHI|NBA|SG|51.0|28.0|1695.0|4.9|11.6|0.42|1.6|4.1|0.38|3.3|7.6|0.441|2.5|3.1|0.789|0.4|3.3|3.7|2.7|1.4|0.5|1.5|2.1|13.8
11|2009-10|30.0|MIL|NBA|SG|30.0|28.0|1129.0|6.6|14.1|0.467|1.4|3.7|0.385|5.2|10.4|0.49700000000000005|4.4|5.0|0.867|0.5|2.5|3.1|3.1|1.1|0.1|1.7|2.1|19.0
12|2010-11|31.0|MIL|NBA|SG|73.0|70.0|2554.0|5.3|12.7|0.415|1.2|3.1|0.379|4.1|9.6|0.42700000000000005|2.7|3.4|0.813|0.4|3.4|3.7|3.6|1.0|0.4|1.9|2.2|14.4
13|2011-12|32.0|SAC|NBA|SF|46.0|32.0|1250.0|4.1|9.9|0.409|1.0|3.2|0.295|3.1|6.7|0.46399999999999997|0.8|1.3|0.644|0.6|3.3|3.9|2.7|1.1|0.2|1.3|2.2|9.9
14|2012-13|33.0|SAC|NBA|SF|76.0|72.0|2278.0|3.9|9.7|0.39899999999999997|1.6|4.2|0.371|2.3|5.5|0.42|1.3|1.7|0.773|0.5|2.7|3.3|3.6|0.8|0.4|1.3|2.3|10.6
16|2013-14|34.0|SAC|NBA|SF|18.0|8.0|445.0|3.3|9.5|0.35|1.3|3.4|0.381|2.0|6.1|0.33299999999999996|0.6|0.6|1.0|0.6|3.1|3.7|3.6|1.0|0.6|1.1|2.6|8.5
17|2013-14|34.0|TOR|NBA|SG|60.0|0.0|1281.0|3.1|8.3|0.368|1.3|3.4|0.38799999999999996|1.7|4.9|0.354|0.9|1.3|0.733|0.3|3.0|3.3|2.9|1.0|0.3|1.1|2.6|8.4
18|2014-15|35.0|NOP|NBA|SF|21.0|0.0|270.0|2.1|6.4|0.33299999999999996|1.1|3.5|0.308|1.1|2.9|0.364|0.3|0.5|0.5|0.5|2.3|2.8|1.7|1.2|0.5|0.7|3.3|5.6
