|Season|Age|Tm|Lg|Pos|G|GS|MP|FG|FGA|FG%|3P|3PA|3P%|2P|2PA|2P%|FT|FTA|FT%|ORB|DRB|TRB|AST|STL|BLK|TOV|PF|PTS
0|1999-00|21.0|WAS|NBA|SG|71.0|12.0|1373.0|6.7|15.9|0.42|0.7|2.0|0.364|5.9|13.8|0.428|2.7|3.5|0.774|1.0|2.4|3.4|2.8|0.7|0.2|2.2|3.7|16.8
1|2000-01|22.0|WAS|NBA|SF|78.0|42.0|2519.0|7.8|17.8|0.43799999999999994|0.6|2.1|0.27399999999999997|7.2|15.8|0.46|4.0|4.6|0.868|1.1|2.3|3.4|3.2|1.1|0.1|2.9|2.9|20.2
2|2001-02|23.0|WAS|NBA|SG|63.0|57.0|2203.0|7.7|17.7|0.435|0.3|0.7|0.381|7.5|17.0|0.43799999999999994|4.9|5.5|0.89|1.2|2.3|3.5|2.8|0.6|0.2|2.2|2.2|20.6
3|2002-03|24.0|DET|NBA|SG|82.0|82.0|2640.0|7.8|17.5|0.44299999999999995|0.4|1.6|0.26899999999999996|7.3|15.9|0.461|6.0|7.2|0.833|1.2|3.1|4.3|2.8|0.9|0.2|2.7|3.4|22.0
4|2003-04|25.0|DET|NBA|SG|78.0|78.0|2772.0|6.9|15.1|0.455|0.2|0.9|0.265|6.6|14.3|0.466|3.9|4.4|0.868|1.0|2.6|3.6|4.0|1.3|0.2|2.7|2.9|17.9
5|2004-05|26.0|DET|NBA|SG|76.0|76.0|2926.0|6.3|14.3|0.44|0.4|1.5|0.305|5.8|12.8|0.455|4.5|5.3|0.858|0.9|2.7|3.6|4.6|0.9|0.2|2.7|2.9|17.5
6|2005-06|27.0|DET|NBA|SG|80.0|80.0|2825.0|8.3|16.8|0.491|0.7|1.5|0.45799999999999996|7.6|15.3|0.494|3.3|3.9|0.845|1.1|2.2|3.3|3.5|0.7|0.2|2.2|2.6|20.5
7|2006-07|28.0|DET|NBA|SG|75.0|75.0|2763.0|7.1|15.2|0.46799999999999997|0.6|1.7|0.341|6.6|13.6|0.483|4.5|5.3|0.861|1.0|2.7|3.7|3.7|0.8|0.2|2.1|3.0|19.3
8|2007-08|29.0|DET|NBA|SG|72.0|72.0|2424.0|7.4|15.3|0.484|0.9|2.1|0.44|6.5|13.2|0.49200000000000005|2.7|3.3|0.833|1.1|2.4|3.5|4.4|1.1|0.1|2.0|2.5|18.5
9|2008-09|30.0|DET|NBA|SG|67.0|51.0|2279.0|7.4|16.5|0.447|1.1|3.0|0.368|6.3|13.5|0.46399999999999997|3.5|4.2|0.848|0.7|2.6|3.3|4.7|0.6|0.1|2.1|2.8|19.4
10|2009-10|31.0|DET|NBA|SG|46.0|46.0|1552.0|6.8|16.6|0.409|1.0|3.2|0.297|5.8|13.4|0.435|4.7|5.6|0.846|0.7|2.1|2.8|4.7|0.7|0.1|2.7|2.7|19.3
11|2010-11|32.0|DET|NBA|SG|55.0|39.0|1498.0|6.9|16.1|0.429|1.3|3.5|0.382|5.6|12.7|0.442|3.5|4.1|0.8490000000000001|0.6|2.5|3.0|4.1|0.9|0.1|2.1|2.3|18.7
12|2011-12|33.0|CHI|NBA|SG|28.0|28.0|697.0|7.2|16.0|0.452|0.9|2.4|0.37|6.4|13.6|0.466|1.5|1.9|0.784|1.0|2.4|3.4|4.3|0.6|0.1|2.5|2.9|16.8
13|2012-13|34.0|CHI|NBA|SG|50.0|45.0|1088.0|6.8|15.7|0.429|0.5|1.7|0.308|6.2|14.0|0.444|2.2|2.5|0.857|0.5|2.2|2.7|3.9|0.8|0.2|2.8|3.1|16.2
