|Season|Age|Tm|Lg|MP|FG|FGA|3P|3PA|2P|2PA|FT|FTA|ORB|DRB|TRB|AST|STL|BLK|TOV|PF|PTS|GmSc
0|1980-81|22.0|DEN|NBA||9||0||||12|13|||||||||30|
1|1981-82|23.0|DEN|NBA||16||1||||12|14|||13.0|10.0|||||40|
2|1982-83|24.0|DEN|NBA||18|27.0|2||17.0||15|17|||12.0|7.0|||6.0|5.0|49|
3|1983-84|25.0|DEN|NBA||21|30.0|2|4.0|21.0|29.0|14|15|3.0|10.0|11.0|8.0|3.0|4.0|6.0|6.0|51|43.9
4|1984-85|26.0|POR|NBA||19|25.0|1|2.0|19.0|25.0|16|19|4.0|8.0|8.0|5.0|3.0|2.0|6.0|5.0|47|39.1
5|1985-86|27.0|POR|NBA||17|27.0|1|1.0|17.0|27.0|18|22|4.0|5.0|8.0|9.0|4.0|1.0|5.0|5.0|38|33.4
6|1986-87|28.0|POR|NBA||19|31.0|4|4.0|19.0|30.0|13|15|5.0|6.0|8.0|9.0|4.0|2.0|6.0|5.0|48|35.0
7|1987-88|29.0|POR|NBA||18|27.0|3|4.0|17.0|23.0|15|15|5.0|6.0|8.0|6.0|3.0|1.0|4.0|4.0|41|33.9
9|1988-89|30.0|POR|NBA||12|23.0|3|5.0|11.0|22.0|6|6|2.0|6.0|6.0|6.0|2.0|2.0|3.0|4.0|28|21.8
10|1988-89|30.0|NYK|NBA||9|15.0|1|2.0|9.0|15.0|8|9|3.0|3.0|4.0|4.0|3.0|1.0|2.0|3.0|24|19.4
11|1989-90|31.0|NYK|NBA||11|18.0|3|3.0|11.0|17.0|7|9|2.0|7.0|8.0|5.0|3.0|1.0|3.0|4.0|24|19.0
12|1990-91|32.0|NYK|NBA||11|19.0|5|8.0|10.0|18.0|9|10|5.0|5.0|7.0|5.0|4.0|1.0|4.0|5.0|29|21.7
13|1991-92|33.0|NYK|NBA||10|14.0|3|3.0|9.0|12.0|5|6|3.0|3.0|4.0|5.0|3.0|2.0|3.0|5.0|25|22.1
14|1992-93|34.0|LAC|NBA||8|14.0|2|5.0|8.0|14.0|11|11|2.0|5.0|6.0|6.0|2.0|2.0|2.0|4.0|24|20.3
