|Season|Age|Tm|Lg|Pos|G|MP|FG%|Dist.|% of 2PA|% of 0-3|% of 3-10|% of 10-16|% of 16-3pt|% of 3P|2P %FG|0-3 %FG|3-10 %FG|10-16 %FG|16-3pt%FG|3P %FG|2P % Assisted|% of Dunks|Dunks Made|3P % Assisted|% of 3PA from Corner|Corner 3 %FG |Heaves Attempted|Heaves Made
0|2010-11|22.0|PHI|NBA|SG|78.0|1797.0|0.425|12.6|0.917|0.19699999999999998|0.17|0.233|0.318|0.083|0.435|0.6629999999999999|0.35600000000000004|0.366|0.387|0.318|0.498|0.023|12.0|0.7140000000000001|0.341|0.4|2.0|0.0
1|2011-12|23.0|PHI|NBA|SF|65.0|1713.0|0.446|11.8|0.917|0.20800000000000002|0.17300000000000001|0.28300000000000003|0.253|0.083|0.466|0.675|0.402|0.419|0.389|0.22399999999999998|0.452|0.028999999999999998|16.0|1.0|0.49|0.25|1.0|0.0
2|2012-13|24.0|PHI|NBA|SF|82.0|2892.0|0.419|13.1|0.8490000000000001|0.18600000000000003|0.145|0.262|0.255|0.151|0.428|0.546|0.34600000000000003|0.428|0.39|0.365|0.371|0.013000000000000001|14.0|0.9309999999999999|0.509|0.38299999999999995|1.0|0.0
4|2013-14|25.0|PHI|NBA|SF|54.0|1886.0|0.428|11.7|0.841|0.256|0.179|0.212|0.19399999999999998|0.159|0.455|0.573|0.38299999999999995|0.409|0.41600000000000004|0.28800000000000003|0.44|0.026000000000000002|22.0|0.9740000000000001|0.447|0.322|0.0|0.0
5|2013-14|25.0|IND|NBA|SF|27.0|571.0|0.41100000000000003|10.8|0.8740000000000001|0.23199999999999998|0.253|0.284|0.111|0.126|0.39799999999999996|0.636|0.33299999999999996|0.33299999999999996|0.23800000000000002|0.5|0.258|0.005|1.0|1.0|0.625|0.6|0.0|0.0
6|2014-15|26.0|BOS|NBA|SG|82.0|2260.0|0.429|12.3|0.84|0.248|0.126|0.263|0.204|0.16|0.45799999999999996|0.584|0.309|0.449|0.408|0.27699999999999997|0.244|0.032|19.0|0.818|0.319|0.342|0.0|0.0
7|2015-16|27.0|BOS|NBA|SG|81.0|2271.0|0.456|10.6|0.89|0.263|0.162|0.311|0.153|0.11|0.48200000000000004|0.6409999999999999|0.418|0.42700000000000005|0.391|0.24100000000000002|0.303|0.013000000000000001|8.0|0.95|0.494|0.341|1.0|0.0
8|2016-17|28.0|POR|NBA|SF|65.0|1658.0|0.426|12.9|0.7859999999999999|0.19699999999999998|0.17600000000000002|0.263|0.149|0.214|0.47|0.55|0.536|0.42100000000000004|0.37799999999999995|0.263|0.17600000000000002|0.011000000000000001|6.0|0.903|0.449|0.321|0.0|0.0
9|2017-18|29.0|POR|NBA|SF|79.0|2034.0|0.447|13.3|0.7709999999999999|0.128|0.184|0.315|0.14400000000000002|0.22899999999999998|0.485|0.6759999999999999|0.44299999999999995|0.451|0.446|0.318|0.23600000000000002|0.013999999999999999|8.0|0.976|0.41700000000000004|0.327|0.0|0.0
10|2018-19|30.0|POR|NBA|PG|73.0|1605.0|0.46|10.2|0.883|0.305|0.205|0.228|0.14400000000000002|0.11699999999999999|0.494|0.659|0.33|0.465|0.42200000000000004|0.212|0.306|0.02|9.0|1.0|0.34600000000000003|0.222|0.0|0.0
