player_id|Rk|Unnamed: 1|Age|G|GS|MP|FG|FGA|FG%|3P|3PA|3P%|2P|2PA|2P%|eFG%|FT|FTA|FT%|ORB|DRB|TRB|AST|STL|BLK|TOV|PF|PTS|player_id
allenra02|1|Ray Allen|25|82|82|3129|628|1309|0.48|202|467|0.433|426|842|0.506|0.557|348|392|0.888|101|327|428|374|124|20|204|192|1806|allenra02
robingl01|2|Glenn Robinson|28|76|74|2813|684|1460|0.46799999999999997|55|184|0.299|629|1276|0.493|0.48700000000000004|251|306|0.82|124|402|526|252|86|62|219|191|1674|robingl01
cassesa01|3|Sam Cassell|31|76|75|2709|537|1132|0.474|30|98|0.306|507|1034|0.49|0.488|277|323|0.858|46|244|290|580|88|8|220|214|1381|cassesa01
thomati01|4|Tim Thomas|23|76|16|2086|326|758|0.43|107|260|0.41200000000000003|219|498|0.44|0.501|195|253|0.7709999999999999|79|234|313|138|78|45|114|194|954|thomati01
hunteli01|5|Lindsey Hunter|30|82|5|2002|298|783|0.381|152|407|0.373|146|376|0.38799999999999996|0.478|77|96|0.802|32|137|169|222|102|12|68|172|825|hunteli01
johnser02|6|Ervin Johnson|33|82|19|1981|108|198|0.545|0|0||108|198|0.545|0.545|50|93|0.5379999999999999|205|408|613|40|44|97|47|257|266|johnser02
caffeja01|7|Jason Caffey|27|70|33|1460|179|367|0.488|0|0||179|367|0.488|0.488|142|211|0.6729999999999999|135|218|353|53|38|25|77|184|500|caffeja01
willisc01|8|Scott Williams|32|66|31|1272|171|361|0.474|1|4|0.25|170|357|0.47600000000000003|0.475|60|70|0.857|97|267|364|35|48|32|41|178|403|willisc01
popema01|9|Mark Pope|28|63|45|942|62|142|0.43700000000000006|5|24|0.20800000000000002|57|118|0.483|0.45399999999999996|22|35|0.629|56|91|147|38|16|26|17|140|151|popema01
hamda01|10|Darvin Ham|27|29|13|540|39|80|0.488|2|3|0.667|37|77|0.48100000000000004|0.5|29|49|0.5920000000000001|56|65|121|25|17|21|33|85|109|hamda01
alstora01|11|Rafer Alston|24|37|2|288|30|84|0.35700000000000004|8|30|0.267|22|54|0.40700000000000003|0.405|9|13|0.6920000000000001|4|27|31|68|13|0|20|27|77|alstora01
przybjo01|12|Joel Przybilla|21|33|13|270|12|35|0.34299999999999997|0|0||12|35|0.34299999999999997|0.34299999999999997|3|11|0.273|29|42|71|2|3|30|13|56|27|przybjo01
kerseje01|13|Jerome Kersey|38|22|2|243|32|69|0.46399999999999997|0|1|0.0|32|68|0.47100000000000003|0.46399999999999997|8|16|0.5|8|37|45|15|14|8|6|36|72|kerseje01
reddmi01|14|Michael Redd|21|6|0|35|5|19|0.263|0|3|0.0|5|16|0.313|0.263|3|6|0.5|3|1|4|1|1|0|1|2|13|reddmi01
hartja01|15|Jason Hart|22|1|0|10|1|1|1.0|0|0||1|1|1.0|1.0|0|0||0|0|0|1|0|0|2|0|2|hartja01
