|Season|Age|Tm|Lg|Pos|G|GS|MP|FG|FGA|FG%|3P|3PA|3P%|2P|2PA|2P%|FT|FTA|FT%|ORB|DRB|TRB|AST|STL|BLK|TOV|PF|PTS|ORtg|DRtg
0|1978-79|24.0|POR|NBA|C|73.0||2144.0|10.0|20.3|0.49||||10.0|20.3|0.49|3.3|5.8|0.5720000000000001|4.3|8.8|13.1|3.8|1.5|2.9|4.4|5.8|23.2|99.0|100.0
1|1980-81|26.0|POR|NBA|C|79.0||2790.0|9.5|19.2|0.494|0.0|0.0|0.0|9.5|19.2|0.495|3.5|5.4|0.6409999999999999|3.7|7.7|11.5|4.7|1.0|2.8|4.0|4.3|22.5|103.0|104.0
2|1981-82|27.0|POR|NBA|C|79.0|78.0|3129.0|10.4|19.9|0.523|0.0|0.0||10.4|19.9|0.523|4.3|6.8|0.628|3.9|10.1|14.1|4.9|1.1|1.6|3.7|3.6|25.1|109.0|106.0
3|1982-83|28.0|POR|NBA|C|80.0|80.0|3017.0|8.0|16.3|0.489|0.0|0.0|0.0|8.0|16.3|0.489|3.9|6.3|0.621|2.9|9.0|11.9|6.0|1.1|1.7|4.4|3.4|19.8|100.0|103.0
4|1983-84|29.0|POR|NBA|C|79.0|74.0|2648.0|8.7|16.7|0.524|0.0|0.0|0.0|8.7|16.6|0.525|4.8|7.2|0.667|4.2|8.1|12.3|5.5|1.5|1.9|4.2|4.2|22.2|110.0|106.0
5|1984-85|30.0|POR|NBA|PF|79.0|55.0|2616.0|10.1|19.7|0.515|0.0|0.0||10.1|19.7|0.515|5.4|8.0|0.684|3.7|7.2|11.0|3.6|1.4|1.8|4.1|3.8|25.7|107.0|107.0
6|1985-86|31.0|POR|NBA|C|82.0|78.0|2569.0|9.0|18.1|0.498|0.0|0.0||9.0|18.1|0.498|3.5|5.5|0.6409999999999999|3.2|7.6|10.9|3.1|1.4|0.6|3.5|4.8|21.5|103.0|108.0
8|1986-87|32.0|SAS|NBA|PF|49.0|6.0|1210.0|9.0|20.6|0.436|0.0|0.0|1.0|8.9|20.6|0.435|5.6|7.6|0.735|3.6|7.2|10.8|3.4|1.2|1.6|3.0|4.6|23.6|104.0|110.0
9|1986-87|32.0|LAL|NBA|PF|33.0|1.0|680.0|9.0|18.7|0.48|0.0|0.1|0.0|9.0|18.6|0.48100000000000004|5.2|7.0|0.743|3.3|6.2|9.5|1.9|1.0|2.1|4.0|5.9|23.1|102.0|107.0
10|1987-88|33.0|LAL|NBA|C|80.0|0.0|2007.0|8.9|17.4|0.512|0.0|0.1|0.0|8.9|17.4|0.515|4.5|7.0|0.634|4.8|7.0|11.8|1.6|0.9|1.9|2.7|6.1|22.3|110.0|107.0
11|1988-89|34.0|LAL|NBA|C|80.0|8.0|1994.0|7.0|12.5|0.5589999999999999|0.0|0.0|0.0|7.0|12.5|0.56|3.8|5.5|0.6779999999999999|3.8|7.5|11.2|1.2|1.4|1.4|2.3|5.4|17.7|115.0|106.0
12|1989-90|35.0|LAL|NBA|C|70.0|70.0|1883.0|7.4|14.9|0.5|0.0|0.0||7.4|14.9|0.5|3.8|5.4|0.706|4.6|8.0|12.6|1.1|0.9|1.9|2.1|5.5|18.7|112.0|107.0
13|1990-91|36.0|LAL|NBA|C|72.0|4.0|1077.0|5.4|10.8|0.496|0.0|0.1|0.0|5.4|10.7|0.5|2.9|4.2|0.705|3.5|7.3|10.8|1.0|1.1|1.1|2.2|5.3|13.6|107.0|105.0
