|Season|Age|Tm|Lg|Pos|G|GS|MP|FG|FGA|FG%|FT|FTA|FT%|TRB|AST|PF|PTS
0|1950-51|22.0|BOS|NBA|PG|2.0|||4.5|21.0|0.214|5.0|6.0|0.833|7.5|6.0|4.0|14.0
1|1951-52|23.0|BOS|NBA|PG|3.0||46.0|8.7|21.7|0.4|13.7|14.7|0.932|4.0|6.3|4.3|31.0
2|1952-53|24.0|BOS|NBA|PG|6.0||45.0|7.7|20.0|0.38299999999999995|10.2|12.2|0.836|4.2|6.2|3.5|25.5
3|1953-54|25.0|BOS|NBA|PG|6.0||43.3|5.5|19.3|0.284|10.0|12.5|0.8|5.3|6.3|3.3|21.0
4|1954-55|26.0|BOS|NBA|PG|7.0||42.7|7.6|19.9|0.381|6.6|6.9|0.958|6.1|9.3|3.7|21.7
5|1955-56|27.0|BOS|NBA|PG|3.0||41.3|9.3|18.7|0.5|7.7|8.3|0.92|8.0|8.7|1.3|26.3
6|1956-57|28.0|BOS|NBA|PG|10.0||44.0|6.7|20.7|0.324|6.8|9.1|0.747|6.1|9.3|2.7|20.2
7|1957-58|29.0|BOS|NBA|PG|11.0||41.5|6.1|17.8|0.342|5.8|6.8|0.853|6.5|7.5|1.8|18.0
8|1958-59|30.0|BOS|NBA|PG|11.0||41.8|6.5|20.1|0.326|6.4|8.5|0.745|6.9|10.8|2.5|19.5
9|1959-60|31.0|BOS|NBA|PG|13.0||36.0|6.2|20.2|0.305|3.0|3.9|0.765|3.7|8.9|2.1|15.3
10|1960-61|32.0|BOS|NBA|PG|10.0||33.7|5.0|14.7|0.34|6.7|8.8|0.7609999999999999|4.3|9.1|3.3|16.7
11|1961-62|33.0|BOS|NBA|PG|14.0||33.9|6.1|17.2|0.35700000000000004|3.7|5.4|0.684|4.6|8.8|3.1|16.0
12|1962-63|34.0|BOS|NBA|PG|13.0||30.2|5.5|15.7|0.353|3.0|3.6|0.83|2.5|8.9|3.4|14.1
