|Season|Age|Tm|Lg|Pos|G|GS|MP|FG|FGA|FG%|3P|3PA|3P%|2P|2PA|2P%|FT|FTA|FT%|ORB|DRB|TRB|AST|STL|BLK|TOV|PF|PTS|ORtg|DRtg
0|1993-94|23.0|UTA|NBA|SF|6.0|0.0|36.0|6.2|15.4|0.4|3.1|4.6|0.667|3.1|10.8|0.28600000000000003|9.3|9.3|1.0|6.2|7.7|13.9|4.6|0.0|0.0|1.5|4.6|24.7|140.0|109.0
1|1994-95|24.0|UTA|NBA|SF|2.0|0.0|13.0|16.5|28.8|0.5710000000000001|8.2|16.5|0.5|8.2|12.3|0.667|4.1|8.2|0.5|4.1|4.1|8.2|12.3|4.1|0.0|0.0|8.2|45.3|153.0|117.0
2|1995-96|25.0|UTA|NBA|SF|18.0|0.0|459.0|7.1|15.1|0.46799999999999997|3.0|6.5|0.47200000000000003|4.0|8.6|0.465|3.8|4.6|0.816|2.1|7.1|9.1|2.7|2.8|1.1|1.2|5.1|21.0|125.0|98.0
3|1996-97|26.0|UTA|NBA|SF|20.0|20.0|758.0|6.5|14.1|0.461|2.6|7.4|0.35600000000000004|3.9|6.7|0.5760000000000001|2.3|3.1|0.721|1.3|5.4|6.7|2.0|1.5|0.4|1.5|4.3|17.9|115.0|109.0
4|1997-98|27.0|UTA|NBA|SF|20.0|13.0|698.0|5.5|11.8|0.469|1.8|5.1|0.365|3.7|6.7|0.5479999999999999|4.7|6.5|0.716|1.0|6.5|7.5|1.8|1.7|0.4|1.4|3.9|17.6|117.0|101.0
5|1998-99|28.0|UTA|NBA|SF|11.0|11.0|387.0|7.0|16.5|0.426|1.3|5.2|0.25|5.7|11.4|0.506|3.7|5.2|0.722|2.4|7.2|9.6|1.9|2.9|0.3|1.6|5.3|19.1|105.0|98.0
6|1999-00|29.0|UTA|NBA|SF|10.0|10.0|371.0|7.1|16.8|0.42100000000000004|1.9|6.6|0.289|5.2|10.2|0.507|4.6|6.0|0.7559999999999999|1.3|6.3|7.7|3.1|2.4|0.7|2.2|4.0|20.6|105.0|105.0
7|2000-01|30.0|UTA|NBA|SF|5.0|5.0|214.0|6.5|14.5|0.446|2.6|5.7|0.455|3.9|8.8|0.441|2.9|3.1|0.917|1.0|8.3|9.4|3.9|0.8|0.3|0.5|3.4|18.4|126.0|110.0
8|2001-02|31.0|UTA|NBA|SG|4.0|4.0|120.0|4.0|16.1|0.25|2.7|6.7|0.4|1.3|9.4|0.14300000000000002|1.8|1.8|1.0|2.7|4.9|7.6|3.1|1.8|0.0|4.0|6.7|12.6|76.0|103.0
9|2003-04|33.0|LAL|NBA|SF|6.0|0.0|16.0|0.0|10.4|0.0|0.0|6.9|0.0|0.0|3.5|0.0|0.0|0.0||3.5|0.0|3.5|6.9|3.5|0.0|0.0|6.9|0.0|53.0|102.0
10|2004-05|34.0|DEN|NBA|SF|3.0|0.0|9.0|0.0|5.9|0.0|0.0|5.9|0.0|0.0|0.0||17.6|17.6|1.0|0.0|0.0|0.0|0.0|0.0|0.0|0.0|0.0|17.6|149.0|118.0
