|Season|Age|Tm|Lg|MP|FG|FGA|3P|3PA|2P|2PA|FT|FTA|ORB|DRB|TRB|AST|STL|BLK|TOV|PF|PTS|GmSc
0|1988-89|22.0|BOS|NBA||14|23|0|2|14|23|6|6|6|14|15|13|7|2|6|6|31|27.7
1|1990-91|24.0|BOS|NBA||11|24|1|3|11|21|9|11|5|10|12|17|5|3|9|6|26|31.2
3|1991-92|25.0|BOS|NBA||8|17|0|2|8|17|10|12|2|8|9|12|2|3|4|4|24|24.1
4|1991-92|25.0|MIA|NBA||8|17|2|3|8|17|4|6|3|7|8|9|6|2|5|5|20|18.5
5|1992-93|26.0|MIA|NBA||11|17|10|15|7|15|4|5|4|8|11|12|4|2|6|6|32|29.3
6|1993-94|27.0|MIA|NBA||13|22|5|10|12|19|4|4|5|9|11|15|4|2|6|6|27|22.1
7|1994-95|28.0|ORL|NBA||7|14|4|7|5|10|8|8|4|8|9|15|4|2|6|6|17|17.8
8|1995-96|29.0|ORL|NBA||8|16|3|7|6|12|7|10|4|7|10|10|3|1|6|6|19|14.2
9|1996-97|30.0|ORL|NBA||7|16|3|7|5|12|7|8|3|6|8|11|3|4|6|6|17|16.8
11|1997-98|31.0|GSW|NBA||9|15|3|4|7|13|4|6|3|9|10|14|3|2|6|6|20|17.5
12|1997-98|31.0|PHI|NBA||10|14|2|3|8|12|4|6|3|6|8|7|2|1|3|6|24|19.3
13|1998-99|32.0|POR|NBA||0|1|0|0|0|1|0|0|0|1|1|1|0|0|1|1|0|-1.1
14|1999-00|33.0|LAL|NBA||7|14|3|7|7|13|6|8|4|8|10|9|3|2|5|5|14|15.8
15|2000-01|34.0|LAL|NBA||10|15|3|6|9|12|4|5|6|10|12|10|4|2|5|6|22|20.3
16|2001-02|35.0|LAL|NBA||6|11|4|6|4|7|4|4|3|7|7|6|2|1|4|3|16|18.4
17|2002-03|36.0|LAL|NBA||8|11|5|8|5|9|2|2|4|7|8|8|4|2|4|4|20|16.6
