|Season|Age|Tm|Lg|Pos|G|MP|FG%|Dist.|% of 2PA|% of 0-3|% of 3-10|% of 10-16|% of 16-3pt|% of 3P|2P %FG|0-3 %FG|3-10 %FG|10-16 %FG|16-3pt%FG|3P %FG|2P % Assisted|% of Dunks|Dunks Made|3P % Assisted|% of 3PA from Corner|Corner 3 %FG |Heaves Attempted|Heaves Made
0|2010-11|20.0|LAC|NBA|SF|81.0|1452.0|0.39399999999999996|13.0|0.648|0.315|0.175|0.037000000000000005|0.121|0.35200000000000004|0.43700000000000006|0.578|0.423|0.067|0.204|0.315|0.44299999999999995|0.081|27.0|0.978|0.385|0.29100000000000004|1.0|0.0
1|2011-12|21.0|NOH|NBA|SF|66.0|1477.0|0.41100000000000003|9.7|0.871|0.389|0.205|0.077|0.2|0.129|0.431|0.563|0.32|0.25|0.35600000000000004|0.27699999999999997|0.591|0.11|37.0|1.0|0.34|0.25|0.0|0.0
2|2012-13|22.0|NOH|NBA|SF|76.0|2066.0|0.475|7.1|0.96|0.489|0.22399999999999998|0.08|0.16699999999999998|0.04|0.486|0.642|0.368|0.316|0.266|0.21100000000000002|0.71|0.19|80.0|1.0|0.42100000000000004|0.375|0.0|0.0
3|2013-14|23.0|NOP|NBA|SF|80.0|2045.0|0.474|8.6|0.903|0.45299999999999996|0.204|0.04|0.20199999999999999|0.09699999999999999|0.496|0.6609999999999999|0.317|0.45|0.32|0.271|0.674|0.087|42.0|1.0|0.625|0.33299999999999996|0.0|0.0
4|2014-15|24.0|DAL|NBA|SF|74.0|1366.0|0.41200000000000003|11.4|0.653|0.406|0.14|0.036000000000000004|0.07|0.34700000000000003|0.485|0.628|0.24|0.5379999999999999|0.12|0.27399999999999997|0.6729999999999999|0.132|42.0|1.0|0.5|0.306|0.0|0.0
5|2015-16|25.0|POR|NBA|SF|82.0|2341.0|0.41600000000000004|14.9|0.515|0.252|0.121|0.047|0.095|0.485|0.46799999999999997|0.597|0.299|0.382|0.382|0.361|0.595|0.061|42.0|0.9209999999999999|0.41|0.392|1.0|0.0
6|2016-17|26.0|POR|NBA|PF|61.0|1773.0|0.39299999999999996|14.0|0.545|0.32|0.133|0.03|0.06|0.455|0.445|0.53|0.306|0.35700000000000004|0.35700000000000004|0.33|0.46|0.057999999999999996|24.0|1.0|0.358|0.355|3.0|0.0
7|2017-18|27.0|POR|NBA|PF|69.0|2072.0|0.395|16.5|0.418|0.215|0.12|0.026000000000000002|0.057|0.5820000000000001|0.43200000000000005|0.608|0.314|0.133|0.152|0.369|0.486|0.040999999999999995|23.0|0.96|0.28|0.474|0.0|0.0
8|2018-19|28.0|POR|NBA|PF|81.0|2292.0|0.433|13.9|0.528|0.35100000000000003|0.105|0.028999999999999998|0.044000000000000004|0.47200000000000003|0.514|0.611|0.419|0.11800000000000001|0.231|0.34299999999999997|0.516|0.079|42.0|1.0|0.311|0.35600000000000004|0.0|0.0
