player_id|Rk|Unnamed: 1|Age|G|GS|MP|FG|FGA|FG%|FT|FTA|FT%|TRB|AST|PF|PTS/G|player_id
russebi01|1|Bill Russell|23|69||38.3|6.6|15.0|0.442|3.3|6.4|0.519|22.7|2.9|2.6|16.6|russebi01
sharmbi01|2|Bill Sharman|31|63||35.1|8.7|20.6|0.424|4.8|5.4|0.893|4.7|2.7|2.5|22.3|sharmbi01
cousybo01|3|Bob Cousy|29|65||34.2|6.8|19.4|0.353|4.3|5.0|0.85|5.0|7.1|2.1|18.0|cousybo01
heinsto01|4|Tom Heinsohn|23|69||32.0|6.8|17.8|0.382|4.3|5.7|0.746|10.2|1.8|4.0|17.8|heinsto01
ramsefr01|5|Frank Ramsey|26|69||29.7|5.5|13.0|0.419|5.6|6.8|0.8109999999999999|7.3|2.4|3.6|16.5|ramsefr01
tsiorlo01|6|Lou Tsioropoulos|27|70||26.0|2.8|8.9|0.317|2.0|3.0|0.6859999999999999|6.2|1.6|3.5|7.7|tsiorlo01
risenar01|7|Arnie Risen|33|63||17.8|2.1|6.3|0.33799999999999997|1.8|2.7|0.6829999999999999|5.7|0.8|3.1|6.1|risenar01
nichoja01|8|Jack Nichols|31|69||17.7|2.5|7.0|0.35100000000000003|0.9|1.2|0.738|4.4|0.9|1.8|5.8|nichoja01
phillan01|9|Andy Phillip|35|70||16.6|1.4|3.9|0.355|0.6|1.0|0.5920000000000001|2.3|1.7|1.7|3.4|phillan01
loscuji01|10|Jim Loscutoff|27|5||11.2|2.2|6.2|0.355|0.2|0.6|0.33299999999999996|4.0|0.2|1.6|4.6|loscuji01
jonessa01|11|Sam Jones|24|56||10.6|1.8|4.2|0.429|1.1|1.5|0.7140000000000001|2.9|0.7|0.8|4.6|jonessa01
