player_id|Rk|Unnamed: 1|Age|G|GS|MP|FG|FGA|FG%|3P|3PA|3P%|2P|2PA|2P%|eFG%|FT|FTA|FT%|ORB|DRB|TRB|AST|STL|BLK|TOV|PF|PTS|player_id
willide01|1|Deron Williams|23|82|82|3059|566|1117|0.507|83|210|0.395|483|907|0.5329999999999999|0.544|330|411|0.8029999999999999|34|209|243|862|90|23|279|200|1545|willide01
boozeca01|2|Carlos Boozer|26|81|81|2827|709|1297|0.547|0|1|0.0|709|1296|0.547|0.547|290|393|0.738|197|647|844|233|100|41|210|293|1708|boozeca01
okurme01|3|Mehmet Okur|28|72|72|2390|374|841|0.445|114|294|0.38799999999999996|260|547|0.475|0.512|185|230|0.804|132|424|556|145|55|29|104|236|1047|okurme01
kirilan01|4|Andrei Kirilenko|26|72|72|2217|275|544|0.506|44|116|0.379|231|428|0.54|0.546|198|257|0.77|121|218|339|285|86|109|140|165|792|kirilan01
brewero02|5|Ronnie Brewer|22|76|76|2088|354|634|0.5579999999999999|11|50|0.22|343|584|0.5870000000000001|0.5670000000000001|195|257|0.759|97|121|218|134|129|19|69|110|914|brewero02
millspa01|6|Paul Millsap|22|82|2|1702|253|502|0.504|0|4|0.0|253|498|0.508|0.504|155|229|0.677|167|293|460|81|72|73|87|269|661|millspa01
harprma01|7|Matt Harpring|31|76|0|1374|237|474|0.5|2|10|0.2|235|464|0.506|0.502|146|205|0.7120000000000001|96|144|240|82|45|14|95|162|622|harprma01
korveky01|8|Kyle Korver|26|50|0|1075|165|348|0.474|73|188|0.38799999999999996|92|160|0.575|0.579|88|96|0.917|9|90|99|68|22|23|47|125|491|korveky01
collija03|9|Jarron Collins|29|70|9|702|36|82|0.439|0|1|0.0|36|81|0.444|0.439|46|74|0.622|40|76|116|37|10|6|22|106|118|collija03
milescj01|10|C.J. Miles|20|60|13|689|113|236|0.479|30|77|0.39|83|159|0.522|0.542|41|52|0.7879999999999999|16|62|78|53|32|8|27|98|297|milescj01
hartja01|11|Jason Hart|29|57|0|606|58|180|0.322|11|31|0.355|47|149|0.315|0.353|38|45|0.8440000000000001|5|50|55|86|30|3|28|75|165|hartja01
pricero01|12|Ronnie Price|24|61|3|588|88|204|0.431|26|75|0.34700000000000003|62|129|0.48100000000000004|0.495|26|38|0.684|8|38|46|78|32|3|30|83|228|pricero01
giricgo01|13|Gordan Giriček|30|22|0|279|41|102|0.402|12|34|0.353|29|68|0.426|0.461|1|1|1.0|6|25|31|16|13|1|21|24|95|giricgo01
fesenky01|14|Kyrylo Fesenko|21|9|0|70|6|16|0.375|0|0||6|16|0.375|0.375|2|4|0.5|14|11|25|2|0|3|8|19|14|fesenky01
almonmo01|15|Morris Almond|22|9|0|39|4|15|0.267|1|4|0.25|3|11|0.273|0.3|4|6|0.667|0|2|2|3|1|0|2|5|13|almonmo01
