|Season|Age|Tm|Lg|Pos|G|GS|MP|FG|FGA|FG%|3P|3PA|3P%|2P|2PA|2P%|FT|FTA|FT%|ORB|DRB|TRB|AST|STL|BLK|TOV|PF|PTS|ORtg|DRtg
0|1973-74|25.0|DET|NBA|C|81.0||3047.0|11.1|21.9|0.504||||11.1|21.9|0.504|4.8|6.0|0.797|4.0|11.9|15.9|5.1|1.6|3.7||4.0|26.9||88.0
1|1974-75|26.0|DET|NBA|C|76.0||2987.0|11.7|22.9|0.51||||11.7|22.9|0.51|5.8|7.2|0.802|3.6|11.0|14.6|5.6|1.2|2.7||3.8|29.1||96.0
2|1975-76|27.0|DET|NBA|C|64.0||2363.0|10.4|19.6|0.532||||10.4|19.6|0.532|5.5|7.1|0.768|4.2|10.2|14.4|4.2|1.5|1.7||3.9|26.4||97.0
3|1976-77|28.0|DET|NBA|C|64.0||2446.0|12.2|22.9|0.534||||12.2|22.9|0.534|4.7|5.7|0.818|3.6|9.8|13.4|3.9|1.3|2.3||3.1|29.2||99.0
4|1977-78|29.0|DET|NBA|C|63.0||2311.0|12.0|22.4|0.537||||12.0|22.4|0.537|5.7|7.4|0.772|3.8|10.0|13.8|4.2|1.6|1.8|4.3|3.6|29.7|112.0|99.0
5|1978-79|30.0|DET|NBA|C|53.0||1835.0|11.9|23.2|0.515||||11.9|23.2|0.515|6.7|9.0|0.7490000000000001|4.0|8.1|12.1|3.4|1.2|1.8|4.3|4.4|30.6|109.0|104.0
7|1979-80|31.0|DET|NBA|C|37.0||1392.0|10.3|18.8|0.546|0.0|0.2|0.0|10.3|18.6|0.551|5.3|6.8|0.7809999999999999|3.5|8.5|12.0|3.9|1.2|1.9|3.6|4.2|25.8|114.0|107.0
8|1979-80|31.0|MIL|NBA|C|26.0||739.0|9.3|17.9|0.519|0.1|0.1|1.0|9.3|17.9|0.518|7.2|9.1|0.785|2.8|8.6|11.3|3.9|2.3|1.8|3.1|4.4|25.9|117.0|99.0
9|1980-81|32.0|MIL|NBA|C|67.0||1753.0|9.9|18.9|0.525|0.0|0.0|1.0|9.9|18.9|0.524|5.5|7.3|0.7509999999999999|3.4|7.5|10.9|4.7|1.9|2.1|3.7|4.9|25.4|113.0|100.0
10|1981-82|33.0|MIL|NBA|C|74.0|72.0|1986.0|9.8|17.6|0.5579999999999999|0.0|0.0|0.0|9.8|17.6|0.56|4.4|5.8|0.752|2.2|7.2|9.4|5.3|1.7|1.4|4.0|5.1|24.1|112.0|101.0
11|1982-83|34.0|MIL|NBA|C|39.0|35.0|978.0|8.0|16.3|0.491|0.0|0.0|0.0|8.0|16.2|0.49200000000000005|4.5|6.5|0.684|2.8|7.0|9.8|5.2|1.7|1.2|4.0|6.1|20.5|103.0|101.0
12|1983-84|35.0|MIL|NBA|C|72.0|72.0|2007.0|9.7|16.9|0.5720000000000001|0.0|0.1|0.0|9.7|16.8|0.575|4.8|6.8|0.708|3.5|7.7|11.2|4.6|1.4|1.3|4.0|5.6|24.1|113.0|103.0
