|Season|Age|Tm|Lg|Pos|G|GS|MP|FG|FGA|FG%|3P|3PA|3P%|2P|2PA|2P%|FT|FTA|FT%|ORB|DRB|TRB|AST|STL|BLK|TOV|PF|PTS|ORtg|DRtg
0|1973-74|25.0|DET|NBA|C|7.0||303.0|12.8|25.3|0.507||||12.8|25.3|0.507|5.0|6.3|0.789|4.3|13.5|17.8|3.5|0.7|2.3||4.7|30.6||92.0
1|1974-75|26.0|DET|NBA|C|3.0||128.0|9.9|19.4|0.51||||9.9|19.4|0.51|3.4|4.6|0.75|1.9|10.2|12.1|7.2|1.5|4.6||3.8|23.2||94.0
2|1975-76|27.0|DET|NBA|C|9.0||359.0|12.1|21.9|0.552||||12.1|21.9|0.552|5.7|6.4|0.9|5.0|9.5|14.5|3.8|1.0|2.7||4.3|29.9||105.0
3|1976-77|28.0|DET|NBA|C|3.0||118.0|13.5|21.5|0.63||||13.5|21.5|0.63|6.4|7.6|0.8420000000000001|5.2|14.7|19.9|2.4|1.2|2.8||4.0|33.4||101.0
4|1979-80|31.0|MIL|NBA|C|7.0||256.0|10.1|19.6|0.515|0.0|0.0||10.1|19.6|0.515|6.0|8.1|0.738|3.3|9.3|12.6|6.0|1.4|1.5|3.3|4.5|26.1|114.0|100.0
5|1980-81|32.0|MIL|NBA|C|7.0||236.0|10.5|17.9|0.588|0.0|0.0||10.5|17.9|0.588|4.8|6.7|0.7190000000000001|2.5|8.4|11.0|5.9|2.5|1.7|3.2|3.8|25.9|123.0|105.0
6|1981-82|33.0|MIL|NBA|C|6.0||212.0|9.9|19.3|0.513|0.0|0.2|0.0|9.9|19.1|0.519|3.4|6.0|0.56|4.3|6.5|10.9|5.3|1.9|1.2|3.4|5.1|23.2|109.0|112.0
7|1982-83|34.0|MIL|NBA|C|9.0||250.0|10.3|18.0|0.573|0.0|0.0||10.3|18.0|0.573|4.2|7.1|0.6|3.4|9.3|12.7|4.7|1.0|2.8|4.2|6.5|24.9|110.0|101.0
8|1983-84|35.0|MIL|NBA|C|16.0||499.0|8.2|17.0|0.48|0.0|0.0||8.2|17.0|0.48|3.9|4.4|0.8859999999999999|3.2|8.5|11.6|5.5|1.1|1.0|3.8|5.7|20.2|106.0|104.0
