player_id|Rk|Unnamed: 1|Age|G|GS|MP|FG|FGA|FG%|FT|FTA|FT%|ORB|DRB|TRB|AST|STL|BLK|PF|PTS|player_id
wickssi01|1|Sidney Wicks|25|82||3162|7.9|15.8|0.49700000000000005|4.5|6.4|0.706|2.6|7.4|10.0|3.3|1.2|0.9|3.3|20.2|wickssi01
petrige01|2|Geoff Petrie|26|80||3109|7.0|15.3|0.456|3.0|3.6|0.8390000000000001|0.4|2.0|2.4|4.9|0.9|0.2|2.5|17.0|petrige01
johnsjo01|3|John Johnson|27|80||2540|7.5|15.3|0.48700000000000004|3.3|4.3|0.784|2.3|4.8|7.1|3.4|1.1|0.6|3.5|18.3|johnsjo01
steella01|4|Larry Steele|25|76||2389|4.0|7.3|0.5479999999999999|1.8|2.2|0.836|1.3|2.1|3.4|4.3|2.8|0.2|3.8|9.8|steella01
nealll01|5|Lloyd Neal|24|82||2278|6.5|13.7|0.47100000000000003|3.0|4.7|0.6409999999999999|2.9|7.9|10.9|2.2|0.7|1.4|3.8|15.9|nealll01
martila01|6|LaRue Martin|24|81||1372|6.2|13.7|0.452|2.6|3.7|0.6970000000000001|3.6|7.1|10.7|1.8|0.9|1.3|6.3|15.0|martila01
wilkele01|7|Lenny Wilkens|37|65||1161|4.2|9.5|0.439|4.7|6.1|0.768|1.2|2.5|3.7|7.3|2.4|0.3|3.0|13.0|wilkele01
waltobi01|8|Bill Walton|22|35||1153|5.5|10.8|0.513|2.9|4.3|0.6859999999999999|2.9|10.9|13.8|5.2|0.9|2.9|3.6|14.0|waltobi01
clemeba01|9|Barry Clemens|31|77||952|6.4|13.4|0.473|1.7|2.3|0.75|1.2|4.8|6.1|2.9|2.6|0.1|5.3|14.4|clemeba01
lumpkph01|10|Phil Lumpkin|23|48||792|3.9|8.6|0.45299999999999996|1.4|1.8|0.769|0.5|2.2|2.7|8.0|0.9|0.1|3.6|9.2|lumpkph01
smithgr01|11|Greg Smith|28|55||519|4.9|10.1|0.486|2.2|3.3|0.667|2.0|4.2|6.2|1.9|1.5|0.4|6.7|12.1|smithgr01
anderda02|12|Dan Anderson|24|43||453|3.7|8.3|0.44799999999999995|2.1|2.4|0.867|0.6|1.7|2.3|6.4|1.3|0.1|3.5|9.5|anderda02
