player_id|Rk|Unnamed: 1|Age|G|GS|MP|FG|FGA|FG%|FT|FTA|FT%|ORB|DRB|TRB|AST|STL|BLK|PF|PTS|player_id
wickssi01|1|Sidney Wicks|25|82||3162|692|1391|0.49700000000000005|394|558|0.706|231|646|877|287|108|80|289|1778|wickssi01
petrige01|2|Geoff Petrie|26|80||3109|602|1319|0.456|261|311|0.8390000000000001|38|171|209|424|81|13|215|1465|petrige01
johnsjo01|3|John Johnson|27|80||2540|527|1082|0.48700000000000004|236|301|0.784|162|339|501|240|75|39|249|1290|johnsjo01
steella01|4|Larry Steele|25|76||2389|265|484|0.5479999999999999|122|146|0.836|86|140|226|287|183|16|254|652|steella01
nealll01|5|Lloyd Neal|24|82||2278|409|869|0.47100000000000003|189|295|0.6409999999999999|186|501|687|139|43|87|239|1007|nealll01
martila01|6|LaRue Martin|24|81||1372|236|522|0.452|99|142|0.6970000000000001|136|272|408|69|33|49|239|571|martila01
wilkele01|7|Lenny Wilkens|37|65||1161|134|305|0.439|152|198|0.768|38|82|120|235|77|9|96|420|wilkele01
waltobi01|8|Bill Walton|22|35||1153|177|345|0.513|94|137|0.6859999999999999|92|349|441|167|29|94|115|448|waltobi01
clemeba01|9|Barry Clemens|31|77||952|168|355|0.473|45|60|0.75|33|128|161|76|68|2|139|381|clemeba01
lumpkph01|10|Phil Lumpkin|23|48||792|86|190|0.45299999999999996|30|39|0.769|10|49|59|177|20|3|80|202|lumpkph01
smithgr01|11|Greg Smith|28|55||519|71|146|0.486|32|48|0.667|29|60|89|27|22|6|96|174|smithgr01
anderda02|12|Dan Anderson|24|43||453|47|105|0.44799999999999995|26|30|0.867|8|21|29|81|16|1|44|120|anderda02
