|Season|Age|Tm|Lg|Pos|G|GS|MP|FG|FGA|FG%|3P|3PA|3P%|2P|2PA|2P%|eFG%|FT|FTA|FT%|ORB|DRB|TRB|AST|BLK|TOV|PF|PTS
0|1962-63|24.0|STL|NBA|SG|77.0||35.0|4.7|10.9|0.43||||4.7|10.9|0.43|0.43|2.4|3.3|0.71|||4.7|4.2|||2.2|11.7
1|1963-64|25.0|STL|NBA|SG|74.0||18.5|2.8|6.8|0.41200000000000003||||2.8|6.8|0.41200000000000003|0.41200000000000003|0.9|1.6|0.609|||2.1|2.0|||1.4|6.6
2|1964-65|26.0|STL|NBA|SG|41.0||19.0|3.0|7.6|0.38799999999999996||||3.0|7.6|0.38799999999999996|0.38799999999999996|1.1|1.7|0.643|||2.2|1.9|||1.4|7.0
4|1965-66|27.0|STL|NBA|PG|31.0||22.3|3.4|7.8|0.428||||3.4|7.8|0.428|0.428|1.7|2.8|0.628|||2.9|2.7|||1.9|8.5
5|1965-66|27.0|DET|NBA|PG|45.0||20.6|3.1|8.1|0.38299999999999995||||3.1|8.1|0.38299999999999995|0.38299999999999995|1.3|2.2|0.602|||2.5|2.5|||1.7|7.5
6|1966-67|28.0|BAL|NBA|PG|53.0||22.9|3.5|8.4|0.418||||3.5|8.4|0.418|0.418|1.2|1.9|0.6409999999999999|||3.0|2.6|||1.5|8.3
7|1967-68|29.0|SDR|NBA|PG|75.0||25.1|3.9|9.3|0.42100000000000004||||3.9|9.3|0.42100000000000004|0.42100000000000004|2.1|3.1|0.6579999999999999|||2.3|3.5|||1.9|9.9
8|1968-69|30.0|BAL|NBA|PG|30.0||16.8|2.5|5.8|0.434||||2.5|5.8|0.434|0.434|1.3|2.2|0.6|||1.8|2.4|||2.1|6.4
9|1969-70|31.0|INA|ABA|SG|77.0||30.8|4.2|10.7|0.39399999999999996|0.9|3.5|0.261|3.3|7.2|0.46|0.43799999999999994|2.1|3.1|0.664|0.8|1.5|2.2|4.1||2.0|2.5|11.4
11|1970-71|32.0|INA|ABA|PG|43.0||14.4|1.9|5.6|0.332|0.3|1.7|0.187|1.5|3.9|0.39799999999999996|0.361|1.0|1.4|0.6890000000000001|0.6|0.8|1.4|1.9||0.9|1.2|5.0
12|1970-71|32.0|DNR|ABA|PG|24.0||28.5|4.2|10.6|0.396|0.8|3.0|0.25|3.5|7.6|0.45399999999999996|0.431|2.3|3.0|0.74|0.8|1.4|2.3|3.2||1.7|2.3|11.4
13|1971-72|33.0|INA|ABA|PG|19.0||10.2|1.5|4.6|0.322|0.2|1.8|0.114|1.3|2.7|0.462|0.345|0.4|0.8|0.5329999999999999|0.4|0.6|1.0|0.8||0.6|0.8|3.6
