|Season|Age|Tm|Lg|Pos|G|MP|FG%|Dist.|% of 2PA|% of 0-3|% of 3-10|% of 10-16|% of 16-3pt|% of 3P|2P %FG|0-3 %FG|3-10 %FG|10-16 %FG|16-3pt%FG|3P %FG|2P % Assisted|% of Dunks|Dunks Made|3P % Assisted|% of 3PA from Corner|Corner 3 %FG |Heaves Attempted|Heaves Made
0|2000-01|20.0|LAC|NBA|PG|76.0|1237.0|0.409|12.8|0.779|0.298|0.122|0.10800000000000001|0.251|0.221|0.426|0.546|0.364|0.231|0.396|0.35|0.2|0.022000000000000002|5.0|0.643|0.213|0.294|0.0|0.0
1|2001-02|21.0|LAC|NBA|PG|14.0|155.0|0.386|14.3|0.754|0.158|0.193|0.193|0.21100000000000002|0.24600000000000002|0.419|0.444|0.455|0.182|0.583|0.28600000000000003|0.389|0.035|1.0|1.0|0.214|0.33299999999999996|0.0|0.0
2|2002-03|22.0|LAC|NBA|SG|55.0|969.0|0.389|17.1|0.578|0.17|0.076|0.073|0.258|0.42200000000000004|0.41100000000000003|0.5|0.28|0.292|0.424|0.36|0.256|0.018000000000000002|5.0|0.76|0.165|0.391|0.0|0.0
3|2003-04|23.0|LAC|NBA|PG|58.0|1137.0|0.389|13.7|0.8690000000000001|0.233|0.09699999999999999|0.142|0.39799999999999996|0.131|0.42200000000000004|0.585|0.41200000000000003|0.36|0.35|0.174|0.38|0.043|14.0|0.875|0.174|0.125|1.0|0.0
4|2004-05|24.0|MIA|NBA|PG|74.0|1184.0|0.40299999999999997|15.2|0.7829999999999999|0.19399999999999998|0.09|0.113|0.386|0.217|0.444|0.5670000000000001|0.419|0.41|0.39799999999999996|0.253|0.2|0.032|9.0|0.789|0.16|0.25|0.0|0.0
5|2005-06|25.0|ORL|NBA|PG|50.0|1137.0|0.44|12.0|0.894|0.319|0.084|0.11599999999999999|0.375|0.106|0.456|0.574|0.41200000000000003|0.426|0.375|0.302|0.309|0.037000000000000005|12.0|0.846|0.37200000000000005|0.5|0.0|0.0
6|2006-07|26.0|ORL|NBA|SG|66.0|1435.0|0.41|13.6|0.79|0.26899999999999996|0.092|0.107|0.32299999999999995|0.21|0.434|0.561|0.429|0.38799999999999996|0.345|0.32299999999999995|0.433|0.035|12.0|0.935|0.354|0.294|0.0|0.0
7|2007-08|27.0|ORL|NBA|PG|72.0|1334.0|0.46799999999999997|12.4|0.846|0.281|0.11599999999999999|0.156|0.293|0.154|0.49200000000000005|0.5710000000000001|0.49|0.591|0.363|0.33799999999999997|0.19899999999999998|0.04|14.0|0.773|0.292|0.474|0.0|0.0
8|2008-09|28.0|NJN|NBA|PG|77.0|2074.0|0.436|15.7|0.607|0.239|0.055|0.102|0.21100000000000002|0.39299999999999996|0.446|0.601|0.515|0.344|0.302|0.42100000000000004|0.272|0.035|20.0|0.7879999999999999|0.37|0.483|0.0|0.0
9|2009-10|29.0|NJN|NBA|PG|53.0|971.0|0.39799999999999996|17.9|0.515|0.14800000000000002|0.037000000000000005|0.111|0.21899999999999997|0.485|0.419|0.583|0.41700000000000004|0.33299999999999996|0.35200000000000004|0.376|0.2|0.009000000000000001|3.0|0.8140000000000001|0.382|0.467|0.0|0.0
10|2010-11|30.0|MIL|NBA|PG|80.0|1757.0|0.397|18.1|0.5489999999999999|0.12300000000000001|0.085|0.08900000000000001|0.252|0.451|0.439|0.6559999999999999|0.341|0.5|0.344|0.34600000000000003|0.35200000000000004|0.013000000000000001|6.0|0.852|0.33799999999999997|0.36700000000000005|1.0|0.0
11|2011-12|31.0|BOS|NBA|SG|46.0|662.0|0.405|18.3|0.503|0.141|0.067|0.061|0.233|0.49700000000000005|0.47600000000000003|0.652|0.273|0.4|0.447|0.33299999999999996|0.359|0.006|1.0|0.9259999999999999|0.37|0.4|0.0|0.0
12|2012-13|32.0|MEM|NBA|PG|7.0|82.0|0.47600000000000003|20.0|0.429|0.14300000000000002|0.0|0.048|0.23800000000000002|0.5710000000000001|0.556|0.667||0.0|0.6|0.41700000000000004|0.4|0.0|0.0|0.6|0.25|0.33299999999999996|0.0|0.0
