player_id|Rk|Unnamed: 1|Age|G|GS|MP|FG|FGA|FG%|FT|FTA|FT%|ORB|DRB|TRB|AST|STL|BLK|TOV|PF|PTS|player_id
fordch01|1|Chris Ford|29|82||2582|374|777|0.48100000000000004|113|154|0.7340000000000001|117|151|268|381|166|17|232|182|861|fordch01
moneyer01|2|Eric Money|22|76||2557|600|1200|0.5|214|298|0.718|90|119|209|356|123|12|322|237|1414|moneyer01
carrml01|3|M.L. Carr|27|79||2556|390|857|0.455|200|271|0.738|202|355|557|185|147|27|210|243|980|carrml01
laniebo01|4|Bob Lanier|29|63||2311|622|1159|0.537|298|386|0.772|197|518|715|216|82|93|225|185|1542|laniebo01
shumajo01|5|John Shumate|25|62||2170|316|622|0.508|326|409|0.797|125|429|554|122|76|43|186|142|958|shumajo01
douglle01|6|Leon Douglas|23|79||1993|321|667|0.48100000000000004|221|345|0.6409999999999999|181|401|582|112|57|48|197|295|863|douglle01
skinnal01|7|Al Skinner|25|69||1274|181|387|0.46799999999999997|123|159|0.774|53|119|172|113|52|15|132|208|485|skinnal01
priceji01|8|Jim Price|28|34||839|153|363|0.42100000000000004|84|103|0.816|27|74|101|102|45|5|74|82|390|priceji01
gerargu01|9|Gus Gerard|24|47||805|154|355|0.434|64|93|0.688|49|97|146|44|34|22|54|96|372|gerargu01
simpsra01|10|Ralph Simpson|28|32||739|143|346|0.413|54|64|0.8440000000000001|27|55|82|87|32|3|78|48|340|simpsra01
poquebe01|11|Ben Poquette|22|52||626|95|225|0.42200000000000004|42|60|0.7|50|95|145|20|10|22|40|69|232|poquebe01
eberhal01|12|Al Eberhard|25|37||576|71|160|0.444|41|61|0.672|37|65|102|26|13|4|23|64|183|eberhal01
barnema01|13|Marvin Barnes|25|12||269|53|118|0.449|14|29|0.483|28|63|91|19|7|11|29|43|120|barnema01
norwowi01|14|Willie Norwood|30|16||260|34|82|0.415|20|29|0.69|27|27|54|14|13|3|17|45|88|norwowi01
porteke01|15|Kevin Porter|27|8||127|14|31|0.452|9|13|0.6920000000000001|5|10|15|36|5|0|12|18|37|porteke01
porteho01|16|Howard Porter|29|8||107|16|43|0.37200000000000005|4|7|0.5710000000000001|5|12|17|2|3|5|5|15|36|porteho01
bostiji01|17|Jim Bostic|25|4||48|12|22|0.545|2|5|0.4|8|8|16|3|0|0|3|5|26|bostiji01
brittwa01|18|Wayman Britt|25|7||16|3|10|0.3|3|4|0.75|1|3|4|2|1|0|1|3|9|brittwa01
