player_id|Rk|Unnamed: 1|Age|G|GS|MP|FG|FGA|FG%|FT|FTA|FT%|TRB|AST|PF|PTS|player_id
chambwi01|1|Wilt Chamberlain|25|80||3882|14.8|29.3|0.506|7.7|12.6|0.613|19.0|1.8|1.1|37.4|chambwi01
arizipa01|2|Paul Arizin|33|78||2785|7.9|19.3|0.41|6.3|7.8|0.805|6.8|2.6|4.0|22.1|arizipa01
rodgegu01|3|Guy Rodgers|26|80||2650|3.6|10.2|0.35600000000000004|1.6|2.5|0.665|4.7|8.7|4.2|8.9|rodgegu01
meschto01|4|Tom Meschery|23|80||2509|5.4|13.3|0.40399999999999997|3.1|3.8|0.8240000000000001|10.5|2.1|4.7|13.9|meschto01
attleal01|5|Al Attles|25|75||2468|5.0|10.6|0.474|2.3|3.9|0.5920000000000001|5.2|4.9|4.1|12.3|attleal01
golato01|6|Tom Gola|29|60||2462|4.7|11.2|0.42100000000000004|2.6|3.4|0.765|8.6|4.3|3.9|12.0|golato01
conlied01|7|Ed Conlin|28|70||963|4.8|13.9|0.345|2.5|3.3|0.742|5.8|3.2|4.4|12.0|conlied01
laresyo01|8|York Larese|23|51||646|6.2|17.1|0.366|3.0|3.5|0.841|4.0|4.7|5.3|15.4|laresyo01
luckete01|9|Ted Luckenbill|22|67||396|3.9|10.9|0.358|4.5|6.9|0.645|10.0|2.5|6.1|12.3|luckete01
ruklijo01|10|Joe Ruklick|23|46||302|5.7|17.5|0.327|1.4|3.1|0.462|10.4|1.7|6.7|12.9|ruklijo01
mcneibo01|11|Bob McNeill|23|21||212|5.8|12.9|0.447|3.1|3.7|0.818|5.6|8.3|5.3|14.6|mcneibo01
radovfr01|12|Frank Radovich|23|37||175|7.6|19.1|0.39799999999999996|2.7|5.3|0.5|10.5|0.8|5.6|17.9|radovfr01
