player_id|Rk|Unnamed: 1|Age|G|GS|MP|FG|FGA|FG%|FT|FTA|FT%|TRB|AST|PF|PTS|player_id
chambwi01|1|Wilt Chamberlain|25|80||3882|1597|3159|0.506|835|1363|0.613|2052|192|123|4029|chambwi01
arizipa01|2|Paul Arizin|33|78||2785|611|1490|0.41|484|601|0.805|527|201|307|1706|arizipa01
rodgegu01|3|Guy Rodgers|26|80||2650|267|749|0.35600000000000004|121|182|0.665|348|643|312|655|rodgegu01
meschto01|4|Tom Meschery|23|80||2509|375|929|0.40399999999999997|216|262|0.8240000000000001|729|145|330|966|meschto01
attleal01|5|Al Attles|25|75||2468|343|724|0.474|158|267|0.5920000000000001|355|333|279|844|attleal01
golato01|6|Tom Gola|29|60||2462|322|765|0.42100000000000004|176|230|0.765|587|295|267|820|golato01
conlied01|7|Ed Conlin|28|70||963|128|371|0.345|66|89|0.742|155|85|118|322|conlied01
laresyo01|8|York Larese|23|51||646|112|306|0.366|53|63|0.841|71|85|96|277|laresyo01
luckete01|9|Ted Luckenbill|22|67||396|43|120|0.358|49|76|0.645|110|27|67|135|luckete01
ruklijo01|10|Joe Ruklick|23|46||302|48|147|0.327|12|26|0.462|87|14|56|108|ruklijo01
mcneibo01|11|Bob McNeill|23|21||212|34|76|0.447|18|22|0.818|33|49|31|86|mcneibo01
radovfr01|12|Frank Radovich|23|37||175|37|93|0.39799999999999996|13|26|0.5|51|4|27|87|radovfr01
