|Season|Age|Tm|Lg|Pos|G|MP|PG%|SG%|SF%|PF%|C%|OnCourt|On-Off|BadPass|LostBall|Shoot|Off.|Shoot.1|Off..1|PGA|And1|Blkd
0|2000-01|24.0|MIL|NBA|PG|37.0|288.0|46|54|0|0|0|-5.8|-10.7|13.0|3.0|12.0|2.0|7.0|0.0|155.0|3.0|3.0
1|2001-02|25.0|MIL|NBA|PG|50.0|600.0|95|5|0|0|0|-4.0|-4.5|19.0|14.0|18.0|1.0|12.0|0.0|333.0|0.0|10.0
2|2002-03|26.0|TOR|NBA|PG|47.0|980.0|94|6|0|0|0|-7.4|-1.0|59.0|11.0|47.0|8.0|25.0|0.0|419.0|6.0|18.0
3|2003-04|27.0|MIA|NBA|PG|82.0|2581.0|99|1|0|0|0|1.4|2.2|89.0|30.0|84.0|4.0|35.0|0.0|841.0|3.0|16.0
4|2004-05|28.0|TOR|NBA|PG|80.0|2717.0|100|0|0|0|0|-1.5|0.1|115.0|29.0|86.0|17.0|85.0|0.0|1172.0|18.0|42.0
5|2005-06|29.0|HOU|NBA|PG|63.0|2431.0|98|2|0|0|0|-2.0|-1.4|103.0|34.0|85.0|3.0|44.0|7.0|932.0|7.0|20.0
6|2006-07|30.0|HOU|NBA|PG|82.0|3040.0|99|1|0|0|0|8.2|11.2|115.0|29.0|82.0|9.0|44.0|4.0|1001.0|4.0|31.0
7|2007-08|31.0|HOU|NBA|PG|74.0|2526.0|96|4|0|0|0|7.2|4.7|111.0|26.0|47.0|8.0|55.0|3.0|866.0|8.0|33.0
9|2008-09|32.0|HOU|NBA|PG|48.0|1591.0|84|16|0|0|0|2.9|-2.7|59.0|19.0|33.0|3.0|32.0|4.0|584.0|1.0|19.0
10|2008-09|32.0|ORL|NBA|PG|29.0|856.0|100|0|0|0|0|5.8|-2.5|37.0|8.0|30.0|5.0|34.0|5.0|347.0|5.0|19.0
12|2009-10|33.0|NJN|NBA|PG|27.0|766.0|100|0|0|0|0|-12.3|-2.6|38.0|19.0|25.0|2.0|25.0|5.0|223.0|7.0|15.0
13|2009-10|33.0|MIA|NBA|PG|25.0|655.0|100|0|0|0|0|4.2|1.5|21.0|10.0|30.0|1.0|14.0|4.0|161.0|3.0|11.0
