|Season|Age|Tm|Lg|Pos|G|GS|MP|FG|FGA|FG%|3P|3PA|3P%|2P|2PA|2P%|eFG%|FT|FTA|FT%|ORB|DRB|TRB|AST|STL|BLK|TOV|PF|PTS
0|1968-69|22.0|LAS|ABA|SG|78.0||36.8|6.1|14.9|0.40700000000000003|0.5|1.8|0.302|5.5|13.1|0.42100000000000004|0.425|4.4|6.1|0.716|2.5|5.2|7.7|2.3|||2.3|2.5|17.0
2|1969-70|23.0|LAS|ABA|SG|21.0||31.1|4.5|11.8|0.379|0.4|1.8|0.237|4.0|10.0|0.405|0.397|4.6|6.4|0.716|2.0|5.0|7.0|2.2|||3.0|2.7|14.0
3|1969-70|23.0|CAR|ABA|SG|59.0||23.4|3.8|8.6|0.43700000000000006|0.1|0.6|0.16699999999999998|3.7|8.0|0.45799999999999996|0.44299999999999995|2.2|3.3|0.645|1.5|3.0|4.5|1.7|||1.4|2.0|9.8
4|1970-71|24.0|CAR|ABA|SG|77.0||27.8|4.7|10.3|0.45799999999999996|0.2|0.8|0.213|4.6|9.5|0.478|0.466|2.6|3.5|0.7240000000000001|2.2|3.7|5.9|2.2|||1.7|2.4|12.2
5|1971-72|25.0|CAR|ABA|SG|83.0||38.5|6.8|14.8|0.45799999999999996|0.1|0.6|0.255|6.6|14.2|0.466|0.46299999999999997|4.7|6.0|0.7909999999999999|2.1|2.7|4.8|2.8|||2.3|2.8|18.4
6|1972-73|26.0|SDA|ABA|SG|83.0||32.5|5.4|13.0|0.41700000000000004|0.0|0.1|0.0|5.4|12.9|0.419|0.41700000000000004|3.7|5.1|0.725|2.1|2.2|4.3|3.4|||2.0|2.1|14.5
8|1973-74|27.0|SDA|ABA|SG|7.0||9.7|0.7|1.9|0.385|0.0|0.0||0.7|1.9|0.385|0.385|1.0|1.4|0.7|0.4|0.9|1.3|1.1|0.7|0.0|0.7|0.7|2.4
9|1973-74|27.0|VIR|ABA|SG|73.0||26.0|3.8|8.6|0.442|0.0|0.0|0.0|3.8|8.5|0.444|0.442|2.0|3.0|0.6609999999999999|1.2|1.6|2.7|1.9|0.7|0.1|1.6|1.8|9.5
10|1974-75|28.0|UTS|ABA|SG|5.0||5.2|0.6|1.8|0.33299999999999996|0.0|0.0||0.6|1.8|0.33299999999999996|0.33299999999999996|0.6|0.6|1.0|0.2|0.0|0.2|0.8|0.2|0.0|0.4|0.0|1.8
