|Season|Age|Tm|Lg|Pos|G|GS|MP|FG|FGA|FG%|3P|3PA|3P%|2P|2PA|2P%|FT|FTA|FT%|ORB|DRB|TRB|AST|STL|BLK|TOV|PF|PTS
0|1968-69|22.0|LAS|ABA|SG|78.0||2871.0|5.9|14.6|0.40700000000000003|0.5|1.7|0.302|5.4|12.8|0.42100000000000004|4.3|6.0|0.716|2.5|5.1|7.5|2.2|||2.3|2.4|16.7
2|1969-70|23.0|LAS|ABA|SG|21.0||654.0|5.2|13.7|0.379|0.5|2.1|0.237|4.7|11.6|0.405|5.3|7.4|0.716|2.4|5.7|8.1|2.6|||3.5|3.1|16.1
3|1969-70|23.0|CAR|ABA|SG|59.0||1383.0|5.8|13.3|0.43700000000000006|0.2|0.9|0.16699999999999998|5.6|12.3|0.45799999999999996|3.3|5.1|0.645|2.3|4.6|7.0|2.6|||2.2|3.0|15.1
4|1970-71|24.0|CAR|ABA|SG|77.0||2140.0|6.1|13.4|0.45799999999999996|0.2|1.0|0.213|5.9|12.3|0.478|3.3|4.6|0.7240000000000001|2.9|4.8|7.7|2.8|||2.2|3.0|15.8
5|1971-72|25.0|CAR|ABA|SG|83.0||3199.0|6.3|13.8|0.45799999999999996|0.1|0.5|0.255|6.2|13.3|0.466|4.4|5.6|0.7909999999999999|2.0|2.5|4.5|2.6|||2.1|2.6|17.2
6|1972-73|26.0|SDA|ABA|SG|83.0||2700.0|6.0|14.4|0.41700000000000004|0.0|0.1|0.0|6.0|14.3|0.419|4.1|5.6|0.725|2.3|2.5|4.7|3.7|||2.2|2.3|16.1
8|1973-74|27.0|SDA|ABA|SG|7.0||68.0|2.6|6.9|0.385|0.0|0.0||2.6|6.9|0.385|3.7|5.3|0.7|1.6|3.2|4.8|4.2|2.6|0.0|2.6|2.6|9.0
9|1973-74|27.0|VIR|ABA|SG|73.0||1900.0|5.2|11.8|0.442|0.0|0.1|0.0|5.2|11.8|0.444|2.7|4.1|0.6609999999999999|1.6|2.2|3.8|2.6|1.0|0.1|2.2|2.5|13.2
10|1974-75|28.0|UTS|ABA|SG|5.0||26.0|4.2|12.5|0.33299999999999996|0.0|0.0||4.2|12.5|0.33299999999999996|4.2|4.2|1.0|1.4|0.0|1.4|5.5|1.4|0.0|2.8|0.0|12.5
