player_id|Rk|Unnamed: 1|Age|G|GS|MP|FG|FGA|FG%|FT|FTA|FT%|TRB|AST|PF|PTS|player_id
chambwi01|1|Wilt Chamberlain|26|80||3806|1463|2770|0.528|660|1113|0.593|1946|275|136|3586|chambwi01
rodgegu01|2|Guy Rodgers|27|79||3249|445|1150|0.387|208|286|0.727|394|825|296|1098|rodgegu01
meschto01|3|Tom Meschery|24|64||2245|397|935|0.425|228|313|0.728|624|104|249|1022|meschto01
attleal01|4|Al Attles|26|71||1876|301|630|0.478|133|206|0.6459999999999999|205|184|253|735|attleal01
phillga01|5|Gary Phillips|23|75||1801|256|643|0.39799999999999996|97|152|0.638|225|137|185|609|phillga01
hightwa01|6|Wayne Hightower|23|66||1387|192|548|0.35|105|157|0.669|354|51|181|489|hightwa01
naullwi01|7|Willie Naulls|28|47||1225|215|512|0.42|88|111|0.7929999999999999|315|58|163|518|naullwi01
leege01|8|George Lee|26|64||1192|149|394|0.37799999999999995|152|193|0.7879999999999999|217|64|113|450|leege01
golato01|9|Tom Gola|30|21||822|111|243|0.457|50|66|0.758|148|73|93|272|golato01
searske01|10|Kenny Sears|29|54||782|113|212|0.5329999999999999|105|122|0.861|139|55|99|331|searske01
montgho01|11|Howie Montgomery|22|20||364|65|153|0.425|14|23|0.609|69|21|35|144|montgho01
whitehu01|12|Hubie White|23|29||271|40|111|0.36|12|18|0.667|35|28|47|92|whitehu01
luckete01|13|Ted Luckenbill|23|20||201|26|68|0.382|9|20|0.45|56|8|34|61|luckete01
lacoufr01|14|Fred LaCour|24|16||171|28|73|0.384|9|16|0.563|24|19|27|65|lacoufr01
fedorda01|15|Dave Fedor|22|7||27|3|10|0.3|0|1|0.0|6|1|4|6|fedorda01
gunthda01|16|Dave Gunther|25|1||5|1|2|0.5|0|0||3|3|1|2|gunthda01
