player_id|Rk|Unnamed: 1|Age|G|GS|MP|FG|FGA|FG%|FT|FTA|FT%|TRB|AST|PF|PTS/G|player_id
eganjo01|1|Johnny Egan|25|42||35.4|5.5|12.0|0.456|3.2|4.2|0.777|3.1|5.8|2.5|14.1|eganjo01
boozebo01|2|Bob Boozer|26|49||33.7|6.7|15.6|0.43200000000000005|4.0|5.2|0.77|8.5|1.3|3.0|17.5|boozebo01
chapple01|3|Len Chappell|23|78||31.9|6.8|15.2|0.449|3.7|5.1|0.716|9.8|1.1|2.7|17.3|chapple01
heymaar01|4|Art Heyman|22|75||29.8|5.8|13.4|0.431|3.9|5.6|0.685|4.0|3.4|3.1|15.4|heymaar01
golato01|5|Tom Gola|31|74||29.1|3.5|8.1|0.429|2.1|2.9|0.726|6.3|3.5|3.8|9.1|golato01
greenjo01|6|Johnny Green|30|80||26.7|6.0|12.8|0.47|2.4|4.9|0.49700000000000005|10.0|2.0|3.1|14.5|greenjo01
mcgilbi01|7|Bill McGill|24|68||25.5|6.5|13.4|0.48700000000000004|2.9|4.0|0.72|5.9|1.8|3.1|16.0|mcgilbi01
butleal01|8|Al Butler|25|76||18.1|3.4|8.1|0.42200000000000004|1.8|2.5|0.738|2.2|2.1|2.2|8.7|butleal01
hooveto01|9|Tom Hoover|23|59||16.7|1.7|4.2|0.413|1.4|2.2|0.614|5.6|0.6|3.1|4.8|hooveto01
butchdo01|10|Donnie Butcher|27|26||16.1|1.4|4.4|0.322|1.6|2.5|0.636|2.6|2.5|2.0|4.5|butchdo01
nordmbe01|11|Bevo Nordmann|24|7||15.1|1.9|3.6|0.52|1.1|2.0|0.5710000000000001|3.6|0.1|2.6|4.9|nordmbe01
hoguedu01|12|Paul Hogue|23|6||14.8|1.5|2.7|0.563|0.2|0.8|0.2|2.5|0.8|2.5|3.2|hoguedu01
buddda01|13|Dave Budd|25|73||14.1|1.8|4.1|0.431|1.2|1.6|0.73|3.8|0.8|1.8|4.7|buddda01
rudomjo01|14|John Rudometkin|23|52||13.4|3.0|6.3|0.47200000000000003|1.7|2.2|0.75|3.2|0.5|1.7|7.6|rudomjo01
gueriri01|15|Richie Guerin|31|2||13.0|5.5|8.0|0.688|2.0|2.5|0.8|1.5|2.0|2.5|13.0|gueriri01
duffybo02|16|Bob Duffy|23|4||12.5|1.3|4.8|0.263|1.5|2.0|0.75|1.5|1.3|0.0|4.0|duffybo02
conlege01|17|Gene Conley|33|46||12.0|1.6|4.1|0.392|1.0|1.4|0.677|3.4|0.5|2.7|4.2|conlege01
harknje01|18|Jerry Harkness|23|5||11.8|2.6|6.0|0.433|0.6|1.6|0.375|1.2|1.2|0.8|5.8|harknje01
