|Season|Age|Tm|Lg|Pos|G|MP|FG%|Dist.|% of 2PA|% of 0-3|% of 3-10|% of 10-16|% of 16-3pt|% of 3P|2P %FG|0-3 %FG|3-10 %FG|10-16 %FG|16-3pt%FG|3P %FG|2P % Assisted|% of Dunks|Dunks Made|3P % Assisted|% of 3PA from Corner|Corner 3 %FG |Heaves Attempted|Heaves Made
0|2006-07|21.0|UTA|NBA|PF|82.0|1472.0|0.525|4.0|0.992|0.6659999999999999|0.161|0.068|0.098|0.008|0.527|0.611|0.313|0.37|0.41|0.33299999999999996|0.601|0.10099999999999999|38.0|1.0|0.0||0.0|0.0
1|2007-08|22.0|UTA|NBA|PF|82.0|1702.0|0.504|5.4|0.992|0.5720000000000001|0.195|0.07400000000000001|0.151|0.008|0.508|0.589|0.418|0.35100000000000003|0.395|0.0|0.621|0.064|26.0||0.0||1.0|0.0
2|2008-09|23.0|UTA|NBA|PF|76.0|2290.0|0.534|5.0|0.995|0.619|0.135|0.10099999999999999|0.139|0.005|0.537|0.636|0.366|0.368|0.385|0.0|0.648|0.11900000000000001|79.0||0.0||1.0|0.0
3|2009-10|24.0|UTA|NBA|PF|82.0|2277.0|0.5379999999999999|7.1|0.987|0.494|0.131|0.159|0.203|0.013000000000000001|0.5429999999999999|0.6609999999999999|0.39399999999999996|0.395|0.469|0.111|0.721|0.067|42.0|0.0|0.111|0.0|0.0|0.0
4|2010-11|25.0|UTA|NBA|PF|76.0|2605.0|0.531|9.6|0.977|0.34700000000000003|0.188|0.166|0.275|0.023|0.535|0.6970000000000001|0.392|0.48200000000000004|0.46|0.391|0.6779999999999999|0.043|35.0|1.0|0.087|0.5|2.0|0.0
5|2011-12|26.0|UTA|NBA|PF|64.0|2100.0|0.495|8.9|0.9640000000000001|0.33399999999999996|0.257|0.156|0.217|0.036000000000000004|0.505|0.726|0.457|0.239|0.41200000000000003|0.226|0.5579999999999999|0.075|57.0|0.857|0.258|0.375|0.0|0.0
6|2012-13|27.0|UTA|NBA|PF|78.0|2375.0|0.49|8.9|0.955|0.353|0.253|0.147|0.20199999999999999|0.045|0.498|0.6829999999999999|0.38|0.35700000000000004|0.424|0.33299999999999996|0.608|0.054000000000000006|41.0|0.9229999999999999|0.256|0.6|1.0|0.0
7|2013-14|28.0|ATL|NBA|PF|74.0|2482.0|0.461|10.4|0.7979999999999999|0.345|0.239|0.10400000000000001|0.11|0.20199999999999999|0.48700000000000004|0.62|0.428|0.385|0.29600000000000004|0.358|0.6409999999999999|0.04|34.0|0.9740000000000001|0.193|0.366|2.0|1.0
8|2014-15|29.0|ATL|NBA|PF|73.0|2390.0|0.47600000000000003|10.3|0.768|0.375|0.21600000000000003|0.086|0.09|0.23199999999999998|0.513|0.639|0.428|0.275|0.41700000000000004|0.35600000000000004|0.59|0.057|44.0|0.948|0.24100000000000002|0.442|0.0|0.0
9|2015-16|30.0|ATL|NBA|PF|81.0|2647.0|0.47|9.9|0.782|0.363|0.205|0.131|0.084|0.218|0.512|0.63|0.385|0.46399999999999997|0.37799999999999995|0.319|0.644|0.046|40.0|0.973|0.18100000000000002|0.19|1.0|0.0
10|2016-17|31.0|ATL|NBA|PF|69.0|2343.0|0.442|12.2|0.752|0.254|0.21600000000000003|0.184|0.098|0.248|0.486|0.611|0.395|0.475|0.379|0.311|0.5579999999999999|0.017|15.0|0.9470000000000001|0.166|0.45|1.0|0.0
11|2017-18|32.0|DEN|NBA|PF|38.0|1143.0|0.46399999999999997|11.3|0.74|0.2|0.326|0.168|0.048|0.26|0.506|0.644|0.486|0.452|0.23800000000000002|0.345|0.491|0.039|16.0|0.9490000000000001|0.177|0.5|1.0|0.0
12|2018-19|33.0|DEN|NBA|PF|70.0|1895.0|0.484|10.0|0.7609999999999999|0.34|0.295|0.111|0.015|0.239|0.522|0.6679999999999999|0.408|0.419|0.2|0.365|0.564|0.07200000000000001|43.0|1.0|0.20800000000000002|0.424|1.0|1.0
