|Season|Age|Tm|Lg|Pos|G|MP|PG%|SG%|SF%|PF%|C%|OnCourt|On-Off|BadPass|LostBall|Shoot|Off.|Shoot.1|Off..1|PGA|And1|Blkd
0|2003-04|23.0|MEM|NBA|SG|20.0|154.0|7|83|11|0|0|-9.7|-13.0|3.0|2.0|6.0|5.0|6.0|0.0|25.0|1.0|5.0
1|2004-05|24.0|MEM|NBA|SG|52.0|649.0|1|71|27|1|0|1.2|-2.1|9.0|6.0|34.0|7.0|30.0|0.0|47.0|5.0|12.0
2|2005-06|25.0|MEM|NBA|SF|71.0|967.0|0|13|82|5|0|-6.7|-14.8|17.0|14.0|40.0|11.0|44.0|17.0|92.0|8.0|22.0
3|2006-07|26.0|MEM|NBA|SG|78.0|1671.0|2|67|31|1|0|-3.6|3.4|29.0|24.0|87.0|14.0|86.0|20.0|152.0|24.0|37.0
4|2007-08|27.0|SAC|NBA|SG|25.0|206.0|6|77|16|1|0|0.0|2.5|1.0|2.0|7.0|4.0|22.0|6.0|26.0|4.0|3.0
5|2008-09|28.0|DEN|NBA|SG|79.0|1426.0|0|72|27|1|0|-1.6|-8.1|25.0|18.0|58.0|12.0|77.0|21.0|175.0|17.0|40.0
6|2009-10|29.0|IND|NBA|SF|76.0|1892.0|0|31|61|8|0|-5.7|-4.9|53.0|36.0|98.0|26.0|119.0|23.0|357.0|27.0|46.0
7|2010-11|30.0|IND|NBA|SG|45.0|589.0|0|63|37|0|0|-1.3|0.1|8.0|8.0|21.0|4.0|40.0|5.0|71.0|9.0|13.0
8|2011-12|31.0|IND|NBA|SF|65.0|1052.0|0|5|95|0|0|-3.8|-10.5|20.0|6.0|49.0|9.0|41.0|10.0|141.0|7.0|25.0
10|2012-13|32.0|DAL|NBA|SF|50.0|635.0|0|13|82|5|0|-0.5|0.3|6.0|6.0|21.0|10.0|34.0|11.0|62.0|4.0|12.0
11|2012-13|32.0|ATL|NBA|SF|28.0|381.0|0|51|49|0|0|-4.5|-5.5|4.0|5.0|21.0|4.0|15.0|4.0|43.0|6.0|5.0
12|2014-15|34.0|LAC|NBA|SF|33.0|123.0|0|16|79|5|0|-20.6|-28.8|0.0|1.0|10.0|0.0|4.0|2.0|5.0|0.0|1.0
13|2015-16|35.0|CLE|NBA|SF|1.0|42.0|14|86|0|0|0|-1.3|-7.9|0.0|0.0|4.0|0.0|0.0|1.0|5.0|0.0|2.0
14|2016-17|36.0|CLE|NBA|SF|1.0|12.0|100|0|0|0|0|10.0|6.7|1.0|0.0|0.0|0.0|2.0|0.0|3.0|2.0|1.0
