|Season|Age|Tm|Lg|Pos|G|MP|FG%|Dist.|% of 2PA|% of 0-3|% of 3-10|% of 10-16|% of 16-3pt|% of 3P|2P %FG|0-3 %FG|3-10 %FG|10-16 %FG|16-3pt%FG|3P %FG|2P % Assisted|% of Dunks|Dunks Made|3P % Assisted|% of 3PA from Corner|Corner 3 %FG |Heaves Attempted|Heaves Made
0|2007-08|21.0|PHI|NBA|PF|76.0|1107.0|0.455|9.5|0.955|0.361|0.132|0.19699999999999998|0.265|0.045|0.46299999999999997|0.643|0.22|0.44299999999999995|0.354|0.28600000000000003|0.7809999999999999|0.11599999999999999|34.0|1.0|0.35700000000000004|0.2|0.0|0.0
1|2009-10|23.0|PHI|NBA|PF|56.0|658.0|0.431|10.8|0.833|0.35100000000000003|0.109|0.17800000000000002|0.195|0.16699999999999998|0.44799999999999995|0.623|0.316|0.32299999999999995|0.324|0.345|0.615|0.052000000000000005|9.0|1.0|0.483|0.35700000000000004|0.0|0.0
2|2010-11|24.0|NOH|NBA|C|77.0|1102.0|0.44299999999999995|14.1|0.993|0.18899999999999997|0.059000000000000004|0.124|0.622|0.006999999999999999|0.446|0.621|0.33299999999999996|0.395|0.414|0.0|0.831|0.049|14.0||0.0||0.0|0.0
3|2011-12|25.0|NOH|NBA|PF|40.0|947.0|0.52|12.8|0.9740000000000001|0.22699999999999998|0.106|0.155|0.486|0.026000000000000002|0.531|0.797|0.43200000000000005|0.40700000000000003|0.467|0.111|0.8059999999999999|0.078|27.0|1.0|0.556|0.2|0.0|0.0
4|2012-13|26.0|NOH|NBA|C|51.0|876.0|0.49|12.3|0.988|0.243|0.1|0.17300000000000001|0.47200000000000003|0.012|0.496|0.602|0.353|0.424|0.49700000000000005|0.0|0.85|0.067|20.0||0.25|0.0|1.0|0.0
5|2013-14|27.0|NOP|NBA|PF|31.0|830.0|0.465|14.0|1.0|0.17|0.092|0.124|0.613|0.0|0.465|0.563|0.385|0.34299999999999997|0.474||0.847|0.018000000000000002|5.0||||0.0|0.0
6|2014-15|28.0|NYK|NBA|C|82.0|1785.0|0.434|13.9|0.929|0.145|0.132|0.20600000000000002|0.44299999999999995|0.071|0.44|0.488|0.359|0.475|0.435|0.35700000000000004|0.727|0.008|5.0|1.0|0.857|0.41700000000000004|0.0|0.0
7|2015-16|29.0|ORL|NBA|C|76.0|1181.0|0.485|15.0|0.968|0.13699999999999998|0.057999999999999996|0.121|0.652|0.032|0.493|0.58|0.379|0.574|0.47|0.25|0.888|0.008|4.0|1.0|0.43799999999999994|0.429|0.0|0.0
8|2016-17|30.0|WAS|NBA|C|74.0|1068.0|0.529|15.8|0.763|0.17300000000000001|0.076|0.09699999999999999|0.41600000000000004|0.237|0.546|0.667|0.4|0.531|0.526|0.474|0.8540000000000001|0.043|11.0|1.0|0.449|0.457|0.0|0.0
9|2017-18|31.0|WAS|NBA|C|33.0|285.0|0.391|14.6|0.722|0.209|0.096|0.13|0.287|0.278|0.494|0.708|0.182|0.4|0.485|0.125|0.8540000000000001|0.043|5.0|1.0|0.344|0.0|0.0|0.0
11|2018-19|32.0|WAS|NBA|C|12.0|130.0|0.405|12.6|0.73|0.37799999999999995|0.054000000000000006|0.10800000000000001|0.18899999999999997|0.27|0.40700000000000003|0.5710000000000001|0.0|0.25|0.28600000000000003|0.4|0.909|0.081|3.0|1.0|0.3|0.0|0.0|0.0
12|2018-19|32.0|MIL|NBA|PF|6.0|40.0|0.308|18.7|0.308|0.231|0.0|0.077|0.0|0.6920000000000001|0.25|0.33299999999999996||0.0||0.33299999999999996|1.0|0.0|0.0|1.0|0.111|1.0|0.0|0.0
13|2018-19|32.0|NOP|NBA|C|2.0|20.0|0.222|19.9|0.222|0.222|0.0|0.0|0.0|0.778|0.0|0.0||||0.28600000000000003||0.0|0.0|1.0|0.14300000000000002|1.0|0.0|0.0
