|Season|Age|Tm|Lg|Pos|G|MP|FG%|Dist.|% of 2PA|% of 0-3|% of 3-10|% of 10-16|% of 16-3pt|% of 3P|2P %FG|0-3 %FG|3-10 %FG|10-16 %FG|16-3pt%FG|3P %FG|2P % Assisted|% of Dunks|Dunks Made|3P % Assisted|% of 3PA from Corner|Corner 3 %FG |Heaves Attempted|Heaves Made
0|2002-03|22.0|DET|NBA|SF|42.0|435.0|0.449|15.3|0.602|0.212|0.136|0.102|0.153|0.39799999999999996|0.465|0.64|0.43799999999999994|0.33299999999999996|0.33299999999999996|0.426|0.545|0.034|4.0|0.95|0.27699999999999997|0.385|0.0|0.0
1|2003-04|23.0|DET|NBA|SF|82.0|2701.0|0.467|11.6|0.7829999999999999|0.311|0.163|0.12|0.188|0.217|0.496|0.631|0.381|0.414|0.426|0.363|0.58|0.068|48.0|0.982|0.382|0.483|0.0|0.0
2|2004-05|24.0|DET|NBA|SF|82.0|3039.0|0.48700000000000004|10.6|0.857|0.33899999999999997|0.16|0.126|0.233|0.14300000000000002|0.512|0.653|0.461|0.413|0.39299999999999996|0.341|0.585|0.081|73.0|0.9790000000000001|0.536|0.365|0.0|0.0
3|2005-06|25.0|DET|NBA|SF|82.0|2898.0|0.455|12.3|0.8170000000000001|0.281|0.131|0.134|0.27|0.183|0.479|0.662|0.42|0.35100000000000003|0.381|0.35|0.634|0.084|78.0|0.953|0.536|0.37799999999999995|1.0|0.0
4|2006-07|26.0|DET|NBA|SF|82.0|3001.0|0.46|11.7|0.789|0.299|0.177|0.131|0.183|0.21100000000000002|0.48|0.611|0.42|0.344|0.423|0.386|0.561|0.069|66.0|0.938|0.524|0.445|1.0|0.0
5|2007-08|27.0|DET|NBA|SF|82.0|2694.0|0.44799999999999995|12.3|0.845|0.289|0.126|0.126|0.304|0.155|0.46299999999999997|0.629|0.364|0.322|0.406|0.363|0.535|0.062|55.0|0.9620000000000001|0.43200000000000005|0.413|1.0|0.0
6|2008-09|28.0|DET|NBA|SF|82.0|3057.0|0.45|12.4|0.862|0.228|0.179|0.156|0.298|0.138|0.45799999999999996|0.618|0.44299999999999995|0.365|0.395|0.397|0.45899999999999996|0.051|47.0|0.9640000000000001|0.674|0.45299999999999996|0.0|0.0
7|2009-10|29.0|DET|NBA|SF|49.0|1664.0|0.486|12.5|0.8740000000000001|0.233|0.16699999999999998|0.14800000000000002|0.326|0.126|0.503|0.6890000000000001|0.433|0.419|0.444|0.37|0.494|0.057|31.0|1.0|0.603|0.386|0.0|0.0
8|2010-11|30.0|DET|NBA|SF|78.0|2562.0|0.473|12.2|0.902|0.204|0.187|0.20199999999999999|0.31|0.098|0.486|0.794|0.433|0.371|0.39|0.34700000000000003|0.485|0.055999999999999994|54.0|0.971|0.765|0.387|0.0|0.0
9|2011-12|31.0|DET|NBA|SF|63.0|2087.0|0.42100000000000004|13.1|0.87|0.19899999999999998|0.16899999999999998|0.168|0.33299999999999996|0.13|0.431|0.648|0.29600000000000004|0.433|0.368|0.35600000000000004|0.505|0.03|18.0|1.0|0.615|0.359|1.0|0.0
11|2012-13|32.0|DET|NBA|SF|45.0|1457.0|0.444|11.9|0.89|0.23600000000000002|0.2|0.147|0.308|0.11|0.445|0.561|0.423|0.366|0.409|0.434|0.547|0.045|20.0|1.0|0.47200000000000003|0.52|0.0|0.0
12|2012-13|32.0|MEM|NBA|SF|37.0|1174.0|0.429|13.2|0.878|0.17300000000000001|0.23199999999999998|0.146|0.327|0.122|0.43700000000000006|0.741|0.41|0.306|0.355|0.366|0.5660000000000001|0.048|13.0|1.0|0.585|0.41700000000000004|0.0|0.0
13|2013-14|33.0|MEM|NBA|SF|76.0|1948.0|0.40700000000000003|13.8|0.86|0.185|0.177|0.11800000000000001|0.38|0.14|0.426|0.758|0.345|0.32799999999999996|0.332|0.29|0.667|0.049|23.0|1.0|0.768|0.34|0.0|0.0
15|2014-15|34.0|MEM|NBA|SF|26.0|628.0|0.41|13.8|0.82|0.175|0.175|0.158|0.311|0.18|0.4|0.469|0.43799999999999994|0.31|0.386|0.455|0.5670000000000001|0.033|5.0|0.9329999999999999|0.727|0.5|0.0|0.0
16|2014-15|34.0|BOS|NBA|SF|9.0|198.0|0.5589999999999999|13.9|0.8640000000000001|0.16899999999999998|0.153|0.237|0.305|0.136|0.5489999999999999|0.9|0.444|0.35700000000000004|0.556|0.625|0.429|0.017|1.0|1.0|0.5|0.75|0.0|0.0
17|2014-15|34.0|DET|NBA|SF|23.0|571.0|0.431|14.5|0.838|0.16899999999999998|0.131|0.125|0.413|0.163|0.433|0.63|0.14300000000000002|0.45|0.439|0.423|0.7070000000000001|0.031|4.0|1.0|0.731|0.474|0.0|0.0
18|2015-16|35.0|MIN|NBA|SF|77.0|1462.0|0.445|14.4|0.9|0.127|0.14|0.127|0.507|0.1|0.47600000000000003|0.759|0.375|0.483|0.431|0.174|0.745|0.022000000000000002|5.0|1.0|0.9570000000000001|0.182|0.0|0.0
