|Season|Age|Tm|Lg|Pos|G|MP|FG%|Dist.|% of 2PA|% of 0-3|% of 3-10|% of 10-16|% of 16-3pt|% of 3P|2P %FG|0-3 %FG|3-10 %FG|10-16 %FG|16-3pt%FG|3P %FG|2P % Assisted|% of Dunks|Dunks Made|3P % Assisted|% of 3PA from Corner|Corner 3 %FG |Heaves Attempted|Heaves Made
0|2008-09|20.0|MIA|NBA|PF|81.0|2009.0|0.47200000000000003|11.4|0.915|0.284|0.165|0.135|0.331|0.085|0.478|0.555|0.462|0.40299999999999997|0.451|0.40700000000000003|0.551|0.04|32.0|0.909|0.29600000000000004|0.45799999999999996|0.0|0.0
1|2009-10|21.0|MIA|NBA|PF|78.0|2328.0|0.45|11.6|0.902|0.285|0.14400000000000002|0.154|0.319|0.098|0.469|0.652|0.42|0.306|0.40700000000000003|0.275|0.514|0.07200000000000001|69.0|1.0|0.402|0.317|1.0|0.0
2|2010-11|22.0|MIN|NBA|SF|73.0|2361.0|0.45|12.6|0.868|0.193|0.23|0.17600000000000002|0.27|0.132|0.46299999999999997|0.6579999999999999|0.413|0.397|0.409|0.366|0.425|0.03|33.0|0.6829999999999999|0.14|0.348|0.0|0.0
3|2011-12|23.0|MIN|NBA|SF|47.0|1087.0|0.445|13.2|0.797|0.19899999999999998|0.193|0.19899999999999998|0.205|0.203|0.462|0.626|0.406|0.374|0.441|0.376|0.42100000000000004|0.02|9.0|0.763|0.337|0.441|2.0|0.0
4|2012-13|24.0|PHO|NBA|SF|75.0|1554.0|0.405|13.5|0.812|0.20600000000000002|0.209|0.11599999999999999|0.281|0.188|0.426|0.633|0.306|0.461|0.349|0.313|0.434|0.027000000000000003|19.0|0.8440000000000001|0.264|0.42100000000000004|1.0|0.0
5|2013-14|25.0|MIA|NBA|SF|55.0|831.0|0.499|11.3|0.848|0.307|0.20600000000000002|0.132|0.203|0.152|0.518|0.67|0.521|0.38299999999999995|0.375|0.389|0.551|0.062|19.0|1.0|0.35200000000000004|0.474|0.0|0.0
6|2014-15|26.0|MIA|NBA|PF|24.0|505.0|0.434|12.6|0.84|0.20800000000000002|0.184|0.226|0.222|0.16|0.47200000000000003|0.614|0.513|0.45799999999999996|0.319|0.235|0.35700000000000004|0.033|7.0|1.0|0.294|0.5|0.0|0.0
7|2015-16|27.0|HOU|NBA|PF|20.0|363.0|0.522|8.9|0.956|0.361|0.205|0.161|0.22899999999999998|0.044000000000000004|0.531|0.649|0.47600000000000003|0.455|0.447|0.33299999999999996|0.5670000000000001|0.049|10.0|1.0|0.667|0.33299999999999996|0.0|0.0
8|2016-17|28.0|MIL|NBA|PF|56.0|935.0|0.532|10.2|0.894|0.303|0.24600000000000002|0.16699999999999998|0.175|0.106|0.545|0.6990000000000001|0.49|0.456|0.451|0.419|0.545|0.034|13.0|1.0|0.488|0.33299999999999996|0.0|0.0
9|2017-18|29.0|NYK|NBA|PF|74.0|1653.0|0.507|9.0|0.893|0.32799999999999996|0.268|0.171|0.124|0.107|0.52|0.675|0.46299999999999997|0.428|0.37|0.395|0.467|0.052000000000000005|37.0|0.912|0.267|0.304|1.0|0.0
10|2018-19|30.0|LAL|NBA|PF|26.0|277.0|0.49|7.6|0.889|0.366|0.353|0.11800000000000001|0.052000000000000005|0.111|0.529|0.7140000000000001|0.426|0.33299999999999996|0.375|0.17600000000000002|0.47200000000000003|0.046|7.0|1.0|0.47100000000000003|0.25|0.0|0.0
