|Season|Age|Tm|Lg|Pos|G|MP|FG%|Dist.|% of 2PA|% of 0-3|% of 3-10|% of 10-16|% of 16-3pt|% of 3P|2P %FG|0-3 %FG|3-10 %FG|10-16 %FG|16-3pt%FG|3P %FG|2P % Assisted|% of Dunks|Dunks Made|3P % Assisted|% of 3PA from Corner|Corner 3 %FG |Heaves Attempted|Heaves Made
0|2004-05|19.0|POR|NBA|PG|68.0|1330.0|0.39299999999999996|12.8|0.84|0.281|0.11199999999999999|0.114|0.33299999999999996|0.16|0.42100000000000004|0.537|0.271|0.28600000000000003|0.42|0.24600000000000002|0.349|0.0|0.0|0.765|0.275|0.368|2.0|0.0
1|2005-06|20.0|POR|NBA|PG|68.0|1641.0|0.39399999999999996|13.4|0.72|0.33|0.062|0.08|0.247|0.28|0.41100000000000003|0.545|0.222|0.326|0.308|0.35200000000000004|0.17|0.0|0.0|0.7190000000000001|0.21600000000000003|0.457|3.0|0.0
2|2006-07|21.0|BOS|NBA|PG|78.0|1578.0|0.371|13.7|0.73|0.302|0.076|0.124|0.228|0.27|0.402|0.517|0.25|0.33899999999999997|0.33299999999999996|0.289|0.266|0.0|0.0|0.946|0.38299999999999995|0.327|2.0|0.0
3|2007-08|22.0|MIN|NBA|PG|60.0|1933.0|0.401|13.3|0.795|0.264|0.11699999999999999|0.11699999999999999|0.297|0.205|0.43200000000000005|0.483|0.27699999999999997|0.446|0.442|0.281|0.23600000000000002|0.0|0.0|0.938|0.24600000000000002|0.28600000000000003|3.0|0.0
4|2008-09|23.0|MIN|NBA|PG|75.0|2095.0|0.38299999999999995|14.9|0.6970000000000001|0.23399999999999999|0.08199999999999999|0.121|0.261|0.303|0.39899999999999997|0.436|0.368|0.429|0.363|0.34600000000000003|0.134|0.0|0.0|0.7809999999999999|0.284|0.483|1.0|0.0
6|2009-10|24.0|LAC|NBA|PG|39.0|582.0|0.40399999999999997|15.3|0.7170000000000001|0.247|0.03|0.145|0.295|0.28300000000000003|0.47100000000000003|0.537|0.4|0.41700000000000004|0.449|0.23399999999999999|0.33899999999999997|0.0|0.0|0.909|0.255|0.5|1.0|0.0
7|2009-10|24.0|CLE|NBA|PG|4.0|77.0|0.457|15.9|0.743|0.257|0.028999999999999998|0.086|0.371|0.257|0.5379999999999999|0.444|1.0|0.33299999999999996|0.615|0.222|0.35700000000000004|0.0|0.0|1.0|0.33299999999999996|0.33299999999999996|0.0|0.0
8|2010-11|25.0|MIN|NBA|PG|37.0|711.0|0.402|15.7|0.6759999999999999|0.187|0.13699999999999998|0.1|0.253|0.324|0.423|0.556|0.303|0.375|0.41|0.359|0.174|0.0|0.0|0.536|0.218|0.588|2.0|0.0
9|2011-12|26.0|PHO|NBA|PG|60.0|895.0|0.41200000000000003|16.7|0.693|0.175|0.085|0.07|0.363|0.307|0.456|0.517|0.207|0.45799999999999996|0.484|0.314|0.185|0.0|0.0|0.364|0.21|0.318|1.0|0.0
11|2012-13|27.0|PHO|NBA|PG|46.0|795.0|0.381|17.3|0.5429999999999999|0.18600000000000003|0.069|0.045|0.243|0.457|0.381|0.522|0.11800000000000001|0.182|0.38299999999999995|0.381|0.17600000000000002|0.0|0.0|0.5579999999999999|0.248|0.46399999999999997|1.0|0.0
12|2012-13|27.0|TOR|NBA|PG|13.0|185.0|0.29|20.7|0.40299999999999997|0.081|0.065|0.048|0.21|0.597|0.32|0.2|0.25|0.667|0.308|0.27|0.0|0.0|0.0|0.6|0.054000000000000006|0.5|1.0|0.0
13|2014-15|29.0|OKC|NBA|PG|16.0|327.0|0.368|15.8|0.52|0.2|0.168|0.024|0.128|0.48|0.431|0.4|0.429|0.667|0.43799999999999994|0.3|0.14300000000000002|0.0|0.0|0.444|0.2|0.33299999999999996|0.0|0.0
