|Season|Age|Tm|Lg|Pos|G|MP|PER|TS%|3PAr|FTr|ORB%|DRB%|TRB%|AST%|STL%|BLK%|TOV%|USG%|OWS|DWS|WS|WS/48|OBPM|DBPM|BPM|VORP
0|1984-85|22.0|IND|NBA|PG|80.0|2486.0|12.8|0.526|0.004|0.368|6.2|7.5|6.9|14.0|1.8|0.2|15.5|20.1|1.3|2.0|3.3|0.063|-0.5|-0.2|-0.8|0.8
1|1985-86|23.0|IND|NBA|PG|80.0|2870.0|15.3|0.5579999999999999|0.006999999999999999|0.41|3.9|10.7|7.3|24.5|2.2|0.1|17.0|17.5|3.6|3.2|6.9|0.115|1.0|1.0|2.0|2.9
2|1986-87|24.0|IND|NBA|PG|82.0|2549.0|15.8|0.57|0.013999999999999999|0.415|4.6|9.8|7.2|25.7|2.1|0.4|16.3|16.8|4.0|2.9|7.0|0.131|1.2|0.7|1.9|2.5
3|1987-88|25.0|IND|NBA|PG|80.0|2733.0|17.5|0.573|0.015|0.335|4.3|10.3|7.3|29.3|2.1|0.2|15.3|17.7|5.6|2.8|8.4|0.14800000000000002|2.4|0.6|3.0|3.5
4|1988-89|26.0|IND|NBA|PG|76.0|2552.0|15.8|0.5720000000000001|0.027999999999999997|0.373|3.9|9.2|6.7|28.1|1.5|0.3|16.8|18.7|4.6|1.1|5.6|0.106|1.7|-0.8|0.8|1.8
5|1989-90|27.0|IND|NBA|PG|82.0|2876.0|16.3|0.561|0.037000000000000005|0.32|5.0|7.9|6.5|30.8|1.6|0.2|16.4|18.9|5.6|1.2|6.7|0.11199999999999999|2.0|-1.3|0.7|2.0
6|1990-91|28.0|IND|NBA|PG|69.0|1929.0|17.2|0.5710000000000001|0.027000000000000003|0.32899999999999996|5.1|7.5|6.4|27.9|1.9|0.4|15.1|19.7|3.8|0.6|4.4|0.109|2.2|-1.7|0.5|1.2
7|1991-92|29.0|IND|NBA|PG|82.0|1737.0|12.7|0.527|0.044000000000000004|0.293|4.7|8.5|6.7|21.7|1.6|0.2|16.9|20.0|1.1|0.9|2.0|0.055|-1.2|-1.6|-2.8|-0.3
8|1992-93|30.0|IND|NBA|PG|75.0|1503.0|15.7|0.5539999999999999|0.065|0.35600000000000004|4.6|7.6|6.2|22.3|2.1|0.4|15.9|21.5|1.9|0.9|2.9|0.091|0.8|-1.4|-0.7|0.5
9|1993-94|31.0|IND|NBA|PG|55.0|1053.0|11.8|0.502|0.013000000000000001|0.27399999999999997|3.1|10.2|6.8|24.8|2.0|0.4|19.6|18.5|0.3|1.1|1.4|0.064|-1.9|-0.3|-2.2|-0.1
10|1994-95|32.0|IND|NBA|PG|55.0|686.0|14.6|0.551|0.037000000000000005|0.479|3.6|11.7|7.8|25.7|2.1|0.1|15.9|18.1|1.0|0.9|1.9|0.132|-0.3|-0.2|-0.4|0.3
11|1995-96|33.0|NJN|NBA|PG|77.0|1747.0|11.3|0.49|0.053|0.33799999999999997|3.0|7.8|5.4|24.6|1.2|0.2|16.9|18.1|0.5|1.1|1.6|0.044000000000000004|-2.1|-1.5|-3.6|-0.7
