|Rk|Team|G|W|L|W/L%|PW|PL|ORtg|DRtg|Pace|FTr|3PAr|eFG%|TOV%|ORB%|FT/FGA|Opp eFG%|Opp TOV%|DRB%|Opp FT/FGA
0|1.0|San Antonio Spurs|24.0|16.0|8.0|0.667|16.7|7.3|103.7|97.7|91.0|0.39899999999999997|0.198|0.47600000000000003|14.4|28.6|0.284|0.439|14.0|73.4|0.21600000000000003
1|2.0|New Jersey Nets|20.0|14.0|6.0|0.7|12.5|7.5|102.6|98.9|89.9|0.336|0.165|0.45299999999999996|14.1|30.9|0.256|0.46399999999999997|14.8|76.7|0.252
2|3.0|Dallas Mavericks|20.0|10.0|10.0|0.5|9.6|10.4|110.5|111.1|93.2|0.245|0.26899999999999996|0.503|11.6|25.0|0.203|0.494|12.5|70.4|0.28600000000000003
3|4.0|Detroit Pistons|17.0|8.0|9.0|0.47100000000000003|9.1|7.9|102.7|101.7|86.5|0.41600000000000004|0.258|0.455|13.3|25.5|0.308|0.45899999999999996|14.8|70.6|0.253
4|5.0|Sacramento Kings|12.0|7.0|5.0|0.583|6.9|5.1|112.0|109.6|94.7|0.341|0.215|0.499|12.0|29.3|0.265|0.495|12.7|70.7|0.21600000000000003
5|6.0|Philadelphia 76ers|12.0|6.0|6.0|0.5|6.4|5.6|105.8|104.8|85.6|0.345|0.141|0.46799999999999997|14.5|31.3|0.27699999999999997|0.473|13.8|72.3|0.268
6|7.0|Los Angeles Lakers|12.0|6.0|6.0|0.5|6.1|5.9|107.1|106.9|92.8|0.313|0.24|0.491|12.7|27.9|0.222|0.5|13.1|76.2|0.251
7|8.0|Boston Celtics|10.0|4.0|6.0|0.4|4.8|5.2|101.4|102.1|90.4|0.303|0.307|0.47700000000000004|14.2|20.8|0.243|0.449|14.0|73.0|0.311
8|9.0|Portland Trail Blazers|7.0|3.0|4.0|0.429|3.7|3.3|115.2|114.1|87.9|0.373|0.215|0.501|13.0|36.3|0.28|0.507|11.1|72.7|0.228
9|10.0|Orlando Magic|7.0|3.0|4.0|0.429|1.7|5.3|99.5|107.8|88.0|0.35700000000000004|0.223|0.45899999999999996|15.3|24.7|0.27899999999999997|0.462|13.0|69.2|0.32799999999999996
10|11.0|Phoenix Suns|6.0|2.0|4.0|0.33299999999999996|1.8|4.2|91.5|97.3|91.4|0.265|0.187|0.414|14.8|27.8|0.18899999999999997|0.43799999999999994|16.8|67.4|0.302
11|12.0|New Orleans Hornets|6.0|2.0|4.0|0.33299999999999996|2.6|3.4|106.4|108.3|87.2|0.32799999999999996|0.222|0.479|14.2|31.5|0.244|0.47100000000000003|14.0|68.5|0.306
12|13.0|Minnesota Timberwolves|6.0|2.0|4.0|0.33299999999999996|1.8|4.2|104.2|110.8|94.8|0.319|0.17300000000000001|0.49200000000000005|14.6|22.6|0.257|0.498|10.7|70.9|0.21100000000000002
13|14.0|Milwaukee Bucks|6.0|2.0|4.0|0.33299999999999996|2.1|3.9|105.8|110.5|90.9|0.312|0.214|0.499|12.9|21.0|0.233|0.494|14.7|65.3|0.306
14|15.0|Indiana Pacers|6.0|2.0|4.0|0.33299999999999996|1.8|4.2|100.9|107.1|88.8|0.418|0.22699999999999998|0.42200000000000004|13.3|29.4|0.33|0.49200000000000005|12.3|79.2|0.251
15|16.0|Utah Jazz|5.0|1.0|4.0|0.2|0.9|4.1|104.2|116.1|89.2|0.386|0.087|0.446|15.3|35.4|0.303|0.516|12.9|65.3|0.272
