|Season|Age|Tm|Lg|Pos|G|MP|PER|TS%|3PAr|FTr|ORB%|DRB%|TRB%|AST%|STL%|BLK%|TOV%|USG%|OWS|DWS|WS|WS/48|OBPM|DBPM|BPM|VORP
0|1988-89|22.0|MIA|NBA|PF|82.0|2435.0|13.7|0.561|0.006999999999999999|0.5870000000000001|10.7|14.7|12.6|9.1|2.4|1.2|18.8|17.9|2.0|2.7|4.6|0.091|-0.4|1.3|0.9|1.8
1|1989-90|23.0|MIA|NBA|PF|81.0|1856.0|11.6|0.5379999999999999|0.006|0.45299999999999996|8.9|15.2|12.0|7.2|2.3|1.2|17.9|16.9|0.6|2.1|2.7|0.07|-2.2|1.3|-0.9|0.5
2|1990-91|24.0|MIA|NBA|PF|80.0|2514.0|12.2|0.5539999999999999|0.011000000000000001|0.41|9.8|15.5|12.6|9.7|2.3|1.0|19.1|13.3|2.0|3.0|5.0|0.095|-0.7|2.5|1.8|2.4
3|1991-92|25.0|MIA|NBA|PF|82.0|3063.0|15.8|0.568|0.025|0.45399999999999996|9.3|16.0|12.6|10.8|2.2|0.8|14.8|17.1|4.9|2.8|7.7|0.12|1.3|1.4|2.7|3.6
4|1992-93|26.0|MIA|NBA|PF|76.0|2728.0|14.7|0.532|0.031|0.40299999999999997|8.1|15.9|11.9|10.5|1.9|0.8|11.8|18.0|3.6|2.9|6.5|0.115|0.5|1.3|1.7|2.5
5|1993-94|27.0|MIA|NBA|PF|69.0|2201.0|13.9|0.507|0.009000000000000001|0.354|9.8|15.8|12.8|11.5|2.1|0.8|13.9|17.7|2.6|2.5|5.1|0.111|0.1|1.2|1.3|1.8
7|1994-95|28.0|MIA|NBA|PF|2.0|62.0|6.5|0.488|0.0|0.833|1.9|19.3|10.4|9.0|1.7|0.0|19.6|14.5|0.0|0.1|0.0|0.015|-5.5|-0.2|-5.7|-0.1
8|1994-95|28.0|ATL|NBA|PF|79.0|2579.0|14.6|0.5479999999999999|0.044000000000000004|0.447|8.4|18.8|13.4|7.9|2.2|1.0|15.2|17.5|2.4|4.2|6.5|0.122|-1.5|1.8|0.4|1.5
9|1995-96|29.0|ATL|NBA|PF|82.0|3008.0|16.2|0.546|0.10300000000000001|0.402|9.4|22.1|15.5|9.7|1.9|0.9|13.7|17.1|4.7|3.8|8.4|0.134|0.2|1.3|1.5|2.7
10|1996-97|30.0|DET|NBA|PF|65.0|1166.0|12.2|0.523|0.171|0.305|9.6|14.0|11.8|5.5|2.1|0.4|13.3|15.3|1.1|1.5|2.6|0.107|-1.2|0.2|-1.0|0.3
11|1997-98|31.0|DET|NBA|PF|40.0|739.0|10.0|0.496|0.034|0.48700000000000004|9.1|15.1|12.1|5.2|2.1|1.2|13.4|10.3|0.6|1.0|1.6|0.10400000000000001|-1.9|1.6|-0.3|0.3
12|1998-99|32.0|ATL|NBA|PF|50.0|1380.0|15.6|0.529|0.05|0.655|8.6|16.5|12.6|7.3|2.3|0.9|13.8|18.3|2.3|2.6|4.9|0.17|0.1|2.0|2.1|1.4
13|1999-00|33.0|VAN|NBA|PF|42.0|920.0|11.7|0.512|0.024|0.425|11.1|19.4|15.2|7.2|2.6|0.8|19.8|12.2|0.6|0.8|1.4|0.073|-1.6|1.0|-0.6|0.3
14|2000-01|34.0|VAN|NBA|PF|66.0|1507.0|11.4|0.51|0.047|0.49200000000000005|5.8|14.9|10.4|8.7|2.5|0.7|13.8|13.6|1.0|1.4|2.4|0.078|-2.1|1.4|-0.7|0.5
15|2001-02|35.0|MEM|NBA|PF|66.0|1868.0|7.7|0.475|0.044000000000000004|0.319|1.9|11.9|6.9|11.5|1.8|0.4|19.0|13.2|-1.0|1.2|0.2|0.004|-4.3|0.6|-3.7|-0.8
16|2002-03|36.0|BOS|NBA|PF|41.0|488.0|5.3|0.449|0.043|0.32899999999999996|5.4|14.1|9.6|8.2|1.0|0.2|19.2|9.4|0.0|0.5|0.4|0.040999999999999995|-5.7|0.2|-5.6|-0.4
