|Season|Age|Tm|Lg|Pos|G|GS|MP|FG|FGA|FG%|3P|3PA|3P%|2P|2PA|2P%|FT|FTA|FT%|ORB|DRB|TRB|AST|STL|BLK|TOV|PF|PTS
0|1988-89|22.0|MIA|NBA|PF|82.0|73.0|2435.0|5.0|10.2|0.486|0.0|0.1|0.0|5.0|10.2|0.489|4.5|6.0|0.7490000000000001|3.5|4.5|8.1|2.2|1.8|0.7|3.0|5.0|14.4
1|1989-90|23.0|MIA|NBA|PF|81.0|31.0|1856.0|5.0|10.3|0.483|0.0|0.1|0.0|5.0|10.3|0.486|3.3|4.7|0.7140000000000001|3.0|4.8|7.8|1.9|1.8|0.7|2.7|5.8|13.3
2|1990-91|24.0|MIA|NBA|PF|80.0|66.0|2514.0|4.0|8.0|0.49200000000000005|0.0|0.1|0.16699999999999998|3.9|7.9|0.495|2.6|3.3|0.787|3.2|4.9|8.1|2.5|1.7|0.6|2.2|4.2|10.5
3|1991-92|25.0|MIA|NBA|PF|82.0|82.0|3063.0|5.2|10.5|0.494|0.1|0.3|0.273|5.1|10.2|0.5|3.8|4.7|0.807|3.0|5.1|8.1|2.6|1.6|0.5|2.2|2.9|14.2
4|1992-93|26.0|MIA|NBA|PF|76.0|62.0|2728.0|5.2|11.2|0.469|0.1|0.3|0.231|5.2|10.8|0.47600000000000003|3.4|4.5|0.765|2.6|4.9|7.5|2.4|1.4|0.4|1.8|3.5|14.0
5|1993-94|27.0|MIA|NBA|PF|69.0|59.0|2201.0|4.9|11.0|0.446|0.0|0.1|0.16699999999999998|4.9|10.9|0.449|3.1|3.9|0.7859999999999999|3.1|5.0|8.1|2.8|1.5|0.4|2.0|4.0|12.9
7|1994-95|28.0|MIA|NBA|PF|2.0|2.0|62.0|2.9|7.0|0.41700000000000004|0.0|0.0||2.9|7.0|0.41700000000000004|3.5|5.8|0.6|0.6|5.8|6.4|2.3|1.2|0.0|2.3|6.4|9.3
8|1994-95|28.0|ATL|NBA|PF|79.0|77.0|2579.0|4.7|9.8|0.479|0.2|0.4|0.355|4.6|9.4|0.484|3.3|4.4|0.7559999999999999|2.7|5.7|8.3|1.8|1.5|0.5|2.1|3.2|12.9
9|1995-96|29.0|ATL|NBA|PF|82.0|82.0|3008.0|4.7|10.0|0.47100000000000003|0.4|1.0|0.36|4.4|9.0|0.484|3.1|4.0|0.763|3.0|6.5|9.4|2.2|1.3|0.4|1.9|2.8|12.9
10|1996-97|30.0|DET|NBA|PF|65.0|24.0|1166.0|3.8|8.5|0.447|0.5|1.5|0.36200000000000004|3.3|7.0|0.465|1.9|2.6|0.75|2.7|4.1|6.9|1.2|1.3|0.2|1.5|3.3|10.1
11|1997-98|31.0|DET|NBA|PF|40.0|17.0|739.0|2.4|5.7|0.42700000000000005|0.0|0.2|0.0|2.4|5.5|0.442|2.0|2.8|0.7190000000000001|2.8|4.5|7.3|1.2|1.4|0.6|1.1|4.4|6.9
12|1998-99|32.0|ATL|NBA|PF|50.0|13.0|1380.0|3.9|9.4|0.42100000000000004|0.1|0.5|0.16699999999999998|3.9|8.9|0.434|4.8|6.1|0.7829999999999999|2.6|5.1|7.7|1.4|1.5|0.4|1.9|3.7|12.8
13|1999-00|33.0|VAN|NBA|PF|42.0|1.0|920.0|2.9|6.5|0.44299999999999995|0.0|0.2|0.0|2.9|6.4|0.45399999999999996|2.2|2.8|0.775|3.4|5.8|9.2|1.7|1.8|0.4|1.9|4.2|7.9
14|2000-01|34.0|VAN|NBA|PF|66.0|27.0|1507.0|3.3|7.6|0.439|0.1|0.4|0.267|3.2|7.3|0.447|2.7|3.8|0.713|1.8|4.7|6.5|2.0|1.7|0.4|1.5|3.8|9.5
15|2001-02|35.0|MEM|NBA|PF|66.0|56.0|1868.0|3.2|7.4|0.426|0.1|0.3|0.17600000000000002|3.1|7.1|0.43799999999999994|1.7|2.4|0.6990000000000001|0.6|3.9|4.5|2.6|1.2|0.2|2.0|2.4|8.0
16|2002-03|36.0|BOS|NBA|PF|41.0|1.0|488.0|2.0|5.2|0.386|0.0|0.2|0.0|2.0|4.9|0.40299999999999997|1.3|1.7|0.7829999999999999|1.8|4.4|6.1|1.8|0.7|0.1|1.4|4.6|5.3
