player_id|Rk|Unnamed: 1|Age|G|GS|MP|FG|FGA|FG%|3P|3PA|3P%|2P|2PA|2P%|eFG%|FT|FTA|FT%|ORB|DRB|TRB|AST|STL|BLK|TOV|PF|PTS|player_id
jordami01|1|Michael Jordan|21|82|82|3144|837|1625|0.515|9|52|0.17300000000000001|828|1573|0.526|0.518|630|746|0.845|167|367|534|481|196|69|291|285|2313|jordami01
woolror01|2|Orlando Woolridge|25|77|76|2816|679|1225|0.5539999999999999|0|5|0.0|679|1220|0.557|0.5539999999999999|409|521|0.785|158|277|435|135|58|38|178|185|1767|woolror01
dailequ01|3|Quintin Dailey|24|79|0|2101|525|1111|0.473|7|30|0.233|518|1081|0.479|0.47600000000000003|205|251|0.8170000000000001|57|151|208|191|71|5|154|192|1262|dailequ01
corzida01|4|Dave Corzine|28|82|50|2062|276|568|0.486|0|1|0.0|276|567|0.48700000000000004|0.486|149|200|0.745|130|292|422|140|32|64|124|189|701|corzida01
johnsst03|5|Steve Johnson|27|74|54|1659|281|516|0.545|0|3|0.0|281|513|0.5479999999999999|0.545|181|252|0.718|146|291|437|64|37|62|151|265|743|johnsst03
greenda01|6|Dave Greenwood|27|61|28|1523|152|332|0.45799999999999996|0|1|0.0|152|331|0.45899999999999996|0.45799999999999996|67|94|0.713|108|280|388|78|34|18|63|190|371|greenda01
matthwe01|7|Wes Matthews|25|78|38|1523|191|386|0.495|2|16|0.125|189|370|0.511|0.49700000000000005|59|85|0.6940000000000001|16|51|67|354|73|12|124|133|443|matthwe01
whatlen01|8|Ennis Whatley|22|70|44|1385|140|313|0.447|1|9|0.111|139|304|0.457|0.449|68|86|0.7909999999999999|34|67|101|381|66|10|144|141|349|whatlen01
oldhaja01|9|Jawann Oldham|27|63|0|993|89|192|0.46399999999999997|0|1|0.0|89|191|0.466|0.46399999999999997|34|50|0.68|79|157|236|31|11|127|58|166|212|oldhaja01
higgiro01|10|Rod Higgins|25|68|5|942|119|270|0.441|10|37|0.27|109|233|0.46799999999999997|0.45899999999999996|60|90|0.667|55|92|147|73|21|13|49|91|308|higgiro01
jonesca01|11|Caldwell Jones|34|42|32|885|53|115|0.461|0|2|0.0|53|113|0.469|0.461|36|47|0.7659999999999999|49|162|211|34|12|31|40|125|142|jonesca01
greensi02|12|Sidney Green|24|48|1|740|108|250|0.43200000000000005|0|4|0.0|108|246|0.439|0.43200000000000005|79|98|0.8059999999999999|72|174|246|29|11|14|68|102|295|greensi02
jonesch01|13|Charles Jones|27|3|0|29|2|4|0.5|0|0||2|4|0.5|0.5|4|6|0.667|2|4|6|1|0|5|4|6|8|jonesch01
englech01|14|Chris Engler|25|3|0|3|1|2|0.5|0|0||1|2|0.5|0.5|0|0||1|1|2|0|0|0|1|1|2|englech01
