|Season|Age|Tm|Lg|Pos|G|MP|PER|TS%|3PAr|FTr|ORB%|DRB%|TRB%|AST%|STL%|BLK%|TOV%|USG%|OWS|DWS|WS|WS/48|OBPM|DBPM|BPM|VORP
0|1988-89|23.0|LAC|NBA|PF|71.0|2161.0|15.6|0.55|0.003|0.44799999999999995|8.6|14.4|11.5|6.9|1.4|2.3|12.2|21.8|2.4|1.6|4.0|0.08900000000000001|-0.5|-0.7|-1.2|0.4
1|1989-90|24.0|LAC|NBA|PF|78.0|2732.0|19.5|0.589|0.01|0.5|7.5|14.3|11.0|6.7|1.5|2.6|10.4|23.8|6.3|3.1|9.4|0.165|1.7|-0.1|1.6|2.5
2|1990-91|25.0|LAC|NBA|SF|74.0|2703.0|17.6|0.536|0.006|0.414|8.5|15.9|12.1|7.6|1.4|3.2|10.7|23.2|3.8|3.6|7.4|0.131|0.2|1.2|1.3|2.3
3|1991-92|26.0|LAC|NBA|SF|49.0|1310.0|18.6|0.5429999999999999|0.011000000000000001|0.501|8.0|17.6|12.8|6.6|1.6|4.7|9.5|23.6|2.2|2.3|4.4|0.162|-0.6|1.7|1.0|1.0
4|1992-93|27.0|NYK|NBA|SF|81.0|2172.0|14.9|0.542|0.003|0.48|9.0|13.0|11.1|10.2|1.1|3.0|14.3|21.5|2.3|4.3|6.6|0.146|-0.8|2.7|1.9|2.1
5|1993-94|28.0|NYK|NBA|SF|43.0|1105.0|11.3|0.496|0.04|0.305|6.9|9.9|8.5|7.2|1.2|2.9|12.4|20.4|0.4|2.0|2.4|0.10400000000000001|-2.6|1.7|-1.0|0.3
6|1994-95|29.0|NYK|NBA|SF|76.0|2150.0|13.9|0.544|0.040999999999999995|0.431|8.2|9.5|8.8|9.4|1.2|3.3|14.2|22.1|1.7|3.1|4.8|0.107|-1.6|1.4|-0.2|1.0
8|1995-96|30.0|NYK|NBA|PF|41.0|890.0|9.1|0.446|0.051|0.35|8.1|13.1|10.6|5.2|1.1|4.4|15.2|21.0|-1.2|1.4|0.2|0.013000000000000001|-5.9|1.2|-4.6|-0.6
9|1995-96|30.0|SAS|NBA|PF|32.0|826.0|13.7|0.493|0.0|0.21100000000000002|10.4|16.6|13.6|6.8|2.0|2.5|12.7|19.4|0.2|1.5|1.7|0.096|-2.3|2.1|-0.2|0.4
10|1996-97|31.0|SAS|NBA|PF|19.0|329.0|10.6|0.461|0.012|0.31|6.3|17.7|11.8|6.9|2.2|5.3|18.7|16.6|-0.3|0.3|0.0|0.003|-5.3|2.2|-3.1|-0.1
