|Season|Age|Tm|Lg|Pos|G|GS|MP|FG|FGA|FG%|3P|3PA|3P%|2P|2PA|2P%|FT|FTA|FT%|ORB|DRB|TRB|AST|STL|BLK|TOV|PF|PTS
0|1964-65|21.0|STL|NBA|PF|79.0||1243.0|4.1|10.9|0.373||||4.1|10.9|0.373|2.4|4.7|0.506|||16.7|1.4||||4.7|10.5
1|1965-66|22.0|STL|NBA|PF|46.0||586.0|4.3|10.6|0.405||||4.3|10.6|0.405|2.2|3.7|0.574|||14.5|1.4||||4.4|10.8
2|1966-67|23.0|STL|NBA|PF|77.0||1570.0|4.7|11.1|0.429||||4.7|11.1|0.429|2.6|4.9|0.531|||15.3|1.7||||4.8|12.1
3|1967-68|24.0|STL|NBA|PF|82.0||2652.0|5.4|11.8|0.45799999999999996||||5.4|11.8|0.45799999999999996|4.1|5.8|0.705|||13.0|2.2||||3.3|14.9
4|1968-69|25.0|ATL|NBA|PF|79.0||1853.0|4.7|11.2|0.419||||4.7|11.2|0.419|4.0|6.5|0.613|||14.5|2.7||||3.2|13.3
5|1969-70|26.0|PHO|NBA|PF|78.0||2836.0|4.7|10.2|0.46399999999999997||||4.7|10.2|0.46399999999999997|3.2|5.2|0.607|||11.6|2.7||||3.4|12.6
6|1970-71|27.0|PHO|NBA|PF|81.0||2944.0|4.1|9.6|0.428||||4.1|9.6|0.428|3.5|5.1|0.685|||12.4|3.0||||2.8|11.8
7|1971-72|28.0|PHO|NBA|PF|80.0||3082.0|5.7|12.0|0.47||||5.7|12.0|0.47|5.1|6.5|0.773|||11.2|4.0||||2.3|16.4
8|1972-73|29.0|BOS|NBA|PF|80.0||2618.0|5.5|11.7|0.47||||5.5|11.7|0.47|3.7|5.2|0.7|||14.3|3.5||||2.7|14.7
9|1973-74|30.0|BOS|NBA|PF|82.0||2599.0|4.7|10.7|0.44||||4.7|10.7|0.44|3.7|4.7|0.7829999999999999|4.6|8.0|12.7|2.6|0.9|0.3||3.4|13.1
10|1974-75|31.0|BOS|NBA|PF|82.0||2661.0|4.2|10.1|0.41700000000000004||||4.2|10.1|0.41700000000000004|3.3|4.7|0.7090000000000001|4.7|9.2|13.9|3.0|0.8|0.3||3.1|11.7
11|1975-76|32.0|BOS|NBA|PF|81.0||2662.0|4.3|10.0|0.426||||4.3|10.0|0.426|3.2|4.5|0.7090000000000001|4.9|8.9|13.9|2.7|0.8|0.4||3.1|11.7
12|1976-77|33.0|DEN|NBA|PF|81.0||1959.0|3.8|10.5|0.36||||3.8|10.5|0.36|3.1|4.7|0.667|4.3|6.8|11.1|2.4|1.1|0.4||3.4|10.7
13|1977-78|34.0|SEA|NBA|PF|82.0||2172.0|3.0|7.7|0.397||||3.0|7.7|0.397|1.8|3.1|0.586|4.8|6.2|11.0|2.4|1.1|0.3|2.5|3.0|7.9
14|1978-79|35.0|SEA|NBA|PF|82.0||1957.0|3.1|7.4|0.423||||3.1|7.4|0.423|2.1|3.6|0.598|4.8|5.8|10.6|2.1|0.6|0.3|1.8|3.3|8.4
15|1979-80|36.0|SEA|NBA|PF|82.0||1595.0|2.6|6.7|0.37799999999999995|0.0|0.0||2.6|6.7|0.37799999999999995|2.0|3.1|0.654|4.6|5.2|9.8|1.5|0.6|0.1|1.9|2.7|7.1
