|Season|Age|Tm|Lg|Pos|G|MP|FG%|Dist.|% of 2PA|% of 0-3|% of 3-10|% of 10-16|% of 16-3pt|% of 3P|2P %FG|0-3 %FG|3-10 %FG|10-16 %FG|16-3pt%FG|3P %FG|2P % Assisted|% of Dunks|Dunks Made|3P % Assisted|% of 3PA from Corner|Corner 3 %FG |Heaves Attempted|Heaves Made
0|2007-08|19.0|PHI|NBA|PF|74.0|1554.0|0.539|6.2|0.961|0.516|0.212|0.084|0.149|0.039|0.5479999999999999|0.628|0.5379999999999999|0.366|0.384|0.316|0.6509999999999999|0.094|43.0|1.0|0.632|0.41700000000000004|0.0|0.0
1|2008-09|20.0|PHI|NBA|PF|75.0|2580.0|0.495|9.7|0.8290000000000001|0.395|0.196|0.095|0.14400000000000002|0.171|0.526|0.636|0.441|0.341|0.46399999999999997|0.341|0.597|0.07400000000000001|69.0|0.929|0.305|0.38|0.0|0.0
2|2009-10|21.0|PHI|NBA|PF|67.0|2145.0|0.47|8.7|0.83|0.456|0.18100000000000002|0.075|0.11800000000000001|0.17|0.495|0.623|0.38799999999999996|0.262|0.313|0.348|0.494|0.055|44.0|0.938|0.36200000000000004|0.32|1.0|0.0
3|2010-11|22.0|PHI|NBA|PF|82.0|2135.0|0.541|7.3|0.9740000000000001|0.46799999999999997|0.235|0.08900000000000001|0.183|0.026000000000000002|0.5479999999999999|0.735|0.397|0.307|0.381|0.273|0.662|0.105|84.0|0.833|0.273|0.16699999999999998|1.0|0.0
4|2011-12|23.0|PHI|NBA|PF|63.0|1755.0|0.507|7.8|0.9940000000000001|0.389|0.255|0.156|0.195|0.006|0.508|0.682|0.41700000000000004|0.327|0.425|0.25|0.6509999999999999|0.073|46.0|1.0|0.25|1.0|0.0|0.0
5|2012-13|24.0|PHI|NBA|PF|76.0|2629.0|0.531|7.0|0.992|0.452|0.248|0.102|0.18899999999999997|0.008|0.535|0.67|0.45399999999999996|0.35700000000000004|0.414|0.125|0.72|0.09300000000000001|82.0|1.0|0.75|0.16699999999999998|0.0|0.0
6|2013-14|25.0|PHI|NBA|PF|79.0|2718.0|0.45399999999999996|10.3|0.772|0.377|0.223|0.06|0.11199999999999999|0.228|0.496|0.645|0.374|0.33799999999999997|0.326|0.308|0.5589999999999999|0.048|57.0|0.922|0.188|0.309|0.0|0.0
8|2014-15|26.0|MIN|NBA|PF|48.0|1605.0|0.451|8.9|0.899|0.365|0.273|0.10300000000000001|0.154|0.10099999999999999|0.469|0.598|0.429|0.364|0.303|0.292|0.556|0.027000000000000003|14.0|0.9470000000000001|0.185|0.16699999999999998|1.0|0.0
9|2014-15|26.0|BRK|NBA|PF|28.0|829.0|0.495|8.0|0.847|0.44299999999999995|0.297|0.043|0.064|0.153|0.516|0.6759999999999999|0.361|0.28600000000000003|0.28600000000000003|0.38|0.5589999999999999|0.037000000000000005|12.0|0.895|0.14|0.429|0.0|0.0
10|2015-16|27.0|BRK|NBA|PF|73.0|2407.0|0.514|6.6|0.9690000000000001|0.38799999999999996|0.38799999999999996|0.053|0.139|0.031|0.523|0.612|0.49700000000000005|0.33299999999999996|0.418|0.233|0.5589999999999999|0.03|27.0|0.7140000000000001|0.3|0.111|2.0|0.0
11|2016-17|28.0|IND|NBA|PF|74.0|2237.0|0.527|8.3|0.828|0.43799999999999994|0.281|0.044000000000000004|0.067|0.172|0.557|0.6509999999999999|0.48200000000000004|0.4|0.348|0.381|0.7290000000000001|0.061|36.0|0.978|0.49200000000000005|0.345|1.0|0.0
12|2017-18|29.0|IND|NBA|PF|81.0|2607.0|0.48700000000000004|9.2|0.7909999999999999|0.387|0.256|0.073|0.076|0.209|0.531|0.626|0.466|0.349|0.439|0.32|0.565|0.052000000000000005|40.0|0.948|0.331|0.317|2.0|0.0
13|2018-19|30.0|IND|NBA|PF|81.0|2489.0|0.527|7.8|0.826|0.46399999999999997|0.287|0.039|0.037000000000000005|0.174|0.564|0.679|0.456|0.303|0.226|0.349|0.5539999999999999|0.05|36.0|0.941|0.445|0.354|2.0|0.0
