player_id|Rk|Unnamed: 1|Age|G|MP|PER|TS%|FTr|ORB%|DRB%|TRB%|AST%|STL%|BLK%|Unnamed: 14|OWS|DWS|WS|WS/48|Unnamed: 19|OBPM|DBPM|BPM|VORP|player_id
westppa01|1|Paul Westphal|25|82|2960|19.9|0.551|0.331|2.7|6.7|4.8|23.3|3.2|0.7||6.3|3.2|9.6|0.155||3.7|-0.3|3.4|4.0|westppa01
adamsal01|2|Alvan Adams|21|80|2656|21.7|0.507|0.265|8.9|20.7|14.9|27.2|2.1|2.4||3.3|3.9|7.2|0.13||4.4|2.4|6.7|5.8|adamsal01
perrycu01|3|Curtis Perry|27|71|2353|15.8|0.537|0.308|9.2|22.2|15.8|11.1|1.6|1.5||2.8|3.2|6.0|0.122||0.2|1.2|1.4|2.0|perrycu01
soberri01|4|Ricky Sobers|23|78|1898|13.1|0.507|0.308|4.6|10.1|7.4|15.9|2.5|0.2||0.9|1.9|2.8|0.07200000000000001||-0.8|-0.1|-0.9|0.5|soberri01
vanardi01|5|Dick Van Arsdale|32|58|1870|12.4|0.555|0.41200000000000003|2.3|5.6|4.0|10.5|1.3|0.3||3.1|0.9|4.0|0.102||-1.1|-1.4|-2.5|-0.2|vanardi01
erickke01|6|Keith Erickson|31|74|1850|14.1|0.518|0.242|6.3|13.1|9.7|14.4|1.9|0.2||2.0|1.8|3.8|0.098||-0.4|-0.3|-0.7|0.6|erickke01
awtrede01|7|Dennis Awtrey|27|74|1376|11.2|0.51|0.359|7.4|15.6|11.6|15.3|0.7|0.9||0.7|1.1|1.8|0.062||-2.1|0.0|-2.1|0.0|awtrede01
heardga01|8|Gar Heard|27|36|1220|14.1|0.486|0.276|9.8|21.9|15.9|7.4|1.9|1.8||0.6|1.7|2.3|0.092||-1.9|1.1|-0.8|0.4|heardga01
hawthna01|9|Nate Hawthorne|26|79|1144|11.7|0.48100000000000004|0.402|8.3|11.6|9.9|5.7|1.3|0.7||0.2|0.9|1.1|0.046||-3.2|-2.4|-5.6|-1.0|hawthna01
shumajo01|10|John Shumate|23|43|930|19.0|0.5820000000000001|0.541|7.2|20.7|14.0|10.1|2.1|0.9||1.8|1.3|3.1|0.158||1.0|-0.3|0.7|0.6|shumajo01
rileypa01|11|Pat Riley|30|60|790|7.6|0.434|0.257|2.1|4.4|3.2|10.0|1.2|0.3||-0.6|0.4|-0.3|-0.017||-5.4|-3.1|-8.5|-1.3|rileypa01
lumpkph01|12|Phil Lumpkin|24|34|370|8.2|0.44799999999999995|0.462|2.1|4.6|3.4|16.2|1.8|0.0||0.0|0.2|0.2|0.022000000000000002||-5.0|-1.6|-6.6|-0.4|lumpkph01
wetzejo01|13|John Wetzel|31|37|249|10.1|0.5660000000000001|0.522|3.5|12.9|8.3|9.9|1.6|0.7||0.2|0.2|0.4|0.083||-3.6|-0.3|-3.9|-0.1|wetzejo01
saundfr01|14|Fred Saunders|24|17|146|12.7|0.45|0.172|8.3|19.1|13.8|13.3|1.6|0.4||-0.1|0.2|0.1|0.026000000000000002||-2.9|-1.5|-4.5|-0.1|saundfr01
bantomi01|15|Mike Bantom|24|7|68|9.1|0.37200000000000005|0.192|11.3|25.3|18.4|5.9|1.3|1.6||-0.1|0.1|0.0|-0.02||-7.0|-1.7|-8.7|-0.1|bantomi01
