player_id|Rk|Unnamed: 1|Age|G|GS|MP|FG|FGA|FG%|FT|FTA|FT%|ORB|DRB|TRB|AST|STL|BLK|PF|PTS/G|player_id
westppa01|1|Paul Westphal|25|82||36.1|8.0|16.2|0.494|4.5|5.4|0.83|0.9|2.3|3.2|5.4|2.6|0.5|2.7|20.5|westppa01
heardga01|2|Gar Heard|27|36||33.9|5.1|11.4|0.452|2.1|3.1|0.6729999999999999|3.0|6.9|9.9|1.8|1.4|1.1|3.3|12.4|heardga01
adamsal01|3|Alvan Adams|21|80||33.2|7.9|16.8|0.469|3.3|4.4|0.735|2.7|6.4|9.1|5.6|1.5|1.5|3.4|19.0|adamsal01
perrycu01|4|Curtis Perry|27|71||33.1|5.4|10.9|0.49700000000000005|2.5|3.4|0.732|2.8|6.9|9.6|2.6|1.2|0.9|3.8|13.3|perrycu01
vanardi01|5|Dick Van Arsdale|32|58||32.2|4.8|9.8|0.484|3.4|4.1|0.83|0.7|1.7|2.4|2.4|0.9|0.2|1.9|12.9|vanardi01
erickke01|6|Keith Erickson|31|74||25.0|4.1|8.8|0.47|1.8|2.1|0.8540000000000001|1.4|3.1|4.5|2.5|1.1|0.1|2.6|10.1|erickke01
soberri01|7|Ricky Sobers|23|78||24.3|3.6|8.0|0.449|2.0|2.5|0.823|1.0|2.3|3.3|2.8|1.4|0.1|3.2|9.2|soberri01
shumajo01|8|John Shumate|23|43||21.6|4.3|7.9|0.55|2.7|4.3|0.628|1.4|4.2|5.6|1.4|1.0|0.4|1.8|11.3|shumajo01
awtrede01|9|Dennis Awtrey|27|74||18.6|1.9|4.1|0.467|1.0|1.5|0.688|1.3|2.7|4.0|2.1|0.3|0.3|2.1|4.9|awtrede01
hawthna01|10|Nate Hawthorne|26|79||14.5|2.3|5.4|0.43|1.5|2.2|0.6759999999999999|1.1|1.6|2.6|0.6|0.4|0.2|1.9|6.1|hawthna01
rileypa01|11|Pat Riley|30|60||13.2|1.9|4.8|0.389|0.9|1.2|0.73|0.3|0.5|0.8|1.0|0.4|0.1|1.8|4.6|rileypa01
lumpkph01|12|Phil Lumpkin|24|34||10.9|0.6|1.9|0.33799999999999997|0.8|0.9|0.867|0.2|0.5|0.7|1.4|0.4|0.0|0.8|2.1|lumpkph01
bantomi01|13|Mike Bantom|24|7||9.7|1.1|3.7|0.308|0.7|0.7|1.0|1.0|2.3|3.3|0.4|0.3|0.3|1.9|3.0|bantomi01
saundfr01|14|Fred Saunders|24|17||8.6|1.6|3.8|0.43799999999999994|0.4|0.6|0.545|0.6|1.5|2.2|0.8|0.3|0.1|1.4|3.6|saundfr01
wetzejo01|15|John Wetzel|31|37||6.7|0.6|1.2|0.478|0.5|0.6|0.833|0.2|0.8|1.0|0.5|0.2|0.1|0.8|1.7|wetzejo01
