|Season|Age|Tm|Lg|Pos|G|GS|MP|FG|FGA|FG%|3P|3PA|3P%|2P|2PA|2P%|eFG%|FT|FTA|FT%|ORB|DRB|TRB|AST|STL|BLK|TOV|PF|PTS
0|1976-77|22.0|POR|NBA|SF|66.0||9.5|2.1|4.6|0.449||||2.1|4.6|0.449|0.449|1.0|1.5|0.67|0.7|1.0|1.6|0.8|0.2|0.0||1.4|5.2
2|1977-78|23.0|POR|NBA|SF|9.0||11.2|2.1|4.6|0.46299999999999997||||2.1|4.6|0.46299999999999997|0.46299999999999997|0.6|0.9|0.625|0.8|1.1|1.9|0.9|0.2|0.0|1.2|1.4|4.8
3|1977-78|23.0|SEA|NBA|SF|68.0||14.8|2.7|6.2|0.44||||2.7|6.2|0.44|0.44|1.0|1.6|0.625|1.2|1.8|3.0|1.0|0.4|0.1|1.0|1.8|6.5
4|1978-79|24.0|SEA|NBA|SF|60.0||16.2|2.8|5.7|0.49||||2.8|5.7|0.49|0.49|1.0|1.6|0.604|1.1|1.9|3.0|1.2|0.2|0.4|1.1|2.1|6.6
5|1979-80|25.0|SEA|NBA|SF|70.0||12.1|2.0|3.9|0.507|0.0|0.0||2.0|3.9|0.507|0.507|0.7|0.9|0.75|0.9|1.5|2.4|0.8|0.3|0.1|0.7|1.5|4.7
6|1980-81|26.0|SEA|NBA|SF|82.0||21.9|3.5|7.6|0.46299999999999997|0.0|0.0|0.0|3.5|7.6|0.465|0.46299999999999997|1.3|2.1|0.645|1.3|2.6|3.8|1.5|0.6|0.2|1.4|2.0|8.4
7|1981-82|27.0|SEA|NBA|SF|70.0|70.0|28.1|4.3|9.0|0.48|0.0|0.0|0.0|4.3|9.0|0.48200000000000004|0.48|1.3|1.9|0.672|1.5|2.8|4.4|3.1|0.5|0.4|1.6|3.1|9.9
8|1982-83|28.0|HOU|NBA|SF|82.0|59.0|27.5|4.4|9.8|0.449|0.0|0.0|0.25|4.4|9.8|0.45|0.45|0.9|1.4|0.621|1.7|2.9|4.5|2.4|0.5|0.3|1.8|2.5|9.7
9|1983-84|29.0|HOU|NBA|SF|58.0|18.0|10.6|2.0|4.2|0.49|0.0|0.1|0.33299999999999996|2.0|4.1|0.494|0.494|0.1|0.3|0.33299999999999996|0.4|1.1|1.6|0.9|0.3|0.1|0.6|1.1|4.2
