player_id|Rk|Unnamed: 1|Age|G|GS|MP|FG|FGA|FG%|FT|FTA|FT%|TRB|AST|PF|PTS|player_id
beatyze01|1|Zelmo Beaty|25|80||2916|6.2|12.9|0.48200000000000004|4.2|5.9|0.715|11.9|1.4|4.0|16.7|beatyze01
wilkele01|2|Lenny Wilkens|27|78||2854|5.5|13.2|0.414|5.2|7.0|0.746|4.6|5.4|3.6|16.2|wilkele01
bridgbi01|3|Bill Bridges|25|79||2362|5.5|14.3|0.386|2.8|4.2|0.6759999999999999|13.0|2.9|4.2|13.9|bridgbi01
vaughch01|4|Chico Vaughn|24|75||1965|6.3|14.9|0.424|3.3|4.4|0.752|3.2|2.9|3.5|15.9|vaughch01
pettibo01|5|Bob Pettit|32|50||1754|8.1|18.9|0.429|6.8|8.3|0.82|12.7|2.6|3.4|23.1|pettibo01
hagancl01|6|Cliff Hagan|33|77||1739|8.1|18.7|0.436|4.4|5.5|0.799|5.7|2.8|3.8|20.7|hagancl01
gueriri01|7|Richie Guerin|32|57||1678|6.3|14.2|0.446|5.0|6.5|0.767|3.2|5.8|4.1|17.6|gueriri01
farmemi01|8|Mike Farmer|28|60||1272|4.7|11.5|0.409|2.1|2.7|0.7979999999999999|7.3|2.5|3.5|11.6|farmemi01
silaspa01|9|Paul Silas|21|79||1243|4.1|10.9|0.373|2.4|4.7|0.506|16.7|1.4|4.7|10.5|silaspa01
barnhjo01|10|John Barnhill|26|41||777|5.6|14.5|0.38799999999999996|2.1|3.2|0.643|4.2|3.5|2.6|13.3|barnhjo01
mullije01|11|Jeff Mullins|22|44||492|6.4|15.3|0.41600000000000004|3.0|4.5|0.672|7.5|3.2|4.4|15.7|mullije01
mcgilbi01|12|Bill McGill|25|16||96|5.2|16.9|0.311|4.5|6.0|0.75|9.0|2.3|9.7|15.0|mcgilbi01
burtoed01|13|Ed Burton|25|7||42|6.0|17.1|0.35|3.4|6.0|0.5710000000000001|11.1|1.7|11.1|15.4|burtoed01
tresvjo01|14|John Tresvant|25|4||35|4.1|11.3|0.364|6.2|9.3|0.667|18.5|6.2|9.3|14.4|tresvjo01
