|Season|Age|Tm|Lg|Pos|G|MP|FG%|Dist.|% of 2PA|% of 0-3|% of 3-10|% of 10-16|% of 16-3pt|% of 3P|2P %FG|0-3 %FG|3-10 %FG|10-16 %FG|16-3pt%FG|3P %FG|2P % Assisted|% of Dunks|Dunks Made|3P % Assisted|% of 3PA from Corner|Corner 3 %FG |Heaves Attempted|Heaves Made
0|2011-12|21.0|WAS|NBA|PG|64.0|779.0|0.4|12.3|0.809|0.309|0.132|0.114|0.255|0.191|0.42700000000000005|0.618|0.379|0.4|0.23199999999999998|0.28600000000000003|0.21100000000000002|0.005|1.0|0.917|0.35700000000000004|0.2|0.0|0.0
2|2012-13|22.0|WAS|NBA|PG|7.0|141.0|0.4|16.9|0.675|0.15|0.1|0.1|0.325|0.325|0.444|0.5|0.5|0.5|0.385|0.308|0.16699999999999998|0.0|0.0|1.0|0.385|0.4|0.0|0.0
3|2012-13|22.0|PHI|NBA|SG|4.0|7.0|0.5|21.0|0.5|0.0|0.0|0.0|0.5|0.5|1.0||||1.0|0.0|1.0|0.0|0.0||0.0||0.0|0.0
4|2012-13|22.0|ATL|NBA|PG|20.0|268.0|0.488|16.9|0.583|0.16699999999999998|0.11900000000000001|0.083|0.214|0.41700000000000004|0.551|0.5710000000000001|0.4|0.7140000000000001|0.556|0.4|0.185|0.0|0.0|0.35700000000000004|0.114|0.5|0.0|0.0
5|2013-14|23.0|ATL|NBA|PG|73.0|1490.0|0.41700000000000004|14.3|0.633|0.25|0.16|0.078|0.146|0.36700000000000005|0.46399999999999997|0.5760000000000001|0.35|0.48700000000000004|0.384|0.337|0.36700000000000005|0.0|0.0|0.6940000000000001|0.239|0.364|0.0|0.0
6|2014-15|24.0|ATL|NBA|PG|55.0|833.0|0.401|15.9|0.565|0.19899999999999998|0.13699999999999998|0.092|0.13699999999999998|0.435|0.467|0.569|0.375|0.444|0.425|0.315|0.442|0.0|0.0|0.8|0.165|0.47600000000000003|0.0|0.0
8|2015-16|25.0|ATL|NBA|PG|24.0|179.0|0.42100000000000004|12.4|0.716|0.242|0.21100000000000002|0.11599999999999999|0.147|0.284|0.529|0.7390000000000001|0.5|0.455|0.28600000000000003|0.14800000000000002|0.361|0.0|0.0|0.5|0.259|0.28600000000000003|0.0|0.0
9|2015-16|25.0|UTA|NBA|PG|28.0|879.0|0.444|12.2|0.6940000000000001|0.209|0.3|0.084|0.10300000000000001|0.306|0.48200000000000004|0.672|0.42700000000000005|0.37|0.33299999999999996|0.35700000000000004|0.271|0.0|0.0|0.6859999999999999|0.316|0.419|0.0|0.0
10|2016-17|26.0|UTA|NBA|PG|55.0|1205.0|0.446|13.3|0.685|0.239|0.184|0.165|0.1|0.315|0.51|0.637|0.44299999999999995|0.444|0.42100000000000004|0.308|0.316|0.0|0.0|0.649|0.242|0.24100000000000002|0.0|0.0
11|2017-18|27.0|ORL|NBA|PG|69.0|1365.0|0.43|13.1|0.664|0.22899999999999998|0.225|0.11800000000000001|0.092|0.336|0.473|0.705|0.355|0.327|0.368|0.345|0.32299999999999995|0.0|0.0|0.688|0.13699999999999998|0.42100000000000004|0.0|0.0
13|2018-19|28.0|MEM|NBA|PG|53.0|1204.0|0.414|13.2|0.6709999999999999|0.272|0.193|0.113|0.09300000000000001|0.32899999999999996|0.441|0.613|0.34700000000000003|0.341|0.25|0.359|0.461|0.0|0.0|0.5429999999999999|0.172|0.273|0.0|0.0
14|2018-19|28.0|CHO|NBA|PG|4.0|42.0|0.14300000000000002|11.6|0.857|0.14300000000000002|0.28600000000000003|0.28600000000000003|0.14300000000000002|0.14300000000000002|0.16699999999999998|0.5|0.25|0.0|0.0|0.0|1.0|0.0|0.0||0.0||0.0|0.0
