player_id|Rk|Unnamed: 1|Age|G|GS|MP|FG|FGA|FG%|FT|FTA|FT%|TRB|AST|PF|PTS|player_id
haskicl01|1|Clem Haskins|26|82||3214|7.5|16.6|0.45|3.7|4.7|0.7829999999999999|4.2|7.0|2.7|18.7|haskicl01
lovebo01|2|Bob Love|27|82||3123|7.4|15.8|0.466|5.1|6.1|0.8420000000000001|8.2|1.7|3.0|19.9|lovebo01
walkech01|3|Chet Walker|29|78||2726|7.9|16.5|0.47700000000000004|6.4|7.5|0.85|8.0|2.5|2.7|22.1|walkech01
weissbo01|4|Bob Weiss|27|82||2544|5.2|12.1|0.42700000000000005|3.0|3.6|0.8420000000000001|3.2|6.7|2.9|13.3|weissbo01
boerwto01|5|Tom Boerwinkle|24|81||2335|5.4|11.9|0.449|2.3|3.5|0.664|15.7|3.5|3.9|13.0|boerwto01
sloanje01|6|Jerry Sloan|27|53||1822|6.1|14.6|0.42100000000000004|4.1|6.3|0.6509999999999999|7.4|3.3|3.5|16.3|sloanje01
weslewa01|7|Walt Wesley|25|72||1407|6.9|16.6|0.41700000000000004|3.7|5.6|0.662|11.6|1.7|4.7|17.5|weslewa01
kauffbo01|8|Bob Kauffman|23|64||775|4.4|10.3|0.425|4.1|5.7|0.715|9.8|3.5|5.4|12.8|kauffbo01
mannied01|9|Ed Manning|26|38||616|5.1|14.9|0.341|2.2|2.8|0.7709999999999999|11.5|2.0|5.2|12.3|mannied01
tuckeal01|10|Al Tucker|26|33||557|6.3|12.2|0.513|2.4|2.9|0.8220000000000001|7.3|2.0|3.4|14.9|tuckeal01
halimsh01|11|Shaler Halimon|24|38||517|6.7|17.0|0.39299999999999996|3.4|5.1|0.6709999999999999|4.7|4.8|4.0|16.8|halimsh01
peterlo01|12|Loy Petersen|24|31||231|5.1|14.0|0.36700000000000005|4.1|6.1|0.667|4.1|3.6|3.4|14.3|peterlo01
baumjo01|13|Johnny Baum|23|3||13|8.3|30.5|0.273|0.0|0.0||11.1|0.0|2.8|16.6|baumjo01
