|Season|Age|Tm|Lg|Pos|G|MP|PER|TS%|FTr|ORB%|DRB%|TRB%|AST%|STL%|BLK%|OWS|DWS|WS|WS/48|OBPM|DBPM|BPM|VORP
0|1966-67|24.0|PHI|NBA|PG|1.0|4.0|46.5|0.667|0.0||||100.0|||0.0|0.0|0.1|0.624||||
1|1969-70|27.0|CHI|NBA|PG|5.0|121.0|13.7|0.457|0.16899999999999998||||27.3|||0.0|0.1|0.1|0.037000000000000005||||
2|1970-71|28.0|CHI|NBA|PG|7.0|250.0|17.4|0.523|0.326|||3.6|32.1|||0.5|0.1|0.7|0.126||||
3|1971-72|29.0|CHI|NBA|PG|4.0|119.0|14.0|0.524|0.163|||5.2|15.0|||0.2|0.1|0.3|0.105||||
4|1972-73|30.0|CHI|NBA|PG|7.0|175.0|13.5|0.47600000000000003|0.266|||4.1|13.5|||0.1|0.2|0.4|0.09699999999999999||||
5|1973-74|31.0|CHI|NBA|SG|11.0|251.0|7.2|0.33899999999999997|0.081|1.9|7.1|4.2|18.4|1.4|0.2|-0.3|0.0|-0.4|-0.069|-5.0|-0.9|-6.0|-0.3
6|1974-75|32.0|BUF|NBA|PG|7.0|113.0|10.7|0.53|0.522|1.8|4.9|3.3|19.6|1.6|0.5|0.1|0.0|0.1|0.04|-1.3|0.0|-1.3|0.0
7|1975-76|33.0|BUF|NBA|PG|7.0|36.0|7.2|0.429|0.375|0.0|11.5|6.0|10.8|2.6|0.0|0.0|0.0|0.0|-0.001|-6.1|0.5|-5.6|0.0
8|1976-77|34.0|WSB|NBA|PG|4.0|34.0|6.2|0.551|0.2|3.2|6.0|4.6|7.7|1.4|0.0|0.0|0.0|0.0|0.055999999999999994|-3.3|0.9|-2.3|0.0
