player_id|Rk|Unnamed: 1|Age|G|GS|MP|FG|FGA|FG%|FT|FTA|FT%|TRB|AST|PF|PTS|player_id
twymaja01|1|Jack Twyman|24|72||2713|9.4|22.4|0.42|5.8|7.4|0.7829999999999999|8.7|2.8|3.7|24.6|twymaja01
bockhbu01|2|Bucky Bockhorn|25|71||2251|4.7|12.3|0.381|2.2|3.1|0.7040000000000001|7.4|3.3|3.4|11.6|bockhbu01
mccarjo01|3|Johnny McCarthy|24|47||1827|4.8|12.9|0.373|2.3|3.4|0.667|4.5|4.4|3.1|11.9|mccarjo01
piontda01|4|Dave Piontek|24|72||1674|6.6|17.5|0.375|3.4|4.9|0.687|8.3|2.7|3.5|16.5|piontda01
palmeji01|5|Jim Palmer|25|67||1624|5.7|14.0|0.40399999999999997|3.9|5.5|0.7240000000000001|10.5|1.4|4.7|15.3|palmeji01
embrywa01|6|Wayne Embry|21|66||1590|6.2|15.9|0.387|4.7|7.1|0.6559999999999999|13.5|2.2|5.3|17.0|embrywa01
deesar01|7|Archie Dees|22|68||1252|5.8|16.2|0.35600000000000004|4.6|5.9|0.779|9.7|1.6|3.3|16.1|deesar01
parrja01|8|Jack Parr|22|66||1037|3.8|10.7|0.355|1.5|2.5|0.603|9.7|1.8|4.8|9.1|parrja01
parkme01|9|Med Park|25|33||898|4.4|11.1|0.401|3.9|5.1|0.77|6.0|3.2|2.8|12.8|parkme01
stavela01|10|Larry Staverman|22|57||681|5.3|11.4|0.47|2.4|3.1|0.763|11.5|2.9|5.4|13.1|stavela01
greensi01|11|Si Green|25|20||666|5.4|14.5|0.373|2.7|3.9|0.685|7.6|4.6|3.5|13.5|greensi01
hattove01|12|Vern Hatton|23|22||657|3.6|11.3|0.319|1.9|2.8|0.667|4.4|1.6|3.0|9.1|hattove01
rolliph01|13|Phil Rollins|25|21||440|4.4|11.8|0.375|2.9|3.7|0.778|7.1|4.7|2.5|11.7|rolliph01
marshto01|14|Tom Marshall|28|18||272|3.0|10.5|0.29100000000000004|2.4|3.8|0.621|6.9|3.6|2.9|8.5|marshto01
