|Season|Age|Tm|Lg|Pos|G|MP|PG%|SG%|SF%|PF%|C%|OnCourt|On-Off|BadPass|LostBall|Shoot|Off.|Shoot.1|Off..1|PGA|And1|Blkd
0|2005-06|21.0|NYK|NBA|PG|72.0|1544.0|100|0|0|0|0|-2.5|7.3|57.0|24.0|66.0|17.0|78.0|24.0|313.0|13.0|44.0
1|2006-07|22.0|NYK|NBA|PG|64.0|1356.0|100|0|0|0|0|-2.4|1.5|24.0|17.0|49.0|16.0|58.0|11.0|194.0|16.0|28.0
2|2007-08|23.0|NYK|NBA|PG|72.0|1883.0|100|0|0|0|0|-4.8|4.8|55.0|27.0|85.0|6.0|79.0|20.0|469.0|17.0|27.0
3|2008-09|24.0|NYK|NBA|PG|74.0|2209.0|100|0|0|0|0|-0.2|5.7|73.0|33.0|76.0|21.0|119.0|27.0|723.0|29.0|32.0
5|2009-10|25.0|NYK|NBA|PG|30.0|733.0|100|0|0|0|0|-0.9|3.6|29.0|13.0|27.0|3.0|27.0|12.0|261.0|11.0|12.0
6|2009-10|25.0|BOS|NBA|PG|26.0|382.0|100|0|0|0|0|-7.0|-12.3|9.0|5.0|18.0|2.0|4.0|3.0|113.0|0.0|5.0
8|2010-11|26.0|BOS|NBA|PG|55.0|983.0|100|0|0|0|0|2.4|-4.9|28.0|17.0|37.0|14.0|17.0|7.0|226.0|3.0|8.0
9|2010-11|26.0|OKC|NBA|PG|4.0|30.0|100|0|0|0|0|-35.0|-39.5|1.0|0.0|3.0|1.0|2.0|1.0|14.0|0.0|0.0
10|2011-12|27.0|GSW|NBA|PG|51.0|1192.0|100|0|0|0|0|0.5|6.5|40.0|17.0|42.0|6.0|38.0|5.0|539.0|7.0|21.0
11|2012-13|28.0|CHI|NBA|PG|82.0|2086.0|100|0|0|0|0|0.3|-0.6|76.0|39.0|77.0|11.0|53.0|13.0|777.0|9.0|37.0
12|2013-14|29.0|DEN|NBA|PG|44.0|866.0|100|0|0|0|0|5.7|9.9|35.0|16.0|27.0|3.0|31.0|6.0|246.0|4.0|18.0
14|2014-15|30.0|DEN|NBA|PG|33.0|465.0|100|0|0|0|0|-8.0|-4.7|14.0|2.0|23.0|4.0|11.0|4.0|176.0|3.0|6.0
15|2014-15|30.0|LAC|NBA|PG|9.0|126.0|100|0|0|0|0|-11.9|-19.8|4.0|2.0|4.0|0.0|3.0|1.0|49.0|0.0|1.0
16|2015-16|31.0|NOP|NBA|PG|2.0|23.0|100|0|0|0|0|-44.1|-40.5|0.0|0.0|1.0|0.0|0.0|0.0|9.0|0.0|0.0
