|Season|Age|Tm|Lg|Pos|G|MP|FG%|Dist.|% of 2PA|% of 0-3|% of 3-10|% of 10-16|% of 16-3pt|% of 3P|2P %FG|0-3 %FG|3-10 %FG|10-16 %FG|16-3pt%FG|3P %FG|2P % Assisted|% of Dunks|Dunks Made|3P % Assisted|% of 3PA from Corner|Corner 3 %FG |Heaves Attempted|Heaves Made
0|2000-01|19.0|UTA|NBA|SG|40.0|293.0|0.341|8.8|0.868|0.451|0.165|0.077|0.17600000000000002|0.132|0.38|0.585|0.267|0.0|0.125|0.083|0.767|0.077|6.0|1.0|0.5|0.0|0.0|0.0
1|2001-02|20.0|UTA|NBA|SG|67.0|1134.0|0.385|12.4|0.9329999999999999|0.299|0.081|0.105|0.447|0.067|0.408|0.514|0.16699999999999998|0.513|0.355|0.08|0.759|0.049|15.0|0.5|0.28|0.0|2.0|0.0
2|2002-03|21.0|UTA|NBA|SG|61.0|760.0|0.401|12.5|0.958|0.278|0.067|0.127|0.486|0.042|0.40399999999999997|0.506|0.105|0.41700000000000004|0.384|0.33299999999999996|0.764|0.07|20.0|0.75|0.33299999999999996|0.25|0.0|0.0
4|2003-04|22.0|UTA|NBA|SG|54.0|1511.0|0.445|14.2|0.9490000000000001|0.259|0.055999999999999994|0.026000000000000002|0.608|0.051|0.457|0.52|0.212|0.4|0.455|0.233|0.76|0.034|18.0|0.7140000000000001|0.3|0.111|0.0|0.0
5|2003-04|22.0|ORL|NBA|SF|26.0|933.0|0.40399999999999997|13.6|0.856|0.284|0.046|0.08800000000000001|0.439|0.14400000000000002|0.42200000000000004|0.48100000000000004|0.385|0.32|0.408|0.293|0.42700000000000005|0.021|6.0|0.917|0.415|0.294|0.0|0.0
6|2004-05|23.0|ORL|NBA|SG|55.0|1089.0|0.408|12.3|0.843|0.373|0.052000000000000005|0.052000000000000005|0.366|0.157|0.415|0.484|0.045|0.273|0.41700000000000004|0.373|0.523|0.04|14.0|0.84|0.209|0.429|1.0|0.0
7|2005-06|24.0|ORL|NBA|SG|82.0|2648.0|0.46|10.6|0.981|0.41|0.052000000000000005|0.078|0.44|0.019|0.466|0.5379999999999999|0.341|0.39299999999999996|0.42700000000000005|0.133|0.655|0.057999999999999996|41.0|1.0|0.133|0.5|3.0|0.0
8|2006-07|25.0|WAS|NBA|SG|82.0|2419.0|0.461|14.6|0.757|0.266|0.057|0.07|0.364|0.243|0.479|0.605|0.163|0.45299999999999996|0.442|0.40399999999999997|0.509|0.033|23.0|0.8240000000000001|0.37200000000000005|0.353|1.0|0.0
9|2007-08|26.0|WAS|NBA|SG|82.0|2564.0|0.386|18.5|0.47100000000000003|0.183|0.044000000000000004|0.04|0.204|0.529|0.39|0.51|0.235|0.387|0.314|0.38299999999999995|0.34299999999999997|0.012|9.0|0.867|0.23199999999999998|0.396|4.0|0.0
10|2008-09|27.0|WAS|NBA|SG|32.0|886.0|0.312|19.8|0.442|0.13|0.035|0.035|0.242|0.5579999999999999|0.363|0.467|0.125|0.375|0.33899999999999997|0.271|0.21600000000000003|0.0|0.0|0.857|0.271|0.257|0.0|0.0
12|2009-10|28.0|WAS|NBA|SG|40.0|616.0|0.282|20.5|0.39799999999999996|0.087|0.028999999999999998|0.019|0.262|0.602|0.439|0.778|0.0|0.0|0.40700000000000003|0.177|0.556|0.01|1.0|0.909|0.355|0.182|0.0|0.0
13|2009-10|28.0|DAL|NBA|SG|24.0|267.0|0.28300000000000003|17.5|0.583|0.183|0.017|0.033|0.35|0.41700000000000004|0.257|0.364|0.0|0.0|0.23800000000000002|0.32|0.889|0.017|1.0|1.0|0.6|0.4|0.0|0.0
14|2010-11|29.0|DAL|NBA|SG|72.0|1158.0|0.38799999999999996|21.2|0.245|0.091|0.018000000000000002|0.027000000000000003|0.109|0.755|0.42|0.433|0.33299999999999996|0.222|0.47200000000000003|0.37799999999999995|0.324|0.0|0.0|0.9890000000000001|0.42200000000000004|0.419|2.0|0.0
15|2011-12|30.0|NJN|NBA|SF|51.0|960.0|0.285|22.7|0.157|0.040999999999999995|0.012|0.017|0.087|0.843|0.29600000000000004|0.429|0.0|0.667|0.2|0.28300000000000003|0.25|0.0|0.0|0.902|0.359|0.28800000000000003|0.0|0.0
16|2012-13|31.0|ATL|NBA|SG|56.0|1158.0|0.374|22.4|0.20199999999999999|0.057|0.019|0.023|0.10300000000000001|0.7979999999999999|0.415|0.6|0.4|0.33299999999999996|0.33299999999999996|0.364|0.545|0.008|2.0|0.987|0.397|0.434|1.0|0.0
