player_id|Rk|Unnamed: 1|Age|G|GS|MP|FG|FGA|FG%|3P|3PA|3P%|2P|2PA|2P%|FT|FTA|FT%|ORB|DRB|TRB|AST|STL|BLK|TOV|PF|PTS|player_id
ervinju01|1|Julius Erving|29|78||2812|10.7|20.7|0.519|0.1|0.3|0.2|10.7|20.4|0.523|5.4|6.8|0.787|2.8|4.6|7.4|4.5|2.2|1.8|3.6|2.7|26.9|ervinju01
jonesca01|2|Caldwell Jones|29|80||2771|3.0|6.9|0.436|0.0|0.0|0.0|3.0|6.9|0.43799999999999994|1.6|2.3|0.6970000000000001|2.8|9.5|12.3|2.1|0.6|2.1|2.8|3.9|7.6|jonesca01
cheekma01|3|Maurice Cheeks|23|79||2623|4.9|9.1|0.54|0.1|0.1|0.444|4.8|8.9|0.541|2.5|3.2|0.779|1.0|2.7|3.8|7.6|2.5|0.4|3.0|2.7|12.3|cheekma01
dawkida01|4|Darryl Dawkins|23|80||2541|7.0|13.4|0.522|0.0|0.1|0.0|7.0|13.3|0.526|2.7|4.1|0.653|2.8|7.0|9.8|2.1|0.7|2.0|3.3|4.6|16.7|dawkida01
jonesbo01|5|Bobby Jones|28|81||2125|6.7|12.7|0.532|0.0|0.1|0.0|6.7|12.6|0.534|4.4|5.6|0.7809999999999999|2.6|5.0|7.6|2.5|1.7|2.0|2.5|3.8|17.8|jonesbo01
bibbyhe01|6|Henry Bibby|30|82||2035|4.4|11.1|0.401|0.2|0.9|0.212|4.2|10.2|0.418|4.0|5.1|0.79|1.1|2.5|3.7|5.4|1.1|0.1|2.6|2.8|13.1|bibbyhe01
mixst01|7|Steve Mix|32|81||1543|8.5|16.4|0.516|0.1|0.2|0.4|8.4|16.2|0.518|4.8|5.8|0.831|2.7|4.1|6.8|3.5|1.6|0.2|3.1|2.7|21.9|mixst01
richacl01|8|Clint Richardson|23|52||988|5.8|12.7|0.457|0.0|0.1|0.33299999999999996|5.8|12.6|0.45799999999999996|1.0|1.6|0.622|2.0|2.5|4.5|3.9|0.9|0.5|2.3|3.5|12.6|richacl01
collido01|9|Doug Collins|28|36||963|7.1|15.3|0.466|0.0|0.0|0.0|7.1|15.3|0.467|4.2|4.6|0.9109999999999999|1.1|2.4|3.5|3.7|1.1|0.3|3.1|2.8|18.5|collido01
hollili01|10|Lionel Hollins|26|27||796|5.9|14.2|0.415|0.1|0.5|0.2|5.8|13.7|0.42200000000000004|3.0|3.9|0.77|1.1|2.0|3.1|5.1|2.1|0.4|3.1|3.1|14.9|hollili01
spanaji01|11|Jim Spanarkel|22|40||442|5.9|12.5|0.47100000000000003|0.0|0.2|0.0|5.9|12.3|0.47700000000000004|4.4|5.3|0.831|2.2|2.2|4.4|4.2|1.0|0.5|4.6|4.7|16.1|spanaji01
toonebe01|12|Bernard Toone|23|23||124|6.7|18.6|0.359|0.3|2.0|0.14300000000000002|6.4|16.5|0.386|2.3|2.9|0.8|3.5|6.4|9.9|3.5|1.2|1.5|4.6|5.8|16.0|toonebe01
moneyer01|13|Eric Money|24|6||82|6.1|15.8|0.389|0.0|0.0||6.1|15.8|0.389|0.9|0.9|1.0|1.3|1.8|3.1|7.0|0.0|0.4|5.3|4.8|13.2|moneyer01
skinnal01|14|Al Skinner|27|2||10|3.6|7.2|0.5|0.0|0.0||3.6|7.2|0.5|0.0|0.0||0.0|0.0|0.0|7.2|0.0|0.0|7.2|3.6|7.2|skinnal01
