|Season|Age|Tm|Lg|Pos|G|MP|PG%|SG%|SF%|PF%|C%|OnCourt|On-Off|BadPass|LostBall|Shoot|Off.|Shoot.1|Off..1|PGA|And1|Blkd
0|2006-07|22.0|DAL|NBA|PG|33.0|191.0|100|0|0|0|0|-7.4|-16.3|10.0|2.0|8.0|1.0|13.0|8.0|57.0|4.0|5.0
1|2007-08|23.0|DAL|NBA|PG|44.0|460.0|100|0|0|0|0|4.8|-0.4|16.0|12.0|22.0|4.0|16.0|12.0|135.0|5.0|13.0
2|2008-09|24.0|DAL|NBA|SG|79.0|1600.0|62|39|0|0|0|1.7|-1.3|57.0|33.0|50.0|8.0|40.0|44.0|609.0|5.0|41.0
3|2009-10|25.0|DAL|NBA|PG|78.0|1546.0|90|10|0|0|0|-1.4|-7.0|57.0|33.0|49.0|5.0|34.0|48.0|579.0|10.0|31.0
4|2010-11|26.0|DAL|NBA|PG|81.0|1669.0|97|3|0|0|0|5.8|1.8|70.0|46.0|42.0|9.0|79.0|53.0|713.0|25.0|43.0
5|2011-12|27.0|MIN|NBA|PG|41.0|1032.0|100|0|0|0|0|-4.2|-3.2|64.0|29.0|14.0|7.0|40.0|35.0|530.0|8.0|27.0
6|2012-13|28.0|MIN|NBA|PG|74.0|1713.0|100|0|0|0|0|-1.7|0.9|74.0|47.0|35.0|14.0|39.0|34.0|655.0|12.0|46.0
7|2013-14|29.0|MIN|NBA|PG|79.0|1471.0|100|0|0|0|0|-3.4|-9.3|78.0|27.0|40.0|12.0|38.0|18.0|674.0|9.0|43.0
8|2014-15|30.0|DAL|NBA|PG|77.0|1362.0|100|0|0|0|0|4.8|2.7|45.0|16.0|35.0|4.0|34.0|25.0|593.0|6.0|33.0
9|2015-16|31.0|DAL|NBA|PG|74.0|1667.0|100|0|0|0|0|-2.2|-3.5|51.0|44.0|28.0|6.0|35.0|34.0|690.0|9.0|45.0
10|2016-17|32.0|DAL|NBA|PG|35.0|771.0|93|7|0|0|0|0.2|4.3|49.0|11.0|9.0|1.0|0.0|24.0|430.0|2.0|15.0
11|2017-18|33.0|DAL|NBA|PG|69.0|1603.0|100|0|0|0|0|-0.9|4.4|107.0|25.0|23.0|4.0|40.0|27.0|995.0|7.0|24.0
12|2018-19|34.0|DAL|NBA|PG|38.0|752.0|100|0|0|0|0|2.4|5.1|44.0|17.0|9.0|7.0|26.0|21.0|500.0|7.0|13.0
