|Rk|Team|G|W|L|W/L%|PW|PL|ORtg|DRtg|Pace|FTr|3PAr|eFG%|TOV%|ORB%|FT/FGA|Opp eFG%|Opp TOV%|DRB%|Opp FT/FGA
0|1.0|Boston Celtics|18.0|12.0|6.0|0.667|10.8|7.2|97.5|94.6|101.5|0.305||0.435|16.2|33.1|0.245|0.461|16.2|76.0|0.19899999999999998
1|2.0|Phoenix Suns|19.0|10.0|9.0|0.526|8.8|10.2|98.4|99.4|104.4|0.332||0.46399999999999997|16.8|28.7|0.251|0.461|17.3|67.1|0.267
2|3.0|Golden State Warriors|13.0|7.0|6.0|0.5379999999999999|8.8|4.2|104.9|99.5|104.4|0.28600000000000003||0.47|14.7|34.6|0.221|0.47200000000000003|17.7|67.3|0.23600000000000002
3|4.0|Cleveland Cavaliers|13.0|6.0|7.0|0.462|6.2|6.8|95.0|95.7|96.1|0.259||0.431|13.3|29.7|0.182|0.435|16.1|70.6|0.253
4|5.0|Buffalo Braves|9.0|4.0|5.0|0.444|3.2|5.8|98.0|102.2|104.1|0.317||0.48100000000000004|16.1|23.1|0.23600000000000002|0.455|14.1|67.1|0.215
5|6.0|Detroit Pistons|9.0|4.0|5.0|0.444|3.2|5.8|103.8|108.3|105.0|0.26899999999999996||0.486|16.9|35.3|0.217|0.49|15.7|64.2|0.258
6|7.0|Washington Bullets|7.0|3.0|4.0|0.429|3.7|3.3|93.7|93.1|96.4|0.366||0.44799999999999995|17.0|25.7|0.25|0.402|12.4|68.6|0.19399999999999998
7|8.0|Seattle Supersonics|6.0|2.0|4.0|0.33299999999999996|1.9|4.1|101.4|106.9|105.8|0.414||0.48|18.6|36.1|0.29100000000000004|0.506|16.7|67.8|0.294
8|9.0|Philadelphia 76ers|3.0|1.0|2.0|0.33299999999999996|2.0|1.0|108.7|103.0|101.6|0.355||0.46|13.1|36.6|0.275|0.473|14.3|74.2|0.314
9|10.0|Milwaukee Bucks|3.0|1.0|2.0|0.33299999999999996|1.4|1.6|106.6|107.5|105.4|0.451||0.545|18.9|20.6|0.35600000000000004|0.48|13.7|63.0|0.17300000000000001
