player_id|Rk|Unnamed: 1|Age|G|GS|MP|FG|FGA|FG%|FT|FTA|FT%|ORB|DRB|TRB|AST|STL|BLK|TOV|PF|PTS|player_id
hollili01|1|Lionel Hollins|24|81||2741|7.0|15.8|0.442|2.9|3.9|0.743|1.1|2.6|3.6|5.0|2.1|0.4|3.2|3.5|16.9|hollili01
davisjo01|2|Johnny Davis|22|82||2188|5.6|12.4|0.45399999999999996|3.1|3.7|0.828|1.1|1.8|2.8|3.6|1.3|0.2|2.5|2.8|14.4|davisjo01
grossbo01|3|Bob Gross|24|72||2163|6.3|12.0|0.529|2.5|3.2|0.8|3.0|3.7|6.7|4.2|1.7|0.9|3.0|3.9|15.2|grossbo01
lucasma01|4|Maurice Lucas|25|68||2119|7.7|16.8|0.45799999999999996|3.5|4.6|0.767|3.2|7.4|10.6|2.9|1.0|1.0|3.3|3.8|18.9|lucasma01
waltobi01|5|Bill Walton|25|58||1929|8.6|16.5|0.522|3.3|4.6|0.72|2.2|12.1|14.3|5.4|1.1|2.7|3.8|2.7|20.5|waltobi01
twardda01|6|Dave Twardzik|27|75||1820|4.8|8.1|0.5920000000000001|3.6|4.6|0.782|0.7|1.9|2.7|4.8|2.1|0.1|3.1|3.7|13.2|twardda01
owensto01|7|Tom Owens|28|82||1714|6.6|13.4|0.49|4.3|5.8|0.741|4.1|7.3|11.4|3.4|0.7|0.8|3.2|5.5|17.5|owensto01
calhoco01|8|Corky Calhoun|27|79||1370|4.6|9.6|0.479|1.7|2.0|0.868|1.9|3.7|5.6|2.3|1.1|0.4|1.7|3.7|10.9|calhoco01
nealll01|9|Lloyd Neal|27|61||1174|8.3|16.6|0.504|3.9|5.4|0.718|3.6|7.9|11.4|2.5|0.9|0.6|2.9|3.9|20.6|nealll01
steella01|10|Larry Steele|28|65||1132|6.7|14.2|0.47|3.2|3.9|0.82|1.1|2.5|3.6|2.8|1.9|0.2|2.1|4.4|16.5|steella01
dunntr01|11|T.R. Dunn|22|63||768|4.7|11.3|0.41700000000000004|1.7|2.6|0.6609999999999999|3.0|3.9|6.9|2.1|2.2|0.4|1.6|3.5|11.1|dunntr01
norwowi01|12|Willie Norwood|30|19||351|4.1|10.2|0.40399999999999997|3.1|4.7|0.652|2.3|4.4|6.7|1.9|1.8|0.0|4.0|5.7|11.3|norwowi01
schluda01|13|Dale Schlueter|32|10||109|2.6|6.3|0.42100000000000004|3.0|5.9|0.5|1.7|5.3|6.9|5.9|1.0|0.7|5.0|6.6|8.3|schluda01
walkewa01|14|Wally Walker|23|9||101|6.8|14.6|0.46299999999999997|1.8|2.9|0.625|2.5|3.6|6.1|2.9|0.7|0.0|3.9|4.6|15.3|walkewa01
dorseja01|15|Jacky Dorsey|23|4||51|6.4|13.4|0.474|4.9|7.8|0.636|4.2|2.8|7.1|2.1|0.0|0.7|2.1|5.6|17.6|dorseja01
