player_id|Rk|Unnamed: 1|Age|G|GS|MP|FG|FGA|FG%|FT|FTA|FT%|ORB|DRB|TRB|AST|STL|BLK|TOV|PF|PTS|player_id
hollili01|1|Lionel Hollins|24|81||2741|531|1202|0.442|223|300|0.743|81|196|277|380|157|29|241|268|1285|hollili01
davisjo01|2|Johnny Davis|22|82||2188|343|756|0.45399999999999996|188|227|0.828|65|108|173|217|81|14|151|173|874|davisjo01
grossbo01|3|Bob Gross|24|72||2163|381|720|0.529|152|190|0.8|180|220|400|254|100|52|179|234|914|grossbo01
lucasma01|4|Maurice Lucas|25|68||2119|453|989|0.45799999999999996|207|270|0.767|186|435|621|173|61|56|192|221|1113|lucasma01
waltobi01|5|Bill Walton|25|58||1929|460|882|0.522|177|246|0.72|118|648|766|291|60|146|206|145|1097|waltobi01
twardda01|6|Dave Twardzik|27|75||1820|242|409|0.5920000000000001|183|234|0.782|36|98|134|244|107|4|158|186|667|twardda01
owensto01|7|Tom Owens|28|82||1714|313|639|0.49|206|278|0.741|195|346|541|160|33|37|152|263|832|owensto01
calhoco01|8|Corky Calhoun|27|79||1370|175|365|0.479|66|76|0.868|73|142|215|87|42|15|64|141|416|calhoco01
nealll01|9|Lloyd Neal|27|61||1174|272|540|0.504|127|177|0.718|116|257|373|81|29|21|96|128|671|nealll01
steella01|10|Larry Steele|28|65||1132|210|447|0.47|100|122|0.82|34|79|113|87|59|5|66|138|520|steella01
dunntr01|11|T.R. Dunn|22|63||768|100|240|0.41700000000000004|37|56|0.6609999999999999|63|84|147|45|46|8|35|74|237|dunntr01
norwowi01|12|Willie Norwood|30|19||351|40|99|0.40399999999999997|30|46|0.652|22|43|65|19|18|0|39|56|110|norwowi01
schluda01|13|Dale Schlueter|32|10||109|8|19|0.42100000000000004|9|18|0.5|5|16|21|18|3|2|15|20|25|schluda01
walkewa01|14|Wally Walker|23|9||101|19|41|0.46299999999999997|5|8|0.625|7|10|17|8|2|0|11|13|43|walkewa01
dorseja01|15|Jacky Dorsey|23|4||51|9|19|0.474|7|11|0.636|6|4|10|3|0|1|3|8|25|dorseja01
