|Season|Age|Tm|Lg|Pos|G|MP|FG%|Dist.|% of 2PA|% of 0-3|% of 3-10|% of 10-16|% of 16-3pt|% of 3P|2P %FG|0-3 %FG|3-10 %FG|10-16 %FG|16-3pt%FG|3P %FG|2P % Assisted|% of Dunks|Dunks Made|3P % Assisted|% of 3PA from Corner|Corner 3 %FG |Heaves Attempted|Heaves Made
0|2002-03|23.0|DET|NBA|PF|72.0|1366.0|0.426|12.2|0.735|0.307|0.17|0.125|0.132|0.265|0.457|0.608|0.33299999999999996|0.302|0.41100000000000003|0.33899999999999997|0.599|0.033|13.0|0.9470000000000001|0.11599999999999999|0.308|0.0|0.0
1|2003-04|24.0|DET|NBA|PF|71.0|1580.0|0.46299999999999997|9.6|0.9109999999999999|0.35100000000000003|0.188|0.203|0.17|0.08900000000000001|0.47200000000000003|0.537|0.451|0.46399999999999997|0.37|0.375|0.562|0.037000000000000005|19.0|0.889|0.146|0.28600000000000003|1.0|0.0
2|2004-05|25.0|UTA|NBA|C|82.0|2304.0|0.46799999999999997|9.8|0.917|0.374|0.147|0.153|0.242|0.083|0.486|0.5720000000000001|0.369|0.44|0.45399999999999996|0.27|0.561|0.048|36.0|0.941|0.048|0.0|1.0|0.0
3|2005-06|26.0|UTA|NBA|PF|82.0|2945.0|0.46|13.3|0.7929999999999999|0.24100000000000002|0.156|0.121|0.275|0.207|0.491|0.61|0.364|0.478|0.465|0.342|0.636|0.023|23.0|0.938|0.017|0.25|1.0|0.0
4|2006-07|27.0|UTA|NBA|C|80.0|2664.0|0.462|14.8|0.6829999999999999|0.22|0.128|0.098|0.23800000000000002|0.317|0.498|0.5539999999999999|0.40399999999999997|0.5|0.496|0.384|0.6509999999999999|0.027999999999999997|29.0|0.977|0.042|0.429|0.0|0.0
5|2007-08|28.0|UTA|NBA|C|72.0|2390.0|0.445|15.2|0.65|0.231|0.094|0.08800000000000001|0.23800000000000002|0.35|0.475|0.515|0.43|0.419|0.475|0.38799999999999996|0.612|0.028999999999999998|23.0|0.965|0.139|0.415|1.0|0.0
6|2008-09|29.0|UTA|NBA|C|72.0|2409.0|0.485|13.1|0.773|0.262|0.151|0.11699999999999999|0.24100000000000002|0.22699999999999998|0.49700000000000005|0.618|0.455|0.47100000000000003|0.40700000000000003|0.446|0.5720000000000001|0.036000000000000004|31.0|1.0|0.069|0.5710000000000001|1.0|0.0
7|2009-10|30.0|UTA|NBA|C|73.0|2149.0|0.45799999999999996|12.6|0.725|0.321|0.124|0.098|0.18100000000000002|0.275|0.486|0.5820000000000001|0.385|0.447|0.40700000000000003|0.385|0.626|0.040999999999999995|27.0|0.963|0.141|0.36700000000000005|0.0|0.0
8|2010-11|31.0|UTA|NBA|C|13.0|168.0|0.355|13.7|0.742|0.177|0.19399999999999998|0.21|0.161|0.258|0.37|0.364|0.16699999999999998|0.615|0.3|0.313|0.706|0.016|1.0|1.0|0.25|0.5|0.0|0.0
9|2011-12|32.0|NJN|NBA|C|17.0|454.0|0.374|18.5|0.48200000000000004|0.057999999999999996|0.122|0.158|0.14400000000000002|0.518|0.433|0.625|0.294|0.5|0.4|0.319|0.586|0.0|0.0|0.9570000000000001|0.306|0.273|0.0|0.0
