|Season|Age|Tm|Lg|Pos|G|GS|MP|FG|FGA|FG%|3P|3PA|3P%|2P|2PA|2P%|eFG%|FT|FTA|FT%|ORB|DRB|TRB|AST|STL|BLK|TOV|PF|PTS
0|2005-06|23.0|MEM|NBA|PF|68.0|2.0|10.6|1.5|3.4|0.44299999999999995|0.0|0.0||1.5|3.4|0.44299999999999995|0.44299999999999995|1.1|1.7|0.6609999999999999|0.6|1.5|2.1|0.4|0.2|0.3|0.8|1.7|4.1
1|2006-07|24.0|MEM|NBA|PF|82.0|43.0|26.2|4.5|8.7|0.524|0.0|0.1|0.0|4.5|8.6|0.53|0.524|3.6|4.7|0.7709999999999999|1.6|3.5|5.1|0.9|0.5|0.4|2.0|2.8|12.7
2|2007-08|25.0|MEM|NBA|PF|75.0|30.0|23.4|4.4|8.7|0.502|0.2|0.6|0.271|4.2|8.1|0.521|0.512|2.4|3.5|0.7040000000000001|1.6|3.1|4.7|0.7|0.5|0.4|1.1|2.1|11.4
3|2008-09|26.0|MEM|NBA|PF|82.0|7.0|24.7|4.1|8.5|0.491|0.1|0.3|0.217|4.1|8.2|0.5|0.494|3.2|4.6|0.711|1.6|3.4|5.0|0.8|0.6|0.5|1.2|2.1|11.6
5|2009-10|27.0|MIL|NBA|PF|48.0|6.0|21.3|3.8|7.9|0.48100000000000004|0.0|0.1|0.16699999999999998|3.8|7.8|0.48700000000000004|0.483|2.6|3.6|0.727|1.8|2.6|4.4|0.7|0.4|0.2|1.2|1.7|10.2
6|2009-10|27.0|CHI|NBA|PF|28.0|0.0|19.0|3.0|6.1|0.483|0.0|0.0|0.0|3.0|6.1|0.485|0.483|2.8|3.6|0.755|1.4|2.2|3.6|0.6|0.3|0.3|0.8|1.5|8.7
7|2010-11|28.0|PHO|NBA|PF|80.0|6.0|17.7|2.9|5.6|0.511|0.0|0.1|0.091|2.8|5.4|0.522|0.512|2.7|3.7|0.721|1.1|2.6|3.7|0.9|0.4|0.1|1.0|1.3|8.4
8|2011-12|29.0|PHO|NBA|PF|35.0|0.0|14.4|2.1|5.1|0.41100000000000003|0.0|0.3|0.1|2.1|4.9|0.429|0.414|2.2|2.8|0.768|0.9|1.7|2.6|0.9|0.2|0.1|1.0|1.0|6.4
10|2012-13|30.0|NOH|NBA|PF|1.0|0.0|7.0|1.0|2.0|0.5|0.0|0.0||1.0|2.0|0.5|0.5|2.0|2.0|1.0|0.0|0.0|0.0|0.0|1.0|0.0|0.0|0.0|4.0
11|2012-13|30.0|CHA|NBA|PF|27.0|14.0|17.9|2.4|6.0|0.405|0.0|0.1|0.0|2.4|5.9|0.413|0.405|2.1|3.2|0.674|0.8|2.5|3.3|0.9|0.4|0.2|1.1|1.4|7.0
