|Season|Age|Tm|Lg|Pos|G|GS|MP|FG|FGA|FG%|FT|FTA|FT%|TRB|AST|PF|PTS
1|1956-57|22.0|STL|NBA||19.0||438.0|77.0|211.0|0.365|41.0|60.0|0.6829999999999999|167.0|22.0|57.0|195.0
2|1956-57|22.0|NYK|NBA|PF|52.0||1340.0|216.0|609.0|0.355|91.0|135.0|0.674|450.0|62.0|129.0|523.0
3|1957-58|23.0|NYK|NBA|SF|68.0||2369.0|472.0|1189.0|0.397|284.0|344.0|0.826|799.0|97.0|220.0|1228.0
4|1958-59|24.0|NYK|NBA|SF|68.0||2061.0|405.0|1072.0|0.37799999999999995|258.0|311.0|0.83|723.0|102.0|233.0|1068.0
5|1959-60|25.0|NYK|NBA|SF|65.0||2250.0|551.0|1286.0|0.428|286.0|342.0|0.836|921.0|138.0|214.0|1388.0
6|1960-61|26.0|NYK|NBA|SF|79.0||2976.0|737.0|1723.0|0.428|372.0|456.0|0.816|1055.0|191.0|268.0|1846.0
7|1961-62|27.0|NYK|NBA|SF|75.0||2978.0|747.0|1798.0|0.415|383.0|455.0|0.8420000000000001|867.0|192.0|260.0|1877.0
9|1962-63|28.0|NYK|NBA|SF|23.0||676.0|155.0|375.0|0.413|78.0|96.0|0.813|200.0|44.0|42.0|388.0
10|1962-63|28.0|SFW|NBA|SF|47.0||1225.0|215.0|512.0|0.42|88.0|111.0|0.7929999999999999|315.0|58.0|163.0|518.0
11|1963-64|29.0|BOS|NBA|SF|78.0||1409.0|321.0|769.0|0.41700000000000004|125.0|157.0|0.7959999999999999|356.0|64.0|208.0|767.0
12|1964-65|30.0|BOS|NBA|SF|71.0||1465.0|302.0|786.0|0.384|143.0|176.0|0.813|336.0|72.0|225.0|747.0
13|1965-66|31.0|BOS|NBA|SF|71.0||1433.0|328.0|815.0|0.402|104.0|131.0|0.794|319.0|72.0|197.0|760.0
