|Season|Age|Tm|Lg|Pos|G|GS|MP|FG|FGA|FG%|3P|3PA|3P%|2P|2PA|2P%|FT|FTA|FT%|ORB|DRB|TRB|AST|STL|BLK|TOV|PF|PTS
0|1981-82|22.0|PHO|NBA|PF|80.0|0.0|1186.0|6.9|13.2|0.521|0.0|0.0|0.0|6.9|13.2|0.522|2.3|3.6|0.6409999999999999|2.9|4.9|7.8|2.5|1.3|2.2|3.2|5.1|16.1
1|1982-83|23.0|PHO|NBA|PF|82.0|82.0|2914.0|7.3|13.2|0.55|0.0|0.0|0.33299999999999996|7.3|13.2|0.551|2.4|3.5|0.672|3.0|5.8|8.8|2.4|1.2|2.7|2.3|3.1|16.9
2|1983-84|24.0|PHO|NBA|PF|82.0|82.0|2899.0|7.5|13.0|0.5760000000000001|0.0|0.1|0.0|7.5|12.9|0.58|3.1|4.4|0.7070000000000001|2.8|5.6|8.4|2.7|1.1|2.2|2.2|3.4|18.0
3|1984-85|25.0|PHO|NBA|PF|61.0|55.0|2202.0|8.4|14.3|0.5870000000000001|0.0|0.0|0.5|8.4|14.3|0.5870000000000001|2.9|4.2|0.7090000000000001|3.2|5.6|8.8|2.6|1.4|1.7|2.2|3.0|19.8
4|1985-86|26.0|PHO|NBA|PF|73.0|69.0|2484.0|8.4|14.5|0.581|0.0|0.1|0.0|8.4|14.4|0.586|4.5|6.4|0.698|2.4|6.5|9.0|3.5|1.0|1.9|3.0|3.6|21.4
5|1986-87|27.0|PHO|NBA|PF|69.0|67.0|2569.0|8.2|14.9|0.551|0.0|0.1|0.2|8.2|14.8|0.5529999999999999|5.3|6.9|0.773|2.6|5.8|8.4|3.3|1.2|2.1|2.1|3.1|21.7
7|1987-88|28.0|PHO|NBA|PF|40.0|34.0|1477.0|8.0|15.0|0.531|0.0|0.1|0.4|7.9|14.9|0.532|4.6|6.1|0.7509999999999999|2.9|6.7|9.6|3.0|1.1|2.3|2.6|3.7|20.5
8|1987-88|28.0|CLE|NBA|PF|27.0|26.0|906.0|6.4|12.1|0.526|0.0|0.0|0.0|6.4|12.0|0.528|4.6|5.6|0.83|2.9|5.5|8.5|3.3|0.7|2.5|1.9|3.6|17.4
9|1988-89|29.0|CLE|NBA|PF|73.0|72.0|2526.0|7.1|13.1|0.539|0.0|0.1|0.0|7.1|13.1|0.541|3.8|4.8|0.799|2.2|6.1|8.3|2.3|0.8|2.9|1.7|2.7|17.9
10|1989-90|30.0|CLE|NBA|PF|62.0|53.0|2065.0|7.2|14.1|0.511|0.0|0.0|1.0|7.2|14.1|0.51|3.2|4.2|0.778|2.8|6.2|9.0|2.8|0.9|2.1|1.9|3.2|17.6
11|1990-91|31.0|CLE|NBA|PF|80.0|78.0|2927.0|7.8|14.9|0.524|0.0|0.1|0.25|7.8|14.8|0.526|3.3|4.1|0.8029999999999999|2.5|6.0|8.4|2.9|0.8|2.5|1.6|2.7|18.9
12|1991-92|32.0|CLE|NBA|PF|81.0|81.0|2880.0|6.9|12.9|0.539|0.0|0.1|0.0|6.9|12.8|0.542|3.3|4.0|0.8220000000000001|2.7|5.7|8.4|2.9|1.0|3.0|1.1|2.5|17.2
13|1992-93|33.0|CLE|NBA|PF|77.0|77.0|2753.0|7.0|12.7|0.5489999999999999|0.0|0.1|0.0|7.0|12.6|0.551|2.6|3.2|0.818|2.4|6.3|8.7|2.9|0.7|2.6|1.4|2.9|16.6
14|1993-94|34.0|CLE|NBA|PF|33.0|19.0|909.0|6.1|12.4|0.48700000000000004|0.0|0.0||6.1|12.4|0.48700000000000004|2.5|3.4|0.753|3.0|5.9|9.0|1.9|1.1|2.2|1.5|3.8|14.7
