player_id|Rk|Unnamed: 1|Age|G|GS|MP|FG|FGA|FG%|FT|FTA|FT%|TRB|AST|PF|PTS|player_id
cousybo01|1|Bob Cousy|25|72||2857|6.1|15.9|0.385|5.2|6.6|0.787|5.0|6.5|2.5|17.4|cousybo01
macaued01|2|Ed Macauley|25|71||2792|6.0|12.2|0.486|5.4|7.1|0.758|7.4|3.5|2.2|17.3|macaued01
sharmbi01|3|Bill Sharman|27|72||2467|6.0|13.4|0.45|4.8|5.7|0.8440000000000001|3.7|3.3|3.1|16.9|sharmbi01
harribo01|4|Bob Harris|26|71||1898|3.0|7.8|0.381|2.0|3.3|0.628|9.8|1.8|4.2|8.0|harribo01
brannbo01|5|Bob Brannum|28|71||1729|2.9|9.4|0.309|2.7|4.3|0.626|10.6|3.0|5.8|8.5|brannbo01
donhabo01|6|Bob Donham|27|68||1451|3.5|7.8|0.44799999999999995|2.9|5.3|0.5539999999999999|6.6|4.6|5.8|9.9|donhabo01
barksdo01|7|Don Barksdale|30|63||1358|4.1|11.0|0.376|3.9|6.0|0.662|9.1|3.1|5.6|12.2|barksdo01
nichoja01|8|Jack Nichols|27|60||1251|3.8|11.1|0.345|2.5|3.3|0.759||2.3|4.5|10.2|nichoja01
coopech01|9|Chuck Cooper|27|70||1101|2.6|8.5|0.299|2.6|3.8|0.672|9.9|2.4|4.9|7.7|coopech01
barreer01|10|Ernie Barrett|24|59||641|3.4|10.7|0.314|0.8|1.4|0.56|5.6|3.1|6.5|7.5|barreer01
mikaned01|11|Ed Mikan|28|9||71|4.1|12.2|0.33299999999999996|2.5|4.6|0.556|10.1|1.5|7.6|10.6|mikaned01
