player_id|Rk|Unnamed: 1|Age|G|GS|MP|FG|FGA|FG%|3P|3PA|3P%|2P|2PA|2P%|eFG%|FT|FTA|FT%|ORB|DRB|TRB|AST|STL|BLK|TOV|PF|PTS|player_id
englial01|1|Alex English|28|82|82|3015|855|1553|0.551|0|8|0.0|855|1545|0.5529999999999999|0.551|372|443|0.84|210|348|558|433|87|120|261|261|2082|englial01
vandeki01|2|Kiki Vandeweghe|23|82|78|2775|706|1260|0.56|1|13|0.077|705|1247|0.565|0.561|347|405|0.857|149|312|461|247|52|29|189|217|1760|vandeki01
dunntr01|3|T.R. Dunn|26|82|80|2519|258|504|0.512|0|1|0.0|258|503|0.513|0.512|153|215|0.7120000000000001|211|348|559|188|135|36|123|210|669|dunntr01
isselda01|4|Dan Issel|33|81|81|2472|651|1236|0.527|4|6|0.667|647|1230|0.526|0.528|546|655|0.8340000000000001|174|434|608|179|67|55|169|245|1852|isselda01
mckinbi01|5|Billy McKinney|26|81|27|1963|369|699|0.528|0|17|0.0|369|682|0.541|0.528|137|170|0.8059999999999999|29|113|142|338|69|16|115|186|875|mckinbi01
gondrgl01|6|Glen Gondrezick|26|80|0|1699|250|495|0.505|0|3|0.0|250|492|0.508|0.505|160|217|0.737|140|283|423|152|92|36|100|229|660|gondrgl01
higgske01|7|Kenny Higgs|27|76|49|1696|202|468|0.43200000000000005|4|21|0.19|198|447|0.44299999999999995|0.436|161|197|0.8170000000000001|23|121|144|395|72|6|156|263|569|higgske01
hordgce01|8|Cedrick Hordges|25|77|1|1372|204|414|0.493|3|13|0.231|201|401|0.501|0.496|116|199|0.583|119|276|395|65|26|19|111|230|527|hordgce01
thompda01|9|David Thompson|27|61|5|1246|313|644|0.486|4|14|0.28600000000000003|309|630|0.49|0.489|276|339|0.8140000000000001|57|91|148|117|34|29|142|149|906|thompda01
rochejo01|10|John Roche|32|39|2|501|68|150|0.45299999999999996|23|52|0.442|45|98|0.45899999999999996|0.53|28|38|0.737|4|19|23|89|15|2|29|40|187|rochejo01
rayja01|11|James Ray|24|40|4|262|51|116|0.44|1|1|1.0|50|115|0.435|0.444|21|36|0.583|18|47|65|26|10|16|37|59|124|rayja01
robisda01|12|Dave Robisch|32|12|0|257|48|106|0.45299999999999996|0|0||48|106|0.45299999999999996|0.45299999999999996|48|55|0.873|14|49|63|32|3|4|13|29|144|robisda01
burnsda01|13|David Burns|23|6|1|53|5|11|0.455|0|0||5|11|0.455|0.455|6|9|0.667|1|2|3|11|2|0|8|13|16|burnsda01
