|Season|Age|Tm|Lg|Pos|G|GS|MP|FG|FGA|FG%|3P|3PA|3P%|2P|2PA|2P%|eFG%|FT|FTA|FT%|ORB|DRB|TRB|AST|STL|BLK|TOV|PF|PTS
0|1980-81|23.0|BOS|NBA|PF|82|1|20.1|4.3|8.1|0.5329999999999999|0.0|0.0|0.0|4.3|8.1|0.535|0.5329999999999999|1.3|1.9|0.679|1.9|2.5|4.4|0.7|0.3|1.8|1.3|3.2|10.0
1|1981-82|24.0|BOS|NBA|PF|82|33|28.4|5.7|10.7|0.531|0.0|0.0||5.7|10.7|0.531|0.531|2.3|3.0|0.754|2.3|4.5|6.8|1.1|0.4|2.3|1.7|3.2|13.6
2|1982-83|25.0|BOS|NBA|PF|82|13|28.6|5.9|10.9|0.541|0.0|0.0|0.0|5.9|10.9|0.541|0.541|2.4|3.3|0.7170000000000001|2.6|4.1|6.7|1.3|0.4|2.3|1.9|2.9|14.1
3|1983-84|26.0|BOS|NBA|PF|82|10|31.4|7.2|12.9|0.556|0.0|0.0|0.33299999999999996|7.1|12.8|0.557|0.557|4.1|5.4|0.765|2.5|4.9|7.4|1.3|0.3|1.5|1.8|3.0|18.4
4|1984-85|27.0|BOS|NBA|PF|79|31|33.6|7.7|13.4|0.57|0.0|0.1|0.0|7.7|13.4|0.573|0.57|4.5|5.9|0.76|2.9|6.1|9.0|1.8|0.4|1.5|2.0|3.0|19.8
5|1985-86|28.0|BOS|NBA|PF|68|62|35.3|8.3|14.4|0.574|0.0|0.0||8.3|14.4|0.574|0.574|4.8|6.2|0.7759999999999999|2.5|5.6|8.1|2.7|0.4|2.0|2.2|2.8|21.3
6|1986-87|29.0|BOS|NBA|PF|77|77|39.7|10.3|17.0|0.604|0.0|0.1|0.0|10.3|16.9|0.606|0.604|5.6|6.6|0.836|3.2|6.7|9.9|2.6|0.5|2.2|2.6|3.1|26.1
7|1987-88|30.0|BOS|NBA|PF|64|63|37.3|8.6|14.2|0.604|0.0|0.0||8.6|14.2|0.604|0.604|5.4|6.8|0.797|2.5|5.9|8.4|2.7|0.4|1.4|2.2|2.8|22.6
8|1988-89|31.0|BOS|NBA|PF|78|74|36.9|8.5|15.5|0.546|0.0|0.1|0.0|8.5|15.5|0.5479999999999999|0.546|5.6|6.8|0.818|2.9|5.3|8.2|2.2|0.3|1.2|2.5|2.9|22.5
9|1989-90|32.0|BOS|NBA|PF|82|25|33.2|7.9|14.4|0.5489999999999999|0.3|0.8|0.33299999999999996|7.6|13.6|0.562|0.5579999999999999|4.8|5.4|0.893|2.5|5.8|8.3|2.1|0.4|1.9|2.2|3.0|20.9
10|1990-91|33.0|BOS|NBA|PF|68|10|30.4|7.4|13.4|0.5529999999999999|0.2|0.5|0.405|7.2|12.9|0.5589999999999999|0.561|3.4|4.0|0.8290000000000001|2.1|4.9|7.1|1.9|0.4|2.1|2.1|2.9|18.4
11|1991-92|34.0|BOS|NBA|PF|56|1|25.0|5.8|11.3|0.509|0.0|0.2|0.0|5.8|11.1|0.52|0.509|2.4|2.9|0.8220000000000001|2.1|3.8|5.9|1.5|0.2|1.1|1.5|2.0|13.9
12|1992-93|35.0|BOS|NBA|PF|71|0|23.3|4.2|9.1|0.45899999999999996|0.0|0.3|0.111|4.2|8.9|0.469|0.461|2.3|2.7|0.841|1.3|3.7|5.0|1.0|0.2|0.8|1.3|1.8|10.7
