player_id|Rk|Unnamed: 1|Age|G|GS|MP|FG|FGA|FG%|FT|FTA|FT%|ORB|DRB|TRB|AST|STL|BLK|PF|PTS/G|player_id
vanlino01|1|Norm Van Lier|29|82||37.8|3.7|8.9|0.41200000000000003|2.9|3.7|0.778|1.3|3.2|4.5|7.8|1.6|0.2|3.3|10.2|vanlino01
lovebo01|2|Bob Love|34|14||35.4|4.9|14.4|0.33799999999999997|2.5|3.3|0.7609999999999999|2.7|2.5|5.2|1.6|0.6|0.1|3.4|12.2|lovebo01
gilmoar01|3|Artis Gilmore|27|82||35.1|7.0|13.3|0.522|4.7|7.1|0.66|3.8|9.2|13.0|2.4|0.5|2.5|3.2|18.6|gilmoar01
johnsmi01|4|Mickey Johnson|24|81||35.1|6.6|14.9|0.446|4.0|5.0|0.7959999999999999|3.7|6.6|10.2|2.4|1.3|0.8|3.9|17.3|johnsmi01
maysc01|5|Scott May|22|72||32.9|6.0|13.3|0.451|2.6|3.2|0.828|2.0|4.1|6.1|2.0|1.1|0.2|2.6|14.6|maysc01
hollawi01|6|Wilbur Holland|25|79||31.1|6.4|14.2|0.45399999999999996|2.0|2.4|0.823|1.0|2.2|3.2|3.2|2.1|0.2|2.5|14.9|hollawi01
mengejo01|7|John Mengelt|27|61||19.3|3.4|7.5|0.456|1.5|1.9|0.7879999999999999|0.5|1.3|1.8|1.9|0.6|0.1|1.7|8.3|mengejo01
marinja01|8|Jack Marin|32|54||16.1|3.1|6.6|0.465|0.6|0.7|0.795|0.5|1.2|1.7|1.1|0.2|0.1|1.6|6.8|marinja01
mccrapa01|9|Paul McCracken|26|9||13.2|2.0|5.2|0.38299999999999995|1.2|2.0|0.611|0.7|1.1|1.8|1.6|0.7|0.0|1.9|5.2|mccrapa01
boerwto01|10|Tom Boerwinkle|31|82||13.0|1.6|3.3|0.491|0.4|0.8|0.54|1.2|2.6|3.8|2.3|0.2|0.2|1.8|3.7|boerwto01
pondecl01|11|Cliff Pondexter|22|78||12.8|1.4|3.3|0.41600000000000004|0.5|0.8|0.6459999999999999|1.0|2.0|3.0|0.5|0.4|0.1|1.1|3.3|pondecl01
fernser01|12|Eric Fernsten|23|5||12.2|0.6|3.0|0.2|1.6|2.2|0.727|1.8|1.4|3.2|1.2|0.2|0.6|1.8|2.8|fernser01
laskojo01|13|John Laskowski|23|47||12.0|1.6|4.5|0.354|0.6|0.6|0.9|0.3|1.0|1.3|0.9|0.7|0.0|0.5|3.8|laskojo01
kroppto01|14|Tom Kropp|23|53||9.1|1.4|2.9|0.48|0.5|0.8|0.6829999999999999|0.4|0.5|0.9|0.7|0.3|0.0|1.5|3.3|kroppto01
hicksph01|15|Phil Hicks|24|35||7.3|1.2|2.5|0.47100000000000003|0.3|0.4|0.846|0.7|1.1|1.9|0.7|0.2|0.0|1.0|2.7|hicksph01
smithwi02|16|Willie Smith|23|2||5.5|0.0|0.5|0.0|0.0|0.0||0.0|0.0|0.0|0.0|0.0|0.0|0.5|0.0|smithwi02
starrke01|17|Keith Starr|22|17||3.8|0.4|1.4|0.25|0.1|0.1|1.0|0.4|0.2|0.6|0.4|0.1|0.0|0.6|0.8|starrke01
