player_id|Rk|Unnamed: 1|Age|G|GS|MP|FG|FGA|FG%|FT|FTA|FT%|ORB|DRB|TRB|AST|STL|BLK|PF|PTS|player_id
ervinju01|1|Julius Erving|26|82||2940|685|1373|0.499|400|515|0.777|192|503|695|306|159|113|251|1770|ervinju01
mcginge01|2|George McGinnis|26|79||2769|659|1439|0.45799999999999996|372|546|0.6809999999999999|324|587|911|302|163|37|299|1690|mcginge01
bibbyhe01|3|Henry Bibby|27|81||2639|302|702|0.43|221|282|0.784|86|187|273|356|108|5|200|825|bibbyhe01
freewo01|4|World B. Free|23|78||2253|467|1022|0.457|334|464|0.72|97|140|237|266|75|25|207|1268|freewo01
collido01|5|Doug Collins|25|58||2037|426|823|0.518|210|250|0.84|64|131|195|271|70|15|174|1062|collido01
jonesca01|6|Caldwell Jones|26|82||2023|215|424|0.507|64|116|0.552|190|476|666|92|43|200|301|494|jonesca01
mixst01|7|Steve Mix|29|75||1958|288|551|0.523|215|263|0.8170000000000001|127|249|376|152|90|20|167|791|mixst01
catchha01|8|Harvey Catchings|25|53||864|62|123|0.504|33|47|0.7020000000000001|64|170|234|30|23|78|130|157|catchha01
dawkida01|9|Darryl Dawkins|20|59||684|135|215|0.628|40|79|0.506|59|171|230|24|12|49|129|310|dawkida01
bryanjo01|10|Joe Bryant|22|61||612|107|240|0.446|53|70|0.757|45|72|117|48|36|13|84|267|bryanjo01
dunlemi01|11|Mike Dunleavy|22|32||359|60|145|0.414|34|45|0.7559999999999999|10|24|34|56|13|2|64|154|dunlemi01
cartefr01|12|Fred Carter|31|14||237|43|101|0.426|10|19|0.526|10|14|24|21|11|2|29|96|cartefr01
barneji02|13|Jim Barnett|32|16||231|28|64|0.43799999999999994|10|18|0.556|7|7|14|23|4|0|28|66|barneji02
furlote01|14|Terry Furlow|22|32||174|34|100|0.34|16|18|0.889|18|21|39|19|7|2|11|84|furlote01
