player_id|Rk|Unnamed: 1|Age|G|GS|MP|FG|FGA|FG%|3P|3PA|3P%|2P|2PA|2P%|eFG%|FT|FTA|FT%|ORB|DRB|TRB|AST|STL|BLK|TOV|PF|PTS|player_id
gordoaa01|1|Aaron Gordon|23|78|78|2633|470|1046|0.449|121|347|0.349|349|699|0.499|0.507|185|253|0.731|129|445|574|289|57|56|162|172|1246|gordoaa01
fournev01|2|Evan Fournier|26|81|81|2553|468|1069|0.43799999999999994|153|450|0.34|315|619|0.509|0.509|137|170|0.8059999999999999|38|220|258|295|71|12|154|225|1226|fournev01
vucevni01|3|Nikola Vučević|28|80|80|2510|701|1354|0.518|84|231|0.364|617|1123|0.5489999999999999|0.5489999999999999|179|227|0.789|224|736|960|307|81|89|159|157|1665|vucevni01
augusdj01|4|D.J. Augustin|31|81|81|2269|318|677|0.47|131|311|0.42100000000000004|187|366|0.511|0.5660000000000001|181|209|0.866|41|162|203|426|52|4|128|115|948|augusdj01
rosste01|5|Terrence Ross|27|81|0|2150|440|1027|0.428|217|566|0.38299999999999995|223|461|0.484|0.534|126|144|0.875|27|253|280|135|72|29|90|119|1223|rosste01
isaacjo01|6|Jonathan Isaac|21|75|64|1996|262|611|0.429|86|266|0.32299999999999995|176|345|0.51|0.499|110|135|0.815|99|312|411|80|59|98|75|143|720|isaacjo01
iwundwe01|7|Wesley Iwundu|24|68|13|1233|113|274|0.41200000000000003|29|79|0.36700000000000005|84|195|0.431|0.465|84|103|0.816|37|147|184|73|28|22|44|123|339|iwundwe01
grantje02|8|Jerian Grant|26|60|1|939|92|220|0.418|40|110|0.364|52|110|0.473|0.509|26|40|0.65|19|79|98|156|44|6|51|78|250|grantje02
simmojo02|9|Jonathon Simmons|29|41|9|845|104|286|0.364|19|83|0.22899999999999998|85|203|0.419|0.397|56|72|0.778|23|77|100|95|18|14|56|68|283|simmojo02
bambamo01|10|Mohamed Bamba|20|47|1|766|117|243|0.48100000000000004|21|70|0.3|96|173|0.555|0.525|37|63|0.5870000000000001|64|169|233|39|13|64|43|102|292|bambamo01
birchkh01|11|Khem Birch|26|50|1|643|91|151|0.603|0|1|0.0|91|150|0.607|0.603|58|83|0.6990000000000001|79|111|190|38|18|29|20|72|240|birchkh01
briscis01|12|Isaiah Briscoe|22|39|0|559|55|138|0.39899999999999997|11|34|0.324|44|104|0.423|0.43799999999999994|15|26|0.5770000000000001|5|69|74|87|11|2|31|66|136|briscis01
martija01|13|Jarell Martin|24|42|1|328|43|104|0.413|20|57|0.35100000000000003|23|47|0.489|0.51|9|11|0.818|11|62|73|18|3|8|11|51|115|martija01
cartemi01|14|Michael Carter-Williams|27|12|0|227|21|62|0.33899999999999997|3|19|0.158|18|43|0.419|0.363|20|27|0.741|16|41|57|49|11|9|10|21|65|cartemi01
jeffeam01|15|Amile Jefferson|25|12|0|68|10|16|0.625|0|0||10|16|0.625|0.625|7|8|0.875|6|15|21|3|3|3|1|8|27|jeffeam01
frazime01|16|Melvin Frazier|22|10|0|44|7|21|0.33299999999999996|0|6|0.0|7|15|0.467|0.33299999999999996|1|4|0.25|3|2|5|1|1|0|1|6|15|frazime01
caupatr01|17|Troy Caupain|23|4|0|16|4|8|0.5|2|3|0.667|2|5|0.4|0.625|0|0||1|2|3|4|1|0|0|0|10|caupatr01
