|Season|Age|Tm|Lg|MP|FG|FGA|3P|3PA|2P|2PA|FT|FTA|ORB|DRB|TRB|AST|STL|BLK|TOV|PF|PTS|GmSc
0|1978-79|23.0|HOU|NBA||5|9.0|||||3|5|||5.0|2.0||2.0|3.0|4.0|13|
1|1979-80|24.0|HOU|NBA||9||0.0||||6|7|||||||||23|
2|1980-81|25.0|HOU|NBA||12|24.0|0.0||12.0||11|14|||13.0|10.0||||6.0|33|
3|1981-82|26.0|HOU|NBA||9|13.0|0.0|0.0|9.0|13.0|3|3|4.0|6.0|10.0|4.0|||0.0|5.0|21|
4|1984-85|29.0|HOU|NBA||6|12.0|0.0|1.0|6.0|11.0|0|0|1.0|4.0|4.0|2.0|2.0|1.0|4.0|5.0|12|9.4
5|1985-86|30.0|HOU|NBA||11|24.0|1.0|3.0|11.0|24.0|7|9|3.0|8.0|8.0|17.0|3.0|1.0|6.0|6.0|29|21.9
6|1986-87|31.0|HOU|NBA||10|25.0|1.0|4.0|9.0|24.0|6|8|2.0|7.0|9.0|12.0|2.0|1.0|8.0|5.0|22|12.9
7|1987-88|32.0|HOU|NBA||5|13.0|2.0|3.0|5.0|11.0|2|2|3.0|6.0|6.0|3.0|2.0|0.0|2.0|4.0|12|8.7
8|1990-91|35.0|PHI|NBA||2|4.0|0.0|1.0|2.0|4.0|0|0|1.0|4.0|5.0|1.0|1.0|0.0|1.0|2.0|4|1.5
