|Season|Age|Tm|Lg|Pos|G|GS|MP|FG|FGA|FG%|3P|3PA|3P%|2P|2PA|2P%|FT|FTA|FT%|ORB|DRB|TRB|AST|STL|BLK|TOV|PF|PTS
0|1978-79|23.0|HOU|NBA|SF|2.0||45.0|5.6|13.6|0.41200000000000003||||5.6|13.6|0.41200000000000003|4.8|7.2|0.667|4.0|3.2|7.2|1.6|0.8|1.6|4.0|5.6|16.0
1|1979-80|24.0|HOU|NBA|SF|7.0||266.0|7.0|13.8|0.51|0.0|0.1|0.0|7.0|13.7|0.515|3.0|3.5|0.846|1.9|5.5|7.4|3.5|0.8|0.9|2.6|3.8|17.1
2|1980-81|25.0|HOU|NBA|SF|21.0||868.0|5.8|12.6|0.45899999999999996|0.0|0.1|0.0|5.8|12.5|0.462|2.5|3.8|0.6629999999999999|2.3|3.6|5.9|4.1|2.1|1.0|1.8|3.3|14.1
3|1981-82|26.0|HOU|NBA|SF|3.0||115.0|4.7|9.7|0.484|0.0|0.0||4.7|9.7|0.484|1.3|1.6|0.8|2.8|5.3|8.1|2.8|1.6|0.6|0.0|3.1|10.6
4|1984-85|29.0|HOU|NBA|SF|5.0|0.0|87.0|7.9|18.6|0.42200000000000004|0.0|1.7|0.0|7.9|17.0|0.46299999999999997|0.0|0.0||1.2|5.8|7.0|2.1|1.7|0.8|2.5|9.1|15.7
5|1985-86|30.0|HOU|NBA|SF|20.0|20.0|773.0|5.8|13.4|0.431|0.1|1.0|0.14300000000000002|5.6|12.4|0.45299999999999996|2.2|2.7|0.797|0.6|3.3|3.9|6.4|1.3|0.0|2.0|3.4|13.9
6|1986-87|31.0|HOU|NBA|SG|10.0|10.0|431.0|4.7|12.9|0.361|0.2|1.4|0.11800000000000001|4.5|11.5|0.391|1.3|1.9|0.652|0.5|2.5|3.0|4.0|0.8|0.3|2.3|3.0|10.8
7|1987-88|32.0|HOU|NBA|SG|4.0|4.0|114.0|4.7|10.4|0.455|0.9|2.2|0.429|3.8|8.2|0.462|0.6|0.9|0.667|0.9|3.8|4.7|2.5|0.6|0.0|0.9|4.1|11.1
8|1990-91|35.0|PHI|NBA|SF|7.0|0.0|41.0|2.6|7.9|0.33299999999999996|0.0|0.9|0.0|2.6|7.0|0.375|0.0|0.0||0.9|6.1|7.0|1.8|0.9|0.0|1.8|6.1|5.3
