|Season|Age|Tm|Lg|Pos|G|GS|MP|FG|FGA|FG%|3P|3PA|3P%|2P|2PA|2P%|eFG%|FT|FTA|FT%|ORB|DRB|TRB|AST|STL|BLK|TOV|PF|PTS
0|1981-82|22.0|DET|NBA|SF|82.0|82.0|3077.0|636.0|1281.0|0.496|5.0|22.0|0.22699999999999998|631.0|1259.0|0.501|0.498|495.0|621.0|0.797|219.0|224.0|443.0|270.0|89.0|16.0|280.0|241.0|1772.0
1|1982-83|23.0|DET|NBA|SF|58.0|58.0|2252.0|565.0|1156.0|0.489|14.0|37.0|0.37799999999999995|551.0|1119.0|0.49200000000000005|0.495|392.0|464.0|0.845|126.0|138.0|264.0|237.0|67.0|20.0|187.0|157.0|1536.0
2|1983-84|24.0|DET|NBA|SF|76.0|75.0|2493.0|595.0|1296.0|0.45899999999999996|2.0|17.0|0.11800000000000001|593.0|1279.0|0.46399999999999997|0.46|426.0|523.0|0.815|119.0|187.0|306.0|228.0|65.0|17.0|190.0|190.0|1618.0
3|1984-85|25.0|DET|NBA|SF|55.0|43.0|1675.0|396.0|831.0|0.47700000000000004|2.0|5.0|0.4|394.0|826.0|0.47700000000000004|0.478|255.0|288.0|0.885|66.0|152.0|218.0|135.0|49.0|14.0|118.0|118.0|1049.0
4|1985-86|26.0|DET|NBA|SF|81.0|81.0|2626.0|615.0|1236.0|0.498|12.0|25.0|0.48|603.0|1211.0|0.498|0.502|380.0|444.0|0.856|116.0|232.0|348.0|265.0|93.0|10.0|183.0|167.0|1622.0
5|1986-87|27.0|UTA|NBA|SF|79.0|76.0|1865.0|291.0|621.0|0.469|19.0|52.0|0.365|272.0|569.0|0.478|0.484|197.0|226.0|0.872|54.0|188.0|242.0|243.0|85.0|11.0|167.0|147.0|798.0
6|1987-88|28.0|UTA|NBA|SF|49.0|21.0|976.0|139.0|303.0|0.45899999999999996|31.0|74.0|0.419|108.0|229.0|0.47200000000000003|0.51|59.0|68.0|0.868|30.0|87.0|117.0|105.0|34.0|4.0|68.0|68.0|368.0
7|1988-89|29.0|CHH|NBA|SF|71.0|65.0|2302.0|568.0|1215.0|0.467|30.0|84.0|0.35700000000000004|538.0|1131.0|0.47600000000000003|0.48|440.0|508.0|0.866|79.0|188.0|267.0|224.0|88.0|16.0|236.0|196.0|1606.0
8|1989-90|30.0|CHH|NBA|SF|79.0|73.0|2404.0|442.0|1029.0|0.43|38.0|104.0|0.365|404.0|925.0|0.43700000000000006|0.44799999999999995|310.0|351.0|0.883|82.0|240.0|322.0|224.0|75.0|16.0|176.0|220.0|1232.0
9|1990-91|31.0|CHH|NBA|SF|77.0|1.0|1289.0|187.0|412.0|0.45399999999999996|15.0|45.0|0.33299999999999996|172.0|367.0|0.469|0.47200000000000003|152.0|167.0|0.91|46.0|130.0|176.0|159.0|33.0|13.0|92.0|130.0|541.0
