player_id|Rk|Unnamed: 1|Age|G|GS|MP|FG|FGA|FG%|FT|FTA|FT%|ORB|DRB|TRB|AST|STL|BLK|TOV|PF|PTS|Unnamed: 21|ORtg|DRtg|player_id
thompda01|1|David Thompson|23|80||3025|12.1|23.2|0.521|7.6|9.8|0.778|2.3|3.4|5.7|5.3|1.3|1.4|3.6|3.1|31.8||114|104|thompda01
isselda01|2|Dan Issel|29|82||2851|10.2|20.0|0.512|6.6|8.5|0.782|3.9|9.0|12.9|4.7|1.6|0.6|4.0|4.3|27.1||111|100|isselda01
wilkebo01|3|Bob Wilkerson|23|81||2780|6.1|14.9|0.408|2.5|3.3|0.748|1.6|6.0|7.5|7.0|2.0|0.3|4.7|4.4|14.7||87|102|wilkebo01
jonesbo01|4|Bobby Jones|26|75||2440|8.0|13.8|0.578|3.8|5.0|0.7509999999999999|3.0|8.6|11.5|4.6|2.5|2.3|3.5|4.0|19.7||113|97|jonesbo01
roberan01|5|Anthony Roberts|22|82||1598|8.6|20.4|0.423|4.2|5.9|0.722|3.7|6.0|9.7|2.9|1.1|0.2|3.3|5.9|21.5||96|104|roberan01
taylobr01|6|Brian Taylor|26|39||1222|6.6|14.6|0.452|3.2|4.2|0.765|1.1|2.5|3.5|4.8|2.6|0.3|2.8|4.3|16.4||100|103|taylobr01
ellisbo02|7|Bo Ellis|23|78||1213|4.9|11.7|0.41600000000000004|2.6|3.8|0.6920000000000001|4.2|6.9|11.1|2.7|1.8|1.7|3.6|7.6|12.3||91|100|ellisbo02
priceji01|8|Jim Price|28|49||1090|5.7|11.9|0.48100000000000004|2.1|2.7|0.773|1.2|5.2|6.5|6.4|2.8|0.2|4.1|4.8|13.5||94|101|priceji01
calvima01|9|Mack Calvin|30|77||988|6.6|14.9|0.441|7.7|9.2|0.84|0.5|3.3|3.8|6.6|2.1|0.2|4.8|3.9|20.9||102|104|calvima01
lagarto01|10|Tom LaGarde|22|77||868|4.9|12.1|0.405|5.8|7.6|0.76|3.8|7.1|10.9|2.4|0.9|0.9|5.1|7.4|15.6||90|103|lagarto01
hillmda01|11|Darnell Hillman|28|33||746|6.2|12.4|0.498|2.9|4.8|0.605|4.3|9.8|14.2|3.1|0.8|2.2|3.9|7.7|15.2||97|100|hillmda01
simpsra01|12|Ralph Simpson|28|32||584|5.5|17.4|0.317|2.3|3.0|0.775|2.0|3.7|5.7|5.5|3.3|0.3|3.6|3.2|13.4||79|101|simpsra01
smithro01|13|Robert Smith|22|45||378|5.9|11.4|0.515|2.5|2.8|0.875|0.7|3.5|4.2|4.6|2.1|0.4|2.3|6.1|14.2||108|103|smithro01
dorseja01|14|Jacky Dorsey|23|7||37|3.6|14.4|0.25|3.6|6.0|0.6|6.0|17.9|23.9|2.4|2.4|2.4|3.6|10.8|10.8||76|91|dorseja01
cookno01|15|Norm Cook|22|2||10|4.4|13.3|0.33299999999999996|0.0|0.0||4.4|8.9|13.3|4.4|0.0|0.0|0.0|17.7|8.9||101|103|cookno01
