|Season|Age|Tm|Lg|MP|FG|FGA|3P|3PA|2P|2PA|FT|FTA|ORB|DRB|TRB|AST|STL|BLK|TOV|PF|PTS|GmSc
0|1994-95|24.0|NYK|NBA||2|5|1|3|2|3|4|4|1|2|2|2|1|0|3|2|4|3.6
1|1995-96|25.0|NYK|NBA||6|10|3|5|5|6|4|6|2|5|6|7|4|1|4|5|15|13.1
2|1996-97|26.0|NYK|NBA||5|10|3|8|4|8|8|8|3|7|7|12|3|2|6|6|14|18.3
3|1997-98|27.0|NYK|NBA||7|14|4|9|7|11|7|7|2|8|8|17|5|4|6|6|19|22.4
4|1998-99|28.0|NYK|NBA||8|18|4|7|6|12|6|7|2|9|9|13|5|1|6|5|18|18.0
5|1999-00|29.0|NYK|NBA||8|13|7|9|5|7|4|4|2|11|11|10|6|2|5|6|25|26.0
6|2000-01|30.0|NYK|NBA||6|12|4|7|4|7|5|6|3|6|6|12|5|2|5|5|19|18.6
7|2001-02|31.0|NYK|NBA||5|10|3|8|4|6|4|6|2|7|7|12|7|2|6|4|14|17.7
8|2002-03|32.0|NYK|NBA||6|13|5|10|4|7|4|5|3|6|7|11|5|1|5|6|17|20.7
10|2003-04|33.0|NYK|NBA||7|13|4|9|5|7|4|4|2|6|6|13|3|2|5|6|18|18.3
11|2003-04|33.0|SAS|NBA||5|10|4|6|2|4|2|2|1|4|4|4|2|1|5|5|13|10.2
12|2004-05|34.0|HOU|NBA||4|11|4|11|3|6|4|4|1|5|6|9|2|0|5|2|14|15.6
