|Season|Age|Tm|Lg|MP|FG|FGA|3P|3PA|2P|2PA|FT|FTA|ORB|DRB|TRB|AST|STL|BLK|TOV|PF|PTS|GmSc
0|1976-77|21.0|POR|NBA||10|17.0|||||10|10.0|3.0|3.0|5.0|7.0|3.0|2.0||6.0|25|
1|1977-78|22.0|POR|NBA||9|16.0|||||11|11.0|4.0|7.0|7.0|7.0|4.0|2.0|4.0|5.0|23|19.5
2|1978-79|23.0|IND|NBA||14||||||13|14.0|||||||||35|
3|1979-80|24.0|IND|NBA||14||1.0||||10||||||||||32|
4|1980-81|25.0|IND|NBA||13||1.0||||8|10.0|||||||||30|
5|1981-82|26.0|IND|NBA||13||1.0||||12|13.0|||||||||34|
6|1982-83|27.0|ATL|NBA||12|21.0|1.0||12.0||9|10.0|||8.0|17.0||||5.0|31|
7|1983-84|28.0|ATL|NBA||12|24.0|0.0|2.0|12.0|24.0|10|12.0|5.0|6.0|6.0|11.0||2.0||5.0|29|
8|1984-85|29.0|CLE|NBA||14|23.0|2.0|2.0|14.0|22.0|11|11.0|2.0|5.0|5.0|13.0|3.0|1.0|7.0|6.0|33|29.7
10|1985-86|30.0|CLE|NBA||7|14.0|1.0|3.0|7.0|14.0|11|14.0|1.0|3.0|3.0|8.0|3.0|1.0|3.0|3.0|17|16.8
11|1985-86|30.0|ATL|NBA||4|8.0|1.0|1.0|4.0|8.0|11|13.0|1.0|3.0|3.0|10.0|2.0|0.0|5.0|3.0|17|16.5
