|Season|Age|Tm|Lg|Pos|G|GS|MP|FG|FGA|FG%|3P|3PA|3P%|2P|2PA|2P%|FT|FTA|FT%|ORB|DRB|TRB|AST|STL|BLK|TOV|PF|PTS
0|1976-77|21.0|POR|NBA|SG|79.0||1451.0|5.8|13.2|0.441||||5.8|13.2|0.441|4.1|5.2|0.794|1.5|1.6|3.1|3.7|1.0|0.3||3.2|15.7
1|1977-78|22.0|POR|NBA|SG|82.0||2188.0|5.6|12.4|0.45399999999999996||||5.6|12.4|0.45399999999999996|3.1|3.7|0.828|1.1|1.8|2.8|3.6|1.3|0.2|2.5|2.8|14.4
2|1978-79|23.0|IND|NBA|PG|79.0||2971.0|6.8|15.0|0.456||||6.8|15.0|0.456|3.8|4.8|0.7929999999999999|0.8|1.5|2.3|5.5|1.2|0.3|2.6|2.1|17.5
3|1979-80|24.0|IND|NBA|PG|82.0||2912.0|6.1|14.3|0.428|0.0|0.5|0.095|6.1|13.8|0.44|3.8|4.4|0.8640000000000001|1.3|1.5|2.8|5.4|1.4|0.3|2.5|2.2|16.1
4|1980-81|25.0|IND|NBA|PG|76.0||2536.0|6.0|13.0|0.465|0.1|0.5|0.121|6.0|12.5|0.47700000000000004|3.4|4.2|0.7959999999999999|0.8|1.6|2.4|6.8|1.3|0.2|2.4|2.5|15.5
5|1981-82|26.0|IND|NBA|SG|82.0|70.0|2664.0|7.3|15.6|0.467|0.1|0.4|0.185|7.2|15.2|0.473|4.3|5.3|0.799|1.0|1.4|2.4|4.7|1.0|0.1|2.5|2.4|18.9
6|1982-83|27.0|ATL|NBA|SG|53.0|33.0|1465.0|6.3|13.9|0.455|0.1|0.4|0.278|6.2|13.5|0.461|4.0|5.1|0.7959999999999999|0.9|2.2|3.1|7.7|1.1|0.2|2.8|2.5|16.8
7|1983-84|28.0|ATL|NBA|PG|75.0|72.0|2079.0|6.1|13.9|0.44299999999999995|0.0|0.1|0.0|6.1|13.7|0.447|3.8|4.4|0.848|0.9|1.5|2.4|5.6|1.1|0.1|2.3|2.5|16.0
8|1984-85|29.0|CLE|NBA|PG|76.0|30.0|1920.0|6.3|14.8|0.426|0.2|0.9|0.261|6.1|14.0|0.436|4.8|5.6|0.85|0.7|1.6|2.2|8.0|0.8|0.1|2.8|2.5|17.6
10|1985-86|30.0|CLE|NBA|SG|39.0|0.0|612.0|6.0|13.9|0.43|0.1|0.6|0.182|5.9|13.3|0.442|3.9|4.6|0.848|0.4|1.8|2.1|6.2|1.4|0.2|2.4|2.6|16.1
11|1985-86|30.0|ATL|NBA|SG|27.0|7.0|402.0|4.1|9.6|0.43|0.1|0.2|0.5|4.0|9.4|0.429|4.6|5.3|0.8640000000000001|0.2|1.5|1.7|10.0|1.2|0.0|3.4|2.9|12.9
