|Season|Age|Tm|Lg|Pos|G|GS|MP|FG|FGA|FG%|3P|3PA|3P%|2P|2PA|2P%|FT|FTA|FT%|ORB|DRB|TRB|AST|STL|BLK|TOV|PF|PTS|ORtg|DRtg
0|1989-90|23.0|GSW|NBA|PG|79.0|78.0|2663.0|7.9|16.8|0.47100000000000003|0.4|1.4|0.27399999999999997|7.5|15.3|0.489|3.6|4.7|0.764|1.0|4.3|5.3|11.7|2.8|0.2|4.4|3.9|19.8|105.0|112.0
1|1990-91|24.0|GSW|NBA|PG|82.0|82.0|3215.0|10.7|22.4|0.47600000000000003|1.4|3.6|0.385|9.3|18.7|0.494|4.4|5.5|0.8029999999999999|1.3|3.5|4.8|11.4|3.1|0.2|3.9|3.3|27.1|114.0|110.0
2|1991-92|25.0|GSW|NBA|PG|81.0|81.0|3332.0|10.2|22.2|0.461|1.8|5.2|0.33799999999999997|8.5|16.9|0.499|4.2|5.4|0.7659999999999999|1.1|3.2|4.3|11.2|2.3|0.2|3.7|2.9|26.4|114.0|112.0
3|1992-93|26.0|GSW|NBA|PG|66.0|66.0|2609.0|9.6|21.6|0.447|1.9|5.7|0.33|7.8|15.9|0.489|5.0|6.8|0.7440000000000001|1.1|3.8|4.9|12.9|2.1|0.2|4.1|2.8|26.2|114.0|112.0
4|1994-95|28.0|GSW|NBA|PG|62.0|62.0|2321.0|9.1|21.3|0.42700000000000005|3.5|9.4|0.37799999999999995|5.5|11.9|0.465|4.6|6.1|0.76|1.0|3.0|4.0|12.2|1.9|0.3|4.5|3.3|26.3|112.0|114.0
6|1995-96|29.0|GSW|NBA|PG|52.0|18.0|1487.0|8.8|20.9|0.42100000000000004|2.9|8.0|0.366|5.9|12.9|0.455|4.8|6.3|0.769|0.8|3.8|4.5|12.4|2.6|0.4|4.3|4.5|25.4|112.0|111.0
7|1995-96|29.0|MIA|NBA|PG|28.0|28.0|1047.0|8.3|19.4|0.425|2.7|7.4|0.361|5.6|12.0|0.46399999999999997|5.1|6.2|0.821|0.7|4.3|4.9|14.1|2.9|0.3|5.5|3.5|24.3|110.0|103.0
8|1996-97|30.0|MIA|NBA|PG|81.0|81.0|3136.0|10.0|24.0|0.415|3.5|10.2|0.344|6.5|13.8|0.469|5.0|6.3|0.799|0.8|4.0|4.8|12.1|2.6|0.2|4.0|2.9|28.5|113.0|102.0
9|1997-98|31.0|MIA|NBA|PG|81.0|81.0|3031.0|10.0|23.3|0.431|2.8|8.0|0.35100000000000003|7.3|15.4|0.47200000000000003|4.6|5.9|0.7809999999999999|0.9|4.5|5.4|12.1|2.4|0.3|4.0|3.6|27.5|113.0|103.0
10|1998-99|32.0|MIA|NBA|PG|48.0|48.0|1772.0|9.6|24.0|0.4|3.6|9.9|0.36|6.0|14.1|0.429|3.9|4.8|0.812|0.5|4.4|4.9|11.2|1.8|0.2|4.2|3.3|26.7|105.0|102.0
11|1999-00|33.0|MIA|NBA|PG|52.0|52.0|1672.0|7.9|20.4|0.386|3.0|8.2|0.36700000000000005|4.9|12.2|0.39799999999999996|3.5|4.3|0.8270000000000001|0.8|4.0|4.8|12.3|1.6|0.1|3.8|3.6|22.3|106.0|105.0
12|2000-01|34.0|MIA|NBA|PG|77.0|77.0|2613.0|8.6|22.0|0.392|4.0|10.9|0.366|4.6|11.1|0.41700000000000004|3.1|3.8|0.8009999999999999|0.5|3.8|4.3|10.2|1.9|0.1|4.0|3.3|24.3|102.0|101.0
14|2001-02|35.0|DAL|NBA|PG|54.0|2.0|1276.0|7.3|20.0|0.36200000000000004|3.8|11.3|0.341|3.4|8.7|0.391|2.6|3.2|0.833|0.5|3.4|3.9|8.1|1.6|0.3|3.0|3.4|21.0|103.0|111.0
15|2001-02|35.0|DEN|NBA|PG|14.0|14.0|325.0|7.7|20.6|0.373|4.6|12.3|0.373|3.1|8.3|0.373|2.0|3.1|0.632|0.2|4.2|4.4|12.6|2.8|0.3|6.2|4.1|21.9|96.0|108.0
16|2002-03|36.0|IND|NBA|PG|10.0|0.0|127.0|7.4|20.2|0.36700000000000005|4.5|12.8|0.355|2.9|7.4|0.389|0.8|1.7|0.5|0.4|5.8|6.2|9.9|3.7|0.0|4.5|3.3|20.2|96.0|99.0
