player_id|Rk|Unnamed: 1|Age|G|GS|MP|FG|FGA|FG%|3P|3PA|3P%|2P|2PA|2P%|eFG%|FT|FTA|FT%|ORB|DRB|TRB|AST|STL|BLK|TOV|PF|PTS|player_id
davisri01|1|Ricky Davis|27|81|81|3021|506|1089|0.465|123|310|0.397|383|779|0.49200000000000005|0.521|239|285|0.8390000000000001|54|261|315|385|80|23|210|189|1374|davisri01
garneke01|2|Kevin Garnett|30|76|76|2995|638|1341|0.47600000000000003|12|56|0.214|626|1285|0.48700000000000004|0.48|416|498|0.835|183|792|975|313|89|126|205|184|1704|garneke01
blounma01|3|Mark Blount|31|82|81|2544|427|839|0.509|9|31|0.29|418|808|0.517|0.514|147|195|0.754|136|369|505|67|43|58|159|239|1010|blounma01
hassetr01|4|Trenton Hassell|27|76|68|2223|217|443|0.49|6|25|0.24|211|418|0.505|0.49700000000000005|72|92|0.7829999999999999|83|160|243|203|22|26|80|144|512|hassetr01
jamesmi01|5|Mike James|31|82|65|2069|297|703|0.42200000000000004|80|215|0.37200000000000005|217|488|0.445|0.479|154|184|0.8370000000000001|25|138|163|297|55|7|129|171|828|jamesmi01
foyera01|6|Randy Foye|23|82|12|1879|300|691|0.434|68|185|0.368|232|506|0.45799999999999996|0.483|164|192|0.8540000000000001|49|169|218|232|53|21|152|184|832|foyera01
jaricma01|7|Marko Jarić|28|70|13|1555|136|325|0.418|32|85|0.376|104|240|0.433|0.46799999999999997|67|88|0.7609999999999999|54|130|184|145|75|16|88|172|371|jaricma01
smithcr01|8|Craig Smith|23|82|5|1537|246|463|0.531|0|6|0.0|246|457|0.5379999999999999|0.531|116|186|0.624|149|267|416|49|51|18|74|223|608|smithcr01
hudsotr01|9|Troy Hudson|30|34|6|554|74|195|0.379|28|80|0.35|46|115|0.4|0.451|26|32|0.813|8|40|48|73|14|2|40|23|202|hudsotr01
mccanra01|10|Rashad McCants|22|37|0|554|62|177|0.35|20|75|0.267|42|102|0.41200000000000003|0.40700000000000003|40|58|0.69|14|33|47|38|26|7|40|71|184|mccanra01
madsema01|11|Mark Madsen|31|56|0|473|23|43|0.535|0|0||23|43|0.535|0.535|15|29|0.517|35|52|87|10|10|10|21|100|61|madsema01
reedju01|12|Justin Reed|25|41|3|318|40|107|0.374|0|0||40|107|0.374|0.374|26|30|0.867|15|31|46|17|5|3|22|44|106|reedju01
wrighbr02|13|Bracey Wright|22|19|0|190|24|60|0.4|6|20|0.3|18|40|0.45|0.45|13|18|0.722|7|14|21|15|9|1|6|6|67|wrighbr02
griffed01|14|Eddie Griffin|24|13|0|92|7|27|0.259|0|1|0.0|7|26|0.26899999999999996|0.259|4|5|0.8|7|18|25|4|0|7|6|8|18|griffed01
