|Season|Age|Tm|Lg|Pos|G|GS|MP|FG|FGA|FG%|3P|3PA|3P%|2P|2PA|2P%|eFG%|FT|FTA|FT%|ORB|DRB|TRB|AST|STL|BLK|TOV|PF|PTS
0|1966-67|23.0|CIN|NBA|PG|3.0||9.0|4.0|9.0|0.444||||4.0|9.0|0.444|0.444|0.0|0.0||||4.0|0.0||||1.0|8.0
1|1967-68|24.0|INA|ABA|SG|3.0||116.0|21.0|49.0|0.429|0.0|9.0|0.0|21.0|40.0|0.525|0.429|28.0|29.0|0.966|||19.0|7.0|||10.0|10.0|70.0
2|1968-69|25.0|INA|ABA|SG|17.0||727.0|144.0|327.0|0.44|5.0|17.0|0.294|139.0|310.0|0.44799999999999995|0.44799999999999995|116.0|133.0|0.872|||70.0|79.0|||43.0|68.0|409.0
3|1969-70|26.0|INA|ABA|PG|14.0||532.0|89.0|234.0|0.38|10.0|28.0|0.35700000000000004|79.0|206.0|0.38299999999999995|0.402|97.0|116.0|0.836|||57.0|54.0|||34.0|50.0|285.0
4|1970-71|27.0|INA|ABA|SG|11.0||384.0|39.0|107.0|0.364|3.0|23.0|0.13|36.0|84.0|0.429|0.379|28.0|37.0|0.757|22.0|26.0|48.0|52.0|||24.0|40.0|109.0
5|1971-72|28.0|INA|ABA|PG|20.0||805.0|142.0|322.0|0.441|7.0|34.0|0.20600000000000002|135.0|288.0|0.469|0.452|92.0|108.0|0.852|||81.0|87.0|||45.0|70.0|383.0
6|1972-73|29.0|INA|ABA|SG|18.0||637.0|102.0|260.0|0.392|6.0|27.0|0.222|96.0|233.0|0.41200000000000003|0.40399999999999997|69.0|80.0|0.863|31.0|35.0|66.0|91.0|||49.0|57.0|279.0
7|1973-74|30.0|INA|ABA|PG|14.0||547.0|90.0|204.0|0.441|6.0|19.0|0.316|84.0|185.0|0.45399999999999996|0.456|58.0|67.0|0.866|20.0|30.0|50.0|62.0|24.0|1.0|33.0|35.0|244.0
8|1974-75|31.0|SSL|ABA|PG|9.0||403.0|85.0|176.0|0.483|6.0|18.0|0.33299999999999996|79.0|158.0|0.5|0.5|60.0|73.0|0.8220000000000001|21.0|25.0|46.0|26.0|16.0|1.0|23.0|18.0|236.0
