|Season|Age|Tm|Lg|Pos|G|MP|PER|TS%|3PAr|FTr|ORB%|DRB%|TRB%|AST%|STL%|BLK%|TOV%|USG%|OWS|DWS|WS|WS/48|OBPM|DBPM|BPM|VORP
0|1981-82|22.0|LAL|NBA|SF|39.0|352.0|11.7|0.489|0.023|0.308|10.9|4.5|7.6|6.0|2.4|0.5|14.8|25.9|-0.1|0.3|0.2|0.028999999999999998|-2.0|-3.1|-5.0|-0.3
1|1982-83|23.0|LAL|NBA|SF|39.0|381.0|9.4|0.451|0.043|0.141|10.0|5.6|7.7|8.3|1.3|0.7|13.5|20.7|0.0|0.2|0.2|0.023|-2.4|-2.6|-5.0|-0.3
2|1983-84|24.0|LAL|NBA|SF|77.0|1425.0|14.7|0.597|0.021|0.193|10.0|5.6|7.7|7.8|1.6|0.2|14.9|21.0|1.8|1.0|2.8|0.095|1.4|-2.0|-0.6|0.5
3|1984-85|25.0|LAL|NBA|SF|76.0|1170.0|17.3|0.5670000000000001|0.1|0.261|10.4|6.0|8.0|8.4|1.6|0.3|10.6|26.4|2.1|0.9|3.0|0.122|2.3|-3.3|-1.1|0.3
4|1985-86|26.0|LAL|NBA|SF|71.0|1213.0|12.4|0.513|0.21|0.11800000000000001|5.0|8.0|6.6|9.0|2.0|0.3|10.9|21.3|0.7|1.2|1.9|0.075|-0.2|-1.3|-1.5|0.2
5|1986-87|27.0|ATL|NBA|SF|76.0|1420.0|15.2|0.534|0.33799999999999997|0.20199999999999999|5.4|6.7|6.1|16.1|2.1|0.1|12.4|24.4|1.7|1.5|3.2|0.10800000000000001|3.1|-1.0|2.1|1.5
7|1987-88|28.0|ATL|NBA|SG|11.0|117.0|12.7|0.467|0.365|0.115|3.8|11.5|7.6|16.3|2.1|0.0|11.4|22.2|0.0|0.1|0.1|0.038|0.0|-1.5|-1.5|0.0
8|1987-88|28.0|SAC|NBA|SF|37.0|886.0|15.2|0.504|0.295|0.201|6.2|7.5|6.9|10.1|2.5|0.4|10.0|26.3|0.5|0.5|1.0|0.054000000000000006|1.4|-2.6|-1.2|0.2
9|1988-89|29.0|NJN|NBA|SG|80.0|2027.0|13.2|0.529|0.278|0.157|3.9|6.6|5.2|9.1|1.9|0.4|11.2|22.3|1.2|1.1|2.3|0.055|0.6|-1.7|-1.2|0.4
10|1989-90|30.0|PHO|NBA|SF|14.0|280.0|9.8|0.53|0.264|0.24100000000000002|4.6|9.2|7.1|7.7|1.4|0.2|12.7|16.3|0.1|0.3|0.4|0.064|-0.8|-0.6|-1.4|0.0
