|Season|Age|Tm|Lg|MP|FG|FGA|3P|3PA|2P|2PA|FT|FTA|ORB|DRB|TRB|AST|STL|BLK|TOV|PF|PTS|GmSc
0|1986-87|23.0|SAS|NBA||13|25|3|4|13|25|12|12|3|6|7|11|4|1|5|4|28|25.0
1|1987-88|24.0|SAS|NBA||12|20|3|4|12|19|13|14|3|6|8|14|6|1|9|5|30|30.7
2|1988-89|25.0|SAS|NBA||11|21|0|1|11|21|9|10|4|5|8|13|7|0|8|5|30|24.2
3|1989-90|26.0|PHI|NBA||13|25|2|4|12|23|9|10|4|7|8|15|7|1|9|6|30|27.4
4|1990-91|27.0|PHI|NBA||10|14|1|2|10|12|5|6|0|7|7|11|3|0|5|3|25|23.9
5|1991-92|28.0|PHI|NBA||11|20|3|4|11|18|8|8|3|8|8|14|5|1|6|4|26|21.3
6|1992-93|29.0|PHI|NBA||10|20|4|7|9|18|7|8|2|6|6|14|5|1|5|4|28|21.7
7|1993-94|30.0|PHI|NBA||8|16|4|6|7|10|6|7|2|5|5|10|4|2|4|5|21|20.7
8|1994-95|31.0|DET|NBA||7|14|3|5|6|11|4|5|3|5|6|12|4|1|5|6|17|18.6
