|Season|Age|Tm|Lg|MP|FG|FGA|3P|3PA|2P|2PA|FT|FTA|ORB|DRB|TRB|AST|STL|BLK|TOV|PF|PTS|GmSc
0|1981-82|22.0|CHI|NBA||9||0||||7|11|||||||||24|
1|1982-83|23.0|CHI|NBA||14|21.0|0||14.0||10|15|||||||||34|
2|1983-84|24.0|CHI|NBA||15|23.0|1||15.0||11|15|||10.0|7.0|4.0|5.0||6.0|33|
3|1984-85|25.0|CHI|NBA||14|23.0|0|1.0|14.0|23.0|13|16|7.0|10.0|16.0|5.0|3.0|5.0|6.0|5.0|37|32.0
4|1985-86|26.0|CHI|NBA||18|28.0|1|2.0|17.0|27.0|13|15|8.0|10.0|12.0|9.0|2.0|3.0|6.0|6.0|44|39.0
5|1986-87|27.0|NJN|NBA||17|25.0|1|2.0|17.0|25.0|13|19|5.0|10.0|11.0|10.0|4.0|4.0|7.0|6.0|38|33.0
6|1987-88|28.0|NJN|NBA||12|21.0|0|1.0|12.0|21.0|14|18|5.0|7.0|9.0|9.0|2.0|4.0|5.0|6.0|29|26.3
7|1988-89|29.0|LAL|NBA||13|16.0|0|1.0|13.0|16.0|10|13|4.0|6.0|8.0|3.0|3.0|5.0|5.0|5.0|29|25.4
8|1989-90|30.0|LAL|NBA||11|18.0|0|1.0|11.0|18.0|8|8|3.0|6.0|8.0|6.0|3.0|3.0|5.0|6.0|24|18.7
9|1990-91|31.0|DEN|NBA||15|27.0|0|2.0|15.0|27.0|15|20|9.0|9.0|15.0|6.0|5.0|2.0|7.0|6.0|40|34.4
10|1991-92|32.0|DET|NBA||16|25.0|1|1.0|16.0|24.0|12|12|5.0|7.0|9.0|5.0|3.0|3.0|5.0|5.0|34|25.1
12|1992-93|33.0|DET|NBA||16|21.0|0|2.0|16.0|21.0|6|8|6.0|7.0|10.0|5.0|3.0|2.0|5.0|6.0|36|24.7
13|1992-93|33.0|MIL|NBA||5|10.0|0|0.0|5.0|10.0|3|4|1.0|3.0|3.0|1.0|1.0|1.0|4.0|2.0|10|6.4
14|1993-94|34.0|PHI|NBA||12|19.0|1|2.0|11.0|18.0|11|13|5.0|7.0|10.0|6.0|3.0|5.0|5.0|6.0|29|26.7
