|Rk|Team|G|W|L|W/L%|PW|PL|ORtg|DRtg|Pace|FTr|3PAr|eFG%|TOV%|ORB%|FT/FGA|Opp eFG%|Opp TOV%|DRB%|Opp FT/FGA
0|1.0|Seattle Supersonics|17.0|12.0|5.0|0.706|9.9|7.1|103.1|100.6|99.6|0.306||0.461|14.8|38.3|0.22|0.455|13.8|70.6|0.22399999999999998
1|2.0|Washington Bullets|19.0|9.0|10.0|0.474|8.6|10.4|101.8|103.1|98.8|0.28600000000000003||0.429|12.8|37.5|0.207|0.452|12.0|67.1|0.201
2|3.0|Phoenix Suns|15.0|9.0|6.0|0.6|8.9|6.1|100.2|97.5|102.8|0.36200000000000004||0.469|16.6|30.1|0.262|0.43700000000000006|16.5|62.6|0.23600000000000002
3|4.0|San Antonio Spurs|14.0|7.0|7.0|0.5|6.7|7.3|103.7|104.2|104.9|0.29||0.45799999999999996|12.8|32.6|0.22|0.469|14.4|63.9|0.218
4|5.0|Philadelphia 76ers|9.0|5.0|4.0|0.556|5.5|3.5|106.6|103.3|105.7|0.361||0.49700000000000005|16.4|36.1|0.263|0.46399999999999997|14.7|65.4|0.22899999999999998
5|6.0|Atlanta Hawks|9.0|5.0|4.0|0.556|4.8|4.2|105.7|104.8|94.0|0.262||0.45299999999999996|12.5|37.7|0.20800000000000002|0.418|13.0|59.8|0.251
6|7.0|Los Angeles Lakers|8.0|3.0|5.0|0.375|3.7|4.3|105.5|106.8|101.0|0.298||0.51|14.5|21.4|0.23399999999999999|0.479|13.7|62.9|0.22
7|8.0|Kansas City Kings|5.0|1.0|4.0|0.2|1.4|3.6|92.9|99.1|106.8|0.34299999999999997||0.41200000000000003|16.3|34.9|0.24600000000000002|0.48100000000000004|20.7|68.6|0.304
8|9.0|Portland Trail Blazers|3.0|1.0|2.0|0.33299999999999996|1.2|1.8|96.2|99.5|100.5|0.297||0.456|16.1|30.2|0.20800000000000002|0.49|17.4|75.8|0.266
9|10.0|Denver Nuggets|3.0|1.0|2.0|0.33299999999999996|1.3|1.7|105.8|108.4|104.0|0.326||0.48700000000000004|14.3|33.1|0.23399999999999999|0.517|13.0|77.3|0.23199999999999998
10|11.0|New Jersey Nets|2.0|0.0|2.0|0.0|0.5|1.5|99.1|107.4|108.5|0.322||0.431|14.5|37.5|0.203|0.484|17.4|53.8|0.258
11|12.0|Houston Rockets|2.0|0.0|2.0|0.0|0.6|1.4|101.6|107.8|96.9|0.353||0.385|14.6|43.2|0.28300000000000003|0.456|13.3|55.6|0.23600000000000002
