|Season|Age|Tm|Lg|Pos|G|MP|PG%|SG%|SF%|PF%|C%|OnCourt|On-Off|BadPass|LostBall|Shoot|Off.|Shoot.1|Off..1|PGA|And1|Blkd
0|2003-04|23.0|WAS|NBA|PG|75.0|1392.0|95|5|0|0|0|-4.1|2.9|84.0|28.0|41.0|6.0|17.0|0.0|468.0|0.0|11.0
1|2004-05|24.0|WAS|NBA|PG|44.0|648.0|100|0|0|0|0|-7.2|-8.3|21.0|15.0|17.0|2.0|7.0|0.0|153.0|1.0|7.0
2|2005-06|25.0|POR|NBA|PG|68.0|1781.0|85|15|0|0|0|-11.7|-1.2|55.0|18.0|44.0|5.0|15.0|9.0|657.0|2.0|16.0
4|2006-07|26.0|MIL|NBA|PG|33.0|583.0|100|0|0|0|0|-11.3|-7.7|19.0|3.0|20.0|2.0|3.0|3.0|192.0|0.0|6.0
5|2006-07|26.0|DEN|NBA|PG|49.0|1642.0|100|1|0|0|0|2.6|1.3|69.0|14.0|36.0|5.0|10.0|9.0|714.0|3.0|7.0
6|2007-08|27.0|POR|NBA|PG|81.0|2424.0|100|0|0|0|0|1.1|6.2|78.0|14.0|60.0|6.0|7.0|21.0|930.0|1.0|11.0
7|2008-09|28.0|POR|NBA|PG|69.0|2188.0|100|0|0|0|0|9.7|7.6|78.0|20.0|46.0|2.0|15.0|26.0|767.0|1.0|16.0
9|2009-10|29.0|POR|NBA|PG|51.0|1397.0|100|0|0|0|0|3.7|-0.4|45.0|11.0|25.0|4.0|4.0|17.0|456.0|1.0|6.0
10|2009-10|29.0|LAC|NBA|PG|29.0|762.0|94|6|0|0|0|-14.1|-8.7|46.0|11.0|13.0|0.0|2.0|7.0|406.0|0.0|2.0
11|2010-11|30.0|LAL|NBA|PG|79.0|1581.0|100|0|0|0|0|2.9|-6.6|54.0|12.0|43.0|3.0|7.0|11.0|380.0|0.0|8.0
12|2011-12|31.0|LAL|NBA|PG|53.0|1237.0|100|0|0|0|0|0.2|-2.1|56.0|9.0|35.0|3.0|6.0|19.0|388.0|0.0|8.0
13|2012-13|32.0|LAL|NBA|PG|45.0|1175.0|98|2|0|0|0|2.4|1.0|43.0|17.0|32.0|0.0|7.0|13.0|396.0|0.0|11.0
15|2013-14|33.0|LAL|NBA|PG|27.0|891.0|91|9|0|0|0|-6.1|0.0|58.0|11.0|13.0|0.0|7.0|7.0|468.0|2.0|6.0
16|2013-14|33.0|GSW|NBA|PG|28.0|607.0|100|0|0|0|0|-4.0|-10.6|18.0|6.0|13.0|1.0|2.0|3.0|236.0|1.0|1.0
17|2014-15|34.0|POR|NBA|PG|81.0|1529.0|99|1|0|0|0|3.2|-1.7|73.0|20.0|38.0|3.0|11.0|10.0|662.0|3.0|6.0
18|2015-16|35.0|DET|NBA|PG|58.0|986.0|100|0|0|0|0|-2.8|-4.2|46.0|28.0|25.0|0.0|6.0|7.0|477.0|2.0|10.0
