|Season|Age|Tm|Lg|Pos|G|GS|MP|FG|FGA|FG%|3P|3PA|3P%|2P|2PA|2P%|FT|FTA|FT%|ORB|DRB|TRB|AST|STL|BLK|TOV|PF|PTS
0|2003-04|23.0|WAS|NBA|PG|75.0|14.0|1392.0|4.1|10.5|0.386|1.9|5.2|0.371|2.1|5.3|0.4|1.4|1.7|0.821|0.5|2.6|3.0|5.4|1.5|0.2|3.3|2.6|11.5
1|2004-05|24.0|WAS|NBA|PG|44.0|1.0|648.0|3.4|10.3|0.32799999999999996|2.0|5.2|0.387|1.4|5.2|0.26899999999999996|1.8|2.3|0.805|1.0|2.9|3.9|3.8|0.7|0.0|2.2|2.6|10.6
2|2005-06|25.0|POR|NBA|PG|68.0|57.0|1781.0|4.2|9.5|0.43799999999999994|1.5|3.7|0.413|2.6|5.8|0.455|1.5|1.8|0.7909999999999999|0.5|2.4|3.0|6.2|0.8|0.1|1.7|2.2|11.3
4|2006-07|26.0|MIL|NBA|PG|33.0|2.0|583.0|2.8|8.0|0.349|1.2|4.2|0.27899999999999997|1.6|3.8|0.426|0.7|1.2|0.55|0.4|2.3|2.8|5.2|0.6|0.2|1.7|3.0|7.4
5|2006-07|26.0|DEN|NBA|PG|49.0|40.0|1642.0|3.6|8.3|0.43200000000000005|1.1|3.1|0.34299999999999997|2.5|5.3|0.483|0.7|1.0|0.727|0.3|2.4|2.7|7.1|1.1|0.1|2.2|1.6|8.9
6|2007-08|27.0|POR|NBA|PG|81.0|78.0|2424.0|3.9|9.5|0.408|1.8|4.4|0.406|2.1|5.1|0.409|0.7|1.0|0.7659999999999999|0.5|2.4|2.9|6.1|0.8|0.1|1.7|2.0|10.3
7|2008-09|28.0|POR|NBA|PG|69.0|69.0|2188.0|4.6|10.6|0.428|2.3|5.4|0.42700000000000005|2.3|5.2|0.429|1.0|1.2|0.84|0.5|2.4|2.8|5.7|1.1|0.1|1.8|2.1|12.5
9|2009-10|29.0|POR|NBA|PG|51.0|28.0|1397.0|3.7|9.1|0.40299999999999997|2.0|5.3|0.377|1.7|3.8|0.439|0.6|0.8|0.75|0.4|2.7|3.0|5.2|1.0|0.1|1.7|2.2|10.0
10|2009-10|29.0|LAC|NBA|PG|29.0|10.0|762.0|3.5|7.9|0.44299999999999995|1.8|4.1|0.43700000000000006|1.7|3.8|0.45|0.6|0.8|0.75|0.3|3.0|3.3|8.4|1.0|0.2|3.0|1.8|9.4
11|2010-11|30.0|LAL|NBA|PG|79.0|0.0|1581.0|2.5|7.0|0.359|1.7|4.4|0.37799999999999995|0.8|2.6|0.327|0.6|0.7|0.867|0.4|3.1|3.6|3.9|0.9|0.1|1.7|2.3|7.3
12|2011-12|31.0|LAL|NBA|PG|53.0|5.0|1237.0|2.9|7.8|0.377|1.5|4.6|0.335|1.4|3.2|0.436|0.6|0.8|0.778|0.3|2.2|2.5|5.1|1.1|0.1|2.1|2.2|8.0
13|2012-13|32.0|LAL|NBA|PG|45.0|13.0|1175.0|3.5|8.3|0.42200000000000004|2.2|5.2|0.42100000000000004|1.3|3.0|0.424|0.8|1.1|0.7709999999999999|0.6|3.4|4.0|5.3|1.0|0.2|1.9|2.5|10.0
15|2013-14|33.0|LAL|NBA|PG|27.0|27.0|891.0|3.6|9.4|0.37799999999999995|2.1|5.3|0.397|1.5|4.1|0.353|1.1|1.4|0.8|0.3|3.8|4.2|8.3|1.4|0.1|2.9|2.0|10.3
16|2013-14|33.0|GSW|NBA|PG|28.0|1.0|607.0|2.7|7.1|0.375|1.6|4.7|0.342|1.1|2.4|0.439|0.3|0.5|0.625|0.3|3.0|3.3|6.0|1.2|0.4|1.8|2.1|7.2
17|2014-15|34.0|POR|NBA|PG|81.0|0.0|1529.0|2.9|7.7|0.373|1.8|5.2|0.35200000000000004|1.1|2.5|0.41700000000000004|0.7|1.0|0.7070000000000001|0.4|2.8|3.2|6.8|1.0|0.1|2.4|2.8|8.2
18|2015-16|35.0|DET|NBA|PG|58.0|2.0|986.0|3.4|8.8|0.38799999999999996|1.9|5.5|0.344|1.5|3.2|0.461|0.6|0.7|0.8|0.3|2.9|3.2|7.3|0.9|0.2|3.0|2.6|9.3
