|Season|Age|Tm|Lg|Pos|G|GS|MP|FG|FGA|FG%|3P|3PA|3P%|2P|2PA|2P%|FT|FTA|FT%|ORB|DRB|TRB|AST|STL|BLK|TOV|PF|PTS|ORtg|DRtg
1|1991-92|22.0|LAC|NBA|PG|10.0|0.0|66.0|4.5|11.3|0.4|0.0|1.5|0.0|4.5|9.8|0.462|0.8|1.5|0.5|1.5|3.8|5.3|10.5|6.8|0.8|9.8|7.5|9.8|65.0|97.0
2|1991-92|22.0|CHH|NBA|PG|40.0|0.0|371.0|5.5|14.5|0.377|0.1|0.6|0.2|5.3|13.9|0.385|3.3|5.0|0.667|1.5|2.5|4.1|8.1|3.2|0.3|4.7|3.3|14.4|87.0|111.0
3|1993-94|24.0|PHO|NBA|PG|27.0|9.0|432.0|4.8|13.0|0.37200000000000005|0.0|0.3|0.0|4.8|12.6|0.382|2.4|3.2|0.75|1.4|3.1|4.5|14.4|2.9|0.1|4.9|4.1|12.1|96.0|108.0
4|1994-95|25.0|PHO|NBA|PG|82.0|51.0|1977.0|7.7|14.9|0.52|0.6|1.5|0.41700000000000004|7.1|13.4|0.532|4.0|4.9|0.81|1.3|2.5|3.8|10.0|3.9|0.1|4.1|3.6|20.1|114.0|109.0
5|1995-96|26.0|PHO|NBA|PG|81.0|26.0|1668.0|8.1|16.9|0.475|0.7|1.8|0.40700000000000003|7.3|15.1|0.484|4.7|6.0|0.778|1.0|3.1|4.2|10.9|2.7|0.2|4.5|4.3|21.5|108.0|111.0
6|1996-97|27.0|MIL|NBA|PG|82.0|3.0|1595.0|7.3|15.4|0.474|1.6|4.6|0.358|5.6|10.8|0.523|2.7|3.6|0.745|0.8|3.4|4.2|8.3|3.3|0.1|3.7|3.9|18.9|108.0|108.0
7|1997-98|28.0|MIL|NBA|PG|81.0|33.0|1752.0|7.3|17.0|0.43|0.5|1.5|0.34|6.8|15.5|0.43799999999999994|2.8|3.3|0.8440000000000001|0.6|2.6|3.3|7.0|2.7|0.1|3.9|3.9|18.0|96.0|107.0
9|1998-99|29.0|MIL|NBA|PG|5.0|0.0|47.0|10.6|20.0|0.529|1.2|1.2|1.0|9.4|18.8|0.5|1.2|2.3|0.5|1.2|8.2|9.4|14.1|4.7|0.0|2.3|3.5|23.5|124.0|97.0
10|1998-99|29.0|NJN|NBA|PG|30.0|0.0|243.0|6.5|18.6|0.349|1.9|5.0|0.391|4.5|13.6|0.33299999999999996|1.9|2.6|0.75|1.3|4.3|5.6|7.6|3.5|0.0|6.9|4.8|16.8|78.0|103.0
11|1999-00|30.0|NJN|NBA|PG|60.0|5.0|803.0|8.3|19.0|0.435|0.7|2.5|0.282|7.6|16.5|0.45899999999999996|3.2|4.0|0.8059999999999999|0.8|3.1|3.9|9.0|2.5|0.1|3.9|3.0|20.5|100.0|108.0
13|2000-01|31.0|ORL|NBA|PG|6.0|0.0|39.0|6.6|14.5|0.455|0.0|1.3|0.0|6.6|13.2|0.5|0.0|0.0||1.3|4.0|5.3|6.6|4.0|0.0|7.9|1.3|13.2|71.0|101.0
14|2000-01|31.0|PHO|NBA|PG|43.0|6.0|460.0|6.7|14.5|0.465|0.1|0.4|0.25|6.6|14.0|0.47200000000000003|1.8|2.5|0.727|0.9|3.8|4.7|8.3|2.1|0.1|3.6|3.1|15.4|97.0|101.0
15|2001-02|32.0|MEM|NBA|PG|2.0|0.0|48.0|5.5|11.0|0.5|0.0|0.0||5.5|11.0|0.5|1.1|2.2|0.5|0.0|4.4|4.4|7.7|3.3|0.0|7.7|6.6|12.1|73.0|106.0
