|Season|Age|Tm|Lg|Pos|G|GS|MP|FG|FGA|FG%|3P|3PA|3P%|2P|2PA|2P%|FT|FTA|FT%|ORB|DRB|TRB|AST|STL|BLK|TOV|PF|PTS
0|1992-93|23.0|MIN|NBA|PF|81.0|81.0|2823.0|6.4|13.5|0.474|0.1|0.5|0.1|6.4|13.0|0.489|5.9|7.1|0.835|2.2|6.8|9.0|2.8|1.3|1.1|3.5|3.7|18.8
1|1993-94|24.0|MIN|NBA|PF|70.0|67.0|2428.0|5.9|13.1|0.44799999999999995|0.1|0.4|0.24|5.8|12.7|0.455|5.6|7.1|0.7829999999999999|2.4|6.6|8.9|4.6|1.3|1.3|3.8|3.9|17.4
2|1994-95|25.0|MIN|NBA|C|81.0|80.0|2770.0|5.8|12.0|0.489|0.2|0.5|0.325|5.7|11.4|0.49700000000000005|5.3|6.5|0.818|2.1|5.8|8.0|3.0|1.3|1.1|2.9|3.9|17.2
4|1995-96|26.0|MIN|NBA|C|44.0|44.0|1518.0|6.7|13.8|0.486|0.2|0.7|0.29|6.5|13.1|0.49700000000000005|5.1|6.3|0.816|2.3|4.8|7.2|3.1|0.9|1.0|2.7|3.7|18.8
5|1995-96|26.0|ATL|NBA|C|30.0|27.0|977.0|5.9|12.0|0.489|0.0|0.3|0.0|5.9|11.7|0.502|3.9|4.8|0.823|3.2|5.5|8.7|2.5|1.1|1.0|2.8|4.4|15.7
6|1996-97|27.0|ATL|NBA|PF|82.0|82.0|3140.0|6.3|12.9|0.486|0.4|1.0|0.35200000000000004|5.9|11.9|0.49700000000000005|4.1|5.0|0.816|2.4|5.8|8.3|2.6|1.2|0.7|2.5|3.2|17.0
7|1997-98|28.0|ATL|NBA|PF|74.0|49.0|2282.0|5.6|11.5|0.485|0.1|0.4|0.222|5.5|11.1|0.495|4.8|5.6|0.8640000000000001|2.2|5.4|7.7|3.0|1.1|1.2|2.9|3.9|16.1
8|1998-99|29.0|DET|NBA|PF|16.0|0.0|337.0|4.1|11.3|0.358|0.1|0.3|0.33299999999999996|4.0|11.0|0.359|4.7|6.1|0.772|2.2|3.5|5.8|2.6|1.6|1.3|2.0|3.2|12.9
9|1999-00|30.0|DET|NBA|C|82.0|82.0|2443.0|5.6|11.8|0.473|0.1|0.4|0.292|5.5|11.4|0.479|3.5|4.3|0.812|2.6|5.6|8.1|2.7|1.2|0.7|2.7|4.8|14.8
11|2000-01|31.0|DAL|NBA|C|53.0|35.0|930.0|6.4|12.5|0.511|0.0|0.1|0.33299999999999996|6.3|12.4|0.513|2.6|3.2|0.8170000000000001|2.9|5.3|8.2|2.6|1.5|1.0|2.7|6.2|15.4
12|2000-01|31.0|WAS|NBA|PF|25.0|13.0|733.0|5.5|11.2|0.491|0.1|0.5|0.3|5.4|10.7|0.5|5.1|6.0|0.8440000000000001|2.1|5.4|7.5|2.8|1.5|0.9|3.3|4.1|16.2
13|2001-02|32.0|WAS|NBA|PF|57.0|48.0|1441.0|4.2|9.0|0.46399999999999997|0.0|0.2|0.2|4.1|8.8|0.47200000000000003|1.6|1.9|0.868|1.8|5.7|7.5|3.8|1.5|0.6|2.1|3.2|10.1
14|2002-03|33.0|WAS|NBA|PF|76.0|66.0|2215.0|4.1|8.4|0.494|0.0|0.3|0.125|4.1|8.1|0.506|2.0|2.3|0.833|1.9|6.3|8.2|3.8|1.3|0.7|1.4|3.3|10.3
15|2003-04|34.0|WAS|NBA|PF|48.0|18.0|984.0|4.4|9.4|0.465|0.2|0.8|0.28600000000000003|4.1|8.6|0.48100000000000004|1.5|1.8|0.8|1.8|6.7|8.5|3.3|1.4|1.0|1.5|3.7|10.4
16|2004-05|35.0|MIA|NBA|PF|49.0|0.0|739.0|5.2|9.0|0.5820000000000001|0.0|0.3|0.14300000000000002|5.2|8.6|0.599|2.2|2.9|0.763|1.8|4.6|6.4|2.0|1.6|0.7|1.4|3.8|12.7
