|Season|Age|Tm|Lg|Pos|G|GS|MP|FG|FGA|FG%|3P|3PA|3P%|2P|2PA|2P%|eFG%|FT|FTA|FT%|ORB|DRB|TRB|AST|STL|BLK|TOV|PF|PTS
0|1992-93|23.0|MIN|NBA|PF|81.0|81.0|2823.0|503.0|1061.0|0.474|4.0|40.0|0.1|499.0|1021.0|0.489|0.47600000000000003|462.0|553.0|0.835|171.0|537.0|708.0|223.0|105.0|83.0|275.0|290.0|1472.0
1|1993-94|24.0|MIN|NBA|PF|70.0|67.0|2428.0|396.0|883.0|0.44799999999999995|6.0|25.0|0.24|390.0|858.0|0.455|0.452|375.0|479.0|0.7829999999999999|160.0|442.0|602.0|307.0|87.0|86.0|259.0|264.0|1173.0
2|1994-95|25.0|MIN|NBA|C|81.0|80.0|2770.0|450.0|920.0|0.489|13.0|40.0|0.325|437.0|880.0|0.49700000000000005|0.496|409.0|500.0|0.818|164.0|449.0|613.0|234.0|101.0|87.0|225.0|302.0|1322.0
4|1995-96|26.0|MIN|NBA|C|44.0|44.0|1518.0|283.0|582.0|0.486|9.0|31.0|0.29|274.0|551.0|0.49700000000000005|0.494|217.0|266.0|0.816|98.0|204.0|302.0|129.0|40.0|43.0|112.0|157.0|792.0
5|1995-96|26.0|ATL|NBA|C|30.0|27.0|977.0|159.0|325.0|0.489|0.0|8.0|0.0|159.0|317.0|0.502|0.489|107.0|130.0|0.823|86.0|150.0|236.0|68.0|31.0|28.0|75.0|119.0|425.0
6|1996-97|27.0|ATL|NBA|PF|82.0|82.0|3140.0|548.0|1128.0|0.486|31.0|88.0|0.35200000000000004|517.0|1040.0|0.49700000000000005|0.5|359.0|440.0|0.816|212.0|508.0|720.0|223.0|102.0|64.0|218.0|277.0|1486.0
7|1997-98|28.0|ATL|NBA|PF|74.0|49.0|2282.0|354.0|730.0|0.485|6.0|27.0|0.222|348.0|703.0|0.495|0.489|306.0|354.0|0.8640000000000001|142.0|345.0|487.0|190.0|71.0|73.0|183.0|246.0|1020.0
8|1998-99|29.0|DET|NBA|PF|16.0|0.0|337.0|38.0|106.0|0.358|1.0|3.0|0.33299999999999996|37.0|103.0|0.359|0.363|44.0|57.0|0.772|21.0|33.0|54.0|24.0|15.0|12.0|19.0|30.0|121.0
9|1999-00|30.0|DET|NBA|C|82.0|82.0|2443.0|379.0|801.0|0.473|7.0|24.0|0.292|372.0|777.0|0.479|0.478|237.0|292.0|0.812|175.0|378.0|553.0|186.0|83.0|45.0|186.0|326.0|1002.0
11|2000-01|31.0|DAL|NBA|C|53.0|35.0|930.0|165.0|323.0|0.511|1.0|3.0|0.33299999999999996|164.0|320.0|0.513|0.512|67.0|82.0|0.8170000000000001|75.0|137.0|212.0|67.0|40.0|27.0|70.0|159.0|398.0
12|2000-01|31.0|WAS|NBA|PF|25.0|13.0|733.0|112.0|228.0|0.491|3.0|10.0|0.3|109.0|218.0|0.5|0.498|103.0|122.0|0.8440000000000001|43.0|110.0|153.0|57.0|31.0|19.0|67.0|83.0|330.0
13|2001-02|32.0|WAS|NBA|PF|57.0|48.0|1441.0|168.0|362.0|0.46399999999999997|2.0|10.0|0.2|166.0|352.0|0.47200000000000003|0.467|66.0|76.0|0.868|74.0|227.0|301.0|151.0|60.0|25.0|85.0|129.0|404.0
14|2002-03|33.0|WAS|NBA|PF|76.0|66.0|2215.0|255.0|516.0|0.494|2.0|16.0|0.125|253.0|500.0|0.506|0.496|120.0|144.0|0.833|114.0|388.0|502.0|235.0|82.0|40.0|87.0|206.0|632.0
15|2003-04|34.0|WAS|NBA|PF|48.0|18.0|984.0|119.0|256.0|0.465|6.0|21.0|0.28600000000000003|113.0|235.0|0.48100000000000004|0.47700000000000004|40.0|50.0|0.8|50.0|182.0|232.0|89.0|37.0|28.0|42.0|102.0|284.0
16|2004-05|35.0|MIA|NBA|PF|49.0|0.0|739.0|107.0|184.0|0.5820000000000001|1.0|7.0|0.14300000000000002|106.0|177.0|0.599|0.584|45.0|59.0|0.763|36.0|95.0|131.0|41.0|32.0|15.0|29.0|78.0|260.0
