player_id|Rk|Unnamed: 1|Age|G|GS|MP|FG|FGA|FG%|FT|FTA|FT%|TRB|AST|PF|PTS|player_id
gueriri01|1|Richie Guerin|27|74||2429|579|1379|0.42|457|591|0.773|505|468|242|1615|gueriri01
naullwi01|2|Willie Naulls|25|65||2250|551|1286|0.428|286|342|0.836|921|138|214|1388|naullwi01
searske01|3|Kenny Sears|26|64||2099|412|863|0.47700000000000004|363|418|0.868|876|127|191|1187|searske01
tyrach01|4|Charlie Tyra|24|74||2033|406|952|0.426|133|189|0.7040000000000001|598|80|258|945|tyrach01
georgja01|5|Jack George|31|69||1604|250|650|0.385|155|202|0.767|197|240|148|655|georgja01
farmemi01|6|Mike Farmer|23|67||1536|212|568|0.373|70|83|0.843|385|57|130|494|farmemi01
braunca01|7|Carl Braun|32|54||1514|285|659|0.43200000000000005|129|154|0.838|168|270|127|699|braunca01
greenjo01|8|Johnny Green|26|69||1232|209|468|0.447|63|155|0.406|539|52|195|481|greenjo01
palmeji01|9|Jim Palmer|26|54||1082|175|419|0.418|80|119|0.672|278|53|159|430|palmeji01
garmadi01|10|Dick Garmaker|27|26||745|125|290|0.431|86|100|0.86|124|73|60|336|garmadi01
bellwh01|11|Whitey Bell|27|31||449|70|185|0.37799999999999995|28|43|0.6509999999999999|87|55|59|168|bellwh01
anderbo01|12|Bob Anderegg|22|33||373|55|143|0.385|23|42|0.5479999999999999|69|29|32|133|anderbo01
sobiero01|13|Ron Sobie|25|15||221|36|104|0.34600000000000003|31|36|0.861|46|19|28|103|sobiero01
felixra01|14|Ray Felix|29|16||186|31|94|0.33|19|33|0.5760000000000001|82|2|44|81|felixra01
ramseca01|15|Cal Ramsey|22|7||160|32|77|0.41600000000000004|16|29|0.552|47|9|21|80|ramseca01
mccanbr01|16|Brendan McCann|24|4||29|1|10|0.1|3|3|1.0|4|10|2|5|mccanbr01
