player_id|Rk|Unnamed: 1|Age|G|GS|MP|FG|FGA|FG%|FT|FTA|FT%|TRB|AST|PF|PTS/G|player_id
yardlge01|1|George Yardley|29|72||39.5|9.3|22.6|0.414|9.1|11.2|0.8109999999999999|10.7|1.3|3.1|27.8|yardlge01
shuege01|2|Gene Shue|26|63||37.0|5.6|14.6|0.384|4.4|5.2|0.8440000000000001|5.3|2.7|2.4|15.6|shuege01
mcguidi01|3|Dick McGuire|32|69||33.5|2.9|7.9|0.373|2.2|3.3|0.667|4.2|6.6|2.6|8.1|mcguidi01
dukeswa01|4|Walter Dukes|27|72||30.3|3.9|11.1|0.349|3.4|5.1|0.675|13.3|0.7|4.3|11.2|dukeswa01
gallaha01|5|Harry Gallatin|30|72||27.6|4.7|12.5|0.379|5.4|6.9|0.787|10.4|1.2|3.0|14.9|gallaha01
noblech01|6|Chuck Noble|26|61||22.3|3.3|9.9|0.331|0.9|1.3|0.727|2.3|2.5|2.7|7.4|noblech01
cliftna01|7|Nat Clifton|35|68||21.1|3.2|8.8|0.363|1.3|2.1|0.623|5.9|1.1|3.0|7.7|cliftna01
kenvibi01|8|Billy Kenville|27|35||18.5|3.0|8.0|0.379|1.3|2.1|0.613|2.9|1.9|1.9|7.4|kenvibi01
jordoph01|9|Phil Jordon|24|46||17.9|3.8|9.4|0.409|1.3|1.9|0.6779999999999999|6.0|0.7|2.1|9.0|jordoph01
houbrbo01|10|Bob Houbregs|25|17||17.8|2.9|8.1|0.358|1.8|2.5|0.698|3.8|1.1|2.1|7.5|houbrbo01
holupjo01|11|Joe Holup|23|37||16.4|2.1|6.0|0.348|1.5|1.9|0.775|5.4|0.6|2.1|5.6|holupjo01
thiebbi01|12|Bill Thieben|22|27||9.0|1.6|5.3|0.294|0.6|1.0|0.593|2.4|0.3|1.6|3.7|thiebbi01
athadi01|13|Dick Atha|26|18||8.9|0.9|2.6|0.36200000000000004|0.6|0.7|0.833|1.3|1.1|1.3|2.4|athadi01
marshto01|14|Tom Marshall|27|9||7.3|0.8|2.4|0.318|0.8|0.9|0.875|0.9|0.4|0.7|2.3|marshto01
bolstdo01|15|Doug Bolstorff|26|3||7.0|0.7|1.7|0.4|0.0|0.0||0.0|0.0|0.3|1.3|bolstdo01
ebbenbi01|16|Bill Ebben|22|8||6.3|0.8|3.5|0.214|0.4|0.5|0.75|1.0|0.5|0.6|1.9|ebbenbi01
