|Season|Age|Tm|Lg|Pos|G|GS|MP|FG|FGA|FG%|3P|3PA|3P%|2P|2PA|2P%|eFG%|FT|FTA|FT%|ORB|DRB|TRB|AST|STL|BLK|TOV|PF|PTS
0|1993-94|20.0|GSW|NBA|C|3.0|3.0|36.3|7.3|13.3|0.55|0.0|0.7|0.0|7.3|12.7|0.579|0.55|1.0|3.3|0.3|4.3|4.3|8.7|9.0|1.0|3.0|3.0|3.7|15.7
1|1996-97|23.0|WSB|NBA|PF|3.0|3.0|35.3|6.3|10.0|0.633|1.7|3.7|0.455|4.7|6.3|0.737|0.7170000000000001|1.3|2.7|0.5|2.3|5.7|8.0|3.3|0.7|2.3|5.3|6.0|15.7
2|1998-99|25.0|SAC|NBA|PF|5.0|5.0|38.4|6.2|16.0|0.38799999999999996|0.4|1.4|0.28600000000000003|5.8|14.6|0.397|0.4|2.0|5.0|0.4|2.6|6.8|9.4|4.0|1.8|1.0|4.0|4.0|14.8
3|1999-00|26.0|SAC|NBA|PF|5.0|5.0|39.2|9.4|22.0|0.42700000000000005|0.2|1.0|0.2|9.2|21.0|0.43799999999999994|0.43200000000000005|5.4|6.8|0.794|2.8|6.8|9.6|5.4|1.6|2.0|1.6|2.8|24.4
4|2000-01|27.0|SAC|NBA|PF|8.0|8.0|43.5|9.5|24.5|0.38799999999999996|0.0|0.1|0.0|9.5|24.4|0.39|0.38799999999999996|4.3|6.1|0.6940000000000001|4.3|7.3|11.5|3.1|1.1|1.0|3.9|3.6|23.3
5|2001-02|28.0|SAC|NBA|PF|16.0|16.0|41.7|10.0|19.9|0.502|0.0|0.3|0.0|10.0|19.7|0.508|0.502|3.7|6.2|0.596|3.1|7.8|10.8|4.7|0.9|1.6|2.9|4.0|23.7
6|2002-03|29.0|SAC|NBA|PF|7.0|7.0|35.1|9.6|19.3|0.496|0.0|0.4|0.0|9.6|18.9|0.508|0.496|4.6|7.0|0.653|2.6|5.7|8.3|3.6|1.4|1.1|3.3|3.6|23.7
7|2003-04|30.0|SAC|NBA|PF|12.0|12.0|37.2|7.5|16.6|0.452|0.1|0.3|0.25|7.4|16.3|0.456|0.455|3.3|5.4|0.615|2.0|6.3|8.3|3.7|1.3|0.8|3.2|2.8|18.4
8|2004-05|31.0|PHI|NBA|PF|5.0|5.0|37.2|7.8|19.0|0.41100000000000003|1.0|2.8|0.35700000000000004|6.8|16.2|0.42|0.43700000000000006|2.4|3.2|0.75|2.4|3.4|5.8|2.8|1.2|0.2|2.2|4.0|19.0
9|2006-07|33.0|DET|NBA|PF|16.0|16.0|25.3|4.1|7.9|0.524|0.0|0.1|0.0|4.1|7.8|0.528|0.524|1.6|3.1|0.531|2.3|4.0|6.3|1.5|0.9|0.6|1.6|3.2|9.9
