|Season|Age|Tm|Lg|MP|FG|FGA|3P|3PA|2P|2PA|FT|FTA|ORB|DRB|TRB|AST|STL|BLK|TOV|PF|PTS|GmSc
0|1989-90|21.0|CLE|NBA||12|17|0|2|12|17|8|8|6|5|9|3|3|2|3|5|30|26.0
1|1990-91|22.0|CLE|NBA||12|14|0|1|12|14|5|6|6|6|8|5|3|3|4|5|26|25.3
3|1991-92|23.0|CLE|NBA||2|3|0|0|2|3|3|4|1|2|3|2|1|0|2|3|5|6.2
4|1991-92|23.0|LAL|NBA||7|11|0|1|7|11|4|6|4|4|7|3|2|2|3|4|16|14.4
5|1992-93|24.0|NJN|NBA||8|13|0|1|8|12|10|10|4|7|9|3|3|2|3|5|19|14.8
6|1993-94|25.0|DAL|NBA||1|1|0|0|1|1|1|1|0|1|1|0|0|0|0|2|3|2.2
7|1994-95|26.0|HOU|NBA||9|14|1|1|9|14|4|7|6|9|14|3|2|2|6|5|19|15.7
8|1995-96|27.0|HOU|NBA||9|17|1|1|9|16|7|7|7|11|14|4|4|3|3|5|18|20.0
10|1996-97|28.0|PHO|NBA||3|5|0|0|3|5|6|6|1|5|5|2|0|1|3|5|12|10.7
11|1996-97|28.0|MIL|NBA||5|9|1|1|5|9|5|6|4|6|8|4|1|2|2|6|13|11.9
12|1997-98|29.0|ATL|NBA||6|12|1|2|6|12|4|7|3|6|9|4|2|2|2|5|14|13.3
13|1998-99|30.0|CHH|NBA||8|17|2|4|8|17|6|6|4|9|9|4|2|3|3|4|19|18.7
15|1999-00|31.0|SAS|NBA||8|11|1|2|8|10|7|8|3|6|7|6|1|2|4|4|16|13.4
16|1999-00|31.0|CHH|NBA||5|11|1|2|5|11|2|3|2|7|9|4|2|2|3|6|12|9.5
18|2000-01|32.0|GSW|NBA||4|7|0|1|4|6|2|3|2|6|8|3|1|1|1|4|9|9.4
19|2000-01|32.0|CLE|NBA||6|9|0|1|6|9|4|4|1|5|6|3|2|2|2|4|12|9.9
20|2001-02|33.0|SAC|NBA||3|7|0|0|3|7|1|2|4|6|10|1|1|3|2|3|6|5.7
