|Season|Age|Tm|Lg|Pos|G|MP|PG%|SG%|SF%|PF%|C%|OnCourt|On-Off|BadPass|LostBall|Shoot|Off.|Shoot.1|Off..1|PGA|And1|Blkd
0|2002-03|20.0|PHO|NBA|PF|6.0|203.0|0|0|0|61|39|-3.7|9.2|2.0|8.0|8.0|8.0|12.0|0.0|15.0|2.0|6.0
1|2004-05|22.0|PHO|NBA|C|15.0|601.0|0|0|0|16|84|1.8|-15.9|8.0|21.0|30.0|9.0|90.0|0.0|42.0|15.0|27.0
2|2006-07|24.0|PHO|NBA|C|10.0|343.0|0|0|0|0|100|7.5|5.4|1.0|3.0|19.0|7.0|47.0|1.0|13.0|10.0|21.0
3|2007-08|25.0|PHO|NBA|C|5.0|204.0|0|0|0|61|39|3.0|29.0|4.0|5.0|8.0|3.0|15.0|1.0|6.0|6.0|11.0
4|2009-10|27.0|PHO|NBA|PF|16.0|584.0|0|0|0|83|17|3.6|-9.2|3.0|14.0|25.0|12.0|67.0|5.0|43.0|12.0|22.0
5|2010-11|28.0|NYK|NBA|C|4.0|134.0|0|0|0|46|54|-23.3|-46.2|5.0|2.0|3.0|4.0|11.0|1.0|18.0|2.0|5.0
6|2011-12|29.0|NYK|NBA|PF|4.0|139.0|0|0|0|73|27|-14.5|4.8|1.0|6.0|8.0|2.0|13.0|0.0|7.0|3.0|2.0
7|2012-13|30.0|NYK|NBA|PF|4.0|33.0|0|0|0|94|6|-3.7|-7.3|0.0|2.0|1.0|1.0|1.0|0.0|0.0|0.0|2.0
8|2014-15|32.0|DAL|NBA|PF|5.0|75.0|0|0|0|87|13|-2.3|5.0|1.0|3.0|7.0|1.0|7.0|0.0|7.0|3.0|5.0
9|2015-16|33.0|MIA|NBA|C|9.0|82.0|0|0|0|0|100|-7.0|-13.2|2.0|4.0|7.0|1.0|5.0|0.0|0.0|2.0|0.0
