|Season|Age|Tm|Lg|MP|FG|FGA|3P|3PA|2P|2PA|FT|FTA|ORB|DRB|TRB|AST|STL|BLK|TOV|PF|PTS|GmSc
0|2011-12|20.0|UTA|NBA|34:27|7|12|2|4|6|10|7|10|4|5|7|6|2|1|4|4|18|14.8
1|2012-13|21.0|UTA|NBA|35:33|8|16|2|4|7|14|9|9|3|5|8|7|2|1|6|5|26|18.9
2|2013-14|22.0|UTA|NBA|41:56|13|19|3|5|13|18|14|16|3|7|9|8|4|2|5|6|34|29.5
3|2014-15|23.0|UTA|NBA|38:45|9|18|3|6|8|15|8|10|2|13|14|5|2|2|4|4|23|21.3
4|2015-16|24.0|UTA|NBA|37:02|9|22|4|6|8|19|11|15|2|6|7|8|2|2|4|5|24|17.4
5|2016-17|25.0|UTA|NBA|27:46|5|11|3|5|5|10|8|9|2|7|8|4|2|1|5|4|21|17.6
6|2017-18|26.0|UTA|NBA|31:12|11|17|4|6|9|12|7|9|2|7|8|5|2|2|4|5|28|25.6
8|2018-19|27.0|UTA|NBA|26:30|7|15|4|6|5|12|6|7|1|4|5|4|1|1|3|3|22|18.1
9|2018-19|27.0|CLE|NBA|40:01|9|19|3|7|7|13|7|8|5|12|13|9|2|3|4|5|22|22.4
10|2018-19|27.0|SAC|NBA|21:08|4|5|0|2|4|4|2|2|1|3|4|2|3|1|2|2|9|10.4
