|Season|Age|Tm|Lg|Pos|G|MP|PER|TS%|3PAr|FTr|ORB%|DRB%|TRB%|AST%|STL%|BLK%|TOV%|USG%|OWS|DWS|WS|WS/48|OBPM|DBPM|BPM|VORP
0|2008-09|23.0|IND|NBA|SG|75.0|1803.0|9.0|0.505|0.363|0.115|2.1|12.3|7.1|5.4|1.0|1.5|11.0|16.4|-0.4|1.3|0.9|0.024|-2.6|-0.9|-3.4|-0.7
1|2009-10|24.0|IND|NBA|SG|82.0|2491.0|9.6|0.522|0.43|0.127|1.8|13.5|7.6|6.9|1.1|1.9|11.1|14.8|0.0|2.5|2.5|0.047|-2.1|0.7|-1.3|0.4
2|2010-11|25.0|IND|NBA|SG|67.0|1754.0|10.6|0.54|0.433|0.20600000000000002|2.1|11.6|6.9|5.6|1.2|1.5|10.9|15.9|0.9|1.7|2.6|0.07|-1.1|-0.1|-1.2|0.4
3|2011-12|26.0|GSW|NBA|SF|65.0|1717.0|15.2|0.628|0.467|0.175|2.2|14.4|8.3|7.9|1.1|2.6|11.9|15.4|2.9|0.6|3.5|0.099|1.1|-0.4|0.7|1.2
4|2012-13|27.0|GSW|NBA|SF|2.0|25.0|11.9|0.6779999999999999|0.222|0.33299999999999996|0.0|4.3|2.2|14.5|0.0|0.0|22.5|23.9|0.0|0.0|0.0|0.051|-1.8|-5.3|-7.1|0.0
5|2013-14|28.0|UTA|NBA|SG|38.0|418.0|4.1|0.428|0.522|0.055999999999999994|1.3|11.1|6.1|8.5|0.6|1.7|17.8|12.3|-0.5|0.0|-0.4|-0.05|-5.0|-1.3|-6.3|-0.4
6|2014-15|29.0|GSW|NBA|SG|33.0|271.0|0.8|0.255|0.5|0.204|1.6|14.3|8.2|5.4|0.9|3.3|15.8|11.2|-0.7|0.4|-0.3|-0.055999999999999994|-7.7|1.8|-6.0|-0.3
7|2015-16|30.0|GSW|NBA|SG|72.0|1055.0|10.1|0.56|0.604|0.10800000000000001|2.3|15.4|9.2|7.0|0.9|1.6|10.8|12.5|0.8|1.2|2.0|0.09|-1.2|-0.2|-1.3|0.2
8|2016-17|31.0|MIN|NBA|SG|47.0|1030.0|6.6|0.505|0.61|0.096|1.8|9.5|5.6|5.8|1.1|1.9|12.6|9.6|0.1|0.3|0.4|0.019|-2.0|-0.1|-2.1|0.0
