player_id|Rk|Unnamed: 1|Age|G|GS|MP|FG|FGA|FG%|FT|FTA|FT%|TRB|AST|PF|PTS/G|player_id
schaydo01|1|Dolph Schayes|29|72||40.5|8.1|20.3|0.39799999999999996|8.7|9.7|0.904|14.2|3.1|3.4|24.9|schaydo01
costela01|2|Larry Costello|26|72||38.1|5.3|12.3|0.426|4.4|5.3|0.847|5.3|4.4|3.4|14.9|costela01
kerrre01|3|Red Kerr|25|72||33.1|5.7|14.2|0.39899999999999997|3.9|5.9|0.664|13.4|1.2|2.7|15.2|kerrre01
conlied01|4|Ed Conlin|24|60||31.2|5.7|14.6|0.391|3.6|4.5|0.7959999999999999|7.3|2.2|2.8|15.0|conlied01
harribo02|5|Bob Harrison|30|72||25.0|2.9|8.4|0.348|1.3|1.7|0.795|2.3|2.3|2.8|7.2|harribo02
biancal01|6|Al Bianchi|25|69||20.6|3.1|9.1|0.344|2.0|3.0|0.6829999999999999|3.2|1.7|2.7|8.3|biancal01
hopkibo01|7|Bob Hopkins|23|69||17.7|3.2|8.0|0.39899999999999997|1.8|2.3|0.764|5.7|0.7|2.3|8.2|hopkibo01
lloydea01|8|Earl Lloyd|29|61||17.1|2.0|5.9|0.331|1.3|1.7|0.745|4.7|1.0|2.9|5.2|lloydea01
palazto01|9|Togo Palazzi|25|67||14.9|3.4|8.6|0.39399999999999996|1.8|2.6|0.7190000000000001|3.6|0.6|1.9|8.6|palazto01
seymopa01|10|Paul Seymour|30|64||11.9|1.7|4.9|0.34|0.8|1.0|0.841|1.7|1.5|1.4|4.2|seymopa01
holupjo01|11|Joe Holup|23|16||8.3|0.9|3.6|0.24600000000000002|1.0|1.4|0.696|1.4|0.8|1.4|2.8|holupjo01
