|Season|Age|Tm|Lg|Pos|G|GS|MP|FG|FGA|FG%|3P|3PA|3P%|2P|2PA|2P%|eFG%|FT|FTA|FT%|ORB|DRB|TRB|AST|STL|BLK|TOV|PF|PTS
1|1980-81|21.0|WSB|NBA|PG|45.0||1161.0|224.0|449.0|0.499|5.0|15.0|0.33299999999999996|219.0|434.0|0.505|0.504|99.0|129.0|0.767|30.0|37.0|67.0|199.0|46.0|10.0|149.0|120.0|552.0
2|1980-81|21.0|ATL|NBA|PG|34.0||1105.0|161.0|330.0|0.488|0.0|6.0|0.0|161.0|324.0|0.49700000000000005|0.488|103.0|123.0|0.8370000000000001|16.0|56.0|72.0|212.0|61.0|7.0|112.0|122.0|425.0
3|1981-82|22.0|ATL|NBA|PG|47.0|5.0|837.0|131.0|298.0|0.44|2.0|8.0|0.25|129.0|290.0|0.445|0.44299999999999995|60.0|79.0|0.759|19.0|39.0|58.0|139.0|53.0|2.0|63.0|129.0|324.0
4|1982-83|23.0|ATL|NBA|PG|64.0|0.0|1187.0|171.0|424.0|0.40299999999999997|14.0|48.0|0.292|157.0|376.0|0.418|0.42|86.0|112.0|0.768|25.0|66.0|91.0|249.0|60.0|8.0|123.0|129.0|442.0
6|1983-84|24.0|ATL|NBA|PG|6.0|0.0|96.0|16.0|30.0|0.5329999999999999|0.0|1.0|0.0|16.0|29.0|0.552|0.5329999999999999|18.0|22.0|0.818|1.0|3.0|4.0|21.0|5.0|1.0|10.0|13.0|50.0
7|1983-84|24.0|PHI|NBA|PG|14.0|5.0|292.0|45.0|101.0|0.446|1.0|7.0|0.14300000000000002|44.0|94.0|0.46799999999999997|0.45|9.0|14.0|0.643|6.0|17.0|23.0|62.0|11.0|2.0|30.0|32.0|100.0
8|1984-85|25.0|CHI|NBA|PG|78.0|38.0|1523.0|191.0|386.0|0.495|2.0|16.0|0.125|189.0|370.0|0.511|0.49700000000000005|59.0|85.0|0.6940000000000001|16.0|51.0|67.0|354.0|73.0|12.0|124.0|133.0|443.0
9|1985-86|26.0|SAS|NBA|PG|75.0|46.0|1853.0|320.0|603.0|0.531|4.0|25.0|0.16|316.0|578.0|0.547|0.534|173.0|211.0|0.82|30.0|101.0|131.0|476.0|87.0|32.0|232.0|168.0|817.0
10|1986-87|27.0|LAL|NBA|PG|50.0|0.0|532.0|89.0|187.0|0.47600000000000003|1.0|3.0|0.33299999999999996|88.0|184.0|0.478|0.479|29.0|36.0|0.8059999999999999|13.0|34.0|47.0|100.0|23.0|4.0|51.0|53.0|208.0
11|1987-88|28.0|LAL|NBA|PG|51.0|8.0|706.0|114.0|248.0|0.46|7.0|30.0|0.233|107.0|218.0|0.491|0.474|54.0|65.0|0.831|16.0|50.0|66.0|138.0|25.0|3.0|69.0|65.0|289.0
12|1989-90|30.0|ATL|NBA|PG|1.0|0.0|13.0|1.0|3.0|0.33299999999999996|0.0|1.0|0.0|1.0|2.0|0.5|0.33299999999999996|2.0|2.0|1.0|0.0|0.0|0.0|5.0|0.0|0.0|0.0|0.0|4.0
