|Season|Age|Tm|Lg|Pos|G|GS|MP|FG|FGA|FG%|3P|3PA|3P%|2P|2PA|2P%|FT|FTA|FT%|ORB|DRB|TRB|AST|STL|BLK|TOV|PF|PTS|ORtg|DRtg
0|1975-76|24.0|PHI|NBA|C|3.0||87.0|4.3|7.1|0.615||||4.3|7.1|0.615|0.5|1.6|0.33299999999999996|6.5|8.7|15.2|3.3|0.0|4.9||6.0|9.2||101.0
1|1976-77|25.0|PHI|NBA|C|8.0||54.0|1.7|4.1|0.4||||1.7|4.1|0.4|0.0|2.5|0.0|4.1|5.8|9.9|0.8|0.0|3.3||7.5|3.3||102.0
2|1977-78|26.0|PHI|NBA|C|7.0||26.0|5.1|13.6|0.375||||5.1|13.6|0.375|5.1|6.8|0.75|5.1|10.2|15.2|0.0|1.7|5.1|0.0|6.8|15.2|116.0|93.0
3|1978-79|27.0|NJN|NBA|C|2.0||26.0|1.7|10.2|0.16699999999999998||||1.7|10.2|0.16699999999999998|0.0|5.1|0.0|8.5|5.1|13.6|1.7|0.0|1.7|3.4|6.8|3.4|52.0|110.0
4|1979-80|28.0|MIL|NBA|C|6.0||64.0|1.5|4.6|0.33299999999999996|0.0|0.0||1.5|4.6|0.33299999999999996|1.5|3.1|0.5|3.9|12.4|16.3|1.5|0.0|6.2|1.5|10.1|4.6|92.0|96.0
5|1980-81|29.0|MIL|NBA|PF|7.0||109.0|1.4|7.3|0.188|0.0|0.0||1.4|7.3|0.188|0.9|0.9|1.0|4.6|7.3|11.9|3.7|0.0|5.0|3.2|11.0|3.7|72.0|108.0
6|1981-82|30.0|MIL|NBA|PF|6.0||26.0|3.9|5.9|0.667|0.0|0.0||3.9|5.9|0.667|0.0|0.0||5.9|7.9|13.8|0.0|0.0|5.9|5.9|17.7|7.9|76.0|110.0
7|1982-83|31.0|MIL|NBA|C|9.0||139.0|3.3|6.9|0.474|0.0|0.0||3.3|6.9|0.474|1.1|1.1|1.0|5.5|8.4|13.8|1.5|0.7|3.6|0.7|6.5|7.6|126.0|101.0
8|1983-84|32.0|MIL|NBA|PF|5.0||25.0|2.0|4.0|0.5|0.0|0.0||2.0|4.0|0.5|2.0|4.0|0.5|4.0|6.0|9.9|2.0|0.0|0.0|4.0|13.9|6.0|83.0|109.0
