|Season|Age|Tm|Lg|MP|FG|FGA|3P|3PA|2P|2PA|FT|FTA|ORB|DRB|TRB|AST|STL|BLK|TOV|PF|PTS|GmSc
0|1992-93|22.0|DAL|NBA||13|26|3|6|13|25|10|13|4|7|10|11|3|2|7|5|32|21.2
1|1993-94|23.0|DAL|NBA||15|36|2|5|13|35|10|13|9|7|12|10|7|3|10|5|37|31.5
2|1994-95|24.0|DAL|NBA||17|31|3|4|17|28|16|17|7|6|11|9|3|2|7|4|50|37.9
3|1995-96|25.0|DAL|NBA||14|27|6|11|12|23|15|18|12|9|14|7|5|2|6|5|38|30.2
5|1996-97|26.0|DAL|NBA||10|23|3|7|8|16|10|14|7|7|11|8|3|2|7|5|28|24.7
6|1996-97|26.0|NJN|NBA||12|25|5|7|12|20|10|11|4|8|11|12|2|2|8|4|33|23.5
8|1997-98|27.0|PHI|NBA||10|20|4|7|9|15|11|11|4|7|9|9|5|2|8|5|28|27.0
9|1997-98|27.0|GSW|NBA||12|24|3|5|12|21|9|10|6|7|12|11|6|1|6|5|33|31.9
10|1998-99|28.0|POR|NBA||7|15|3|6|7|14|7|7|4|6|7|9|4|2|5|5|21|19.1
11|1999-00|29.0|ATL|NBA||12|27|5|9|10|23|10|11|4|9|12|8|3|2|6|5|33|29.1
13|2000-01|30.0|ATL|NBA||8|20|4|6|8|19|14|15|3|8|11|6|3|1|6|5|34|25.6
14|2000-01|30.0|CLE|NBA||9|18|2|4|9|15|5|6|3|9|9|7|3|1|6|5|23|17.3
15|2001-02|31.0|MIA|NBA||10|19|3|5|9|17|8|9|5|10|11|7|3|3|5|5|24|20.8
16|2002-03|32.0|SAC|NBA||10|17|2|4|9|16|7|8|5|10|10|7|3|1|4|5|23|20.3
17|2003-04|33.0|HOU|NBA||11|18|7|10|7|12|6|6|4|12|12|8|4|2|6|6|28|26.5
19|2004-05|34.0|HOU|NBA||7|18|5|11|5|10|3|4|1|8|9|7|4|1|5|6|21|19.3
20|2004-05|34.0|PHO|NBA||9|17|7|11|4|10|4|4|3|8|9|10|2|1|5|5|25|19.1
22|2005-06|35.0|PHO|NBA|34:41|4|11|3|5|3|6|4|4|2|5|6|3|2|1|3|5|11|6.3
23|2005-06|35.0|LAL|NBA|16:11|3|7|1|4|2|4|0|0|0|3|3|1|1|0|1|1|7|3.9
