|Season|Age|Tm|Lg|Pos|G|MP|PER|TS%|3PAr|FTr|ORB%|DRB%|TRB%|AST%|STL%|BLK%|TOV%|USG%|OWS|DWS|WS|WS/48|OBPM|DBPM|BPM|VORP
0|1999-00|22.0|ATL|NBA|PG|81.0|1888.0|13.9|0.49700000000000005|0.262|0.233|1.4|8.2|4.8|29.3|2.5|0.3|19.1|19.2|0.9|0.9|1.9|0.047|-0.1|-1.7|-1.8|0.1
1|2000-01|23.0|ATL|NBA|SG|82.0|3089.0|17.3|0.531|0.23|0.262|1.5|8.2|4.9|24.3|1.8|0.3|13.6|25.5|4.9|1.6|6.5|0.1|2.9|-1.6|1.4|2.6
2|2001-02|24.0|ATL|NBA|SG|78.0|2967.0|19.2|0.5489999999999999|0.364|0.27899999999999997|1.5|8.9|5.2|26.9|2.5|0.3|11.7|23.6|6.6|2.1|8.6|0.139|4.5|-1.2|3.2|3.9
3|2002-03|25.0|ATL|NBA|PG|81.0|3081.0|18.2|0.5489999999999999|0.37799999999999995|0.256|1.4|8.6|5.2|34.8|2.2|0.3|16.4|22.6|6.0|1.4|7.4|0.11599999999999999|3.7|-2.3|1.4|2.6
4|2003-04|26.0|ATL|NBA|PG|81.0|3018.0|16.2|0.519|0.35200000000000004|0.217|1.9|10.6|6.3|26.6|2.2|0.4|14.9|23.2|3.6|1.5|5.1|0.08|2.4|-1.5|0.9|2.2
5|2004-05|27.0|DAL|NBA|PG|80.0|2401.0|18.4|0.606|0.33|0.233|1.8|6.8|4.4|28.8|2.4|0.5|15.2|18.0|6.2|2.4|8.5|0.171|3.8|-0.9|3.0|3.0
6|2005-06|28.0|DAL|NBA|PG|80.0|2798.0|18.4|0.575|0.379|0.191|1.4|5.4|3.4|19.6|2.0|0.7|10.2|22.2|7.4|2.3|9.6|0.165|4.6|-1.7|2.9|3.5
7|2006-07|29.0|DAL|NBA|SG|81.0|2846.0|18.9|0.5870000000000001|0.348|0.187|1.8|7.9|4.9|25.5|1.5|0.5|11.7|21.3|7.7|3.1|10.8|0.182|4.5|-0.7|3.7|4.1
8|2007-08|30.0|DAL|NBA|SG|82.0|2579.0|17.8|0.574|0.36|0.221|1.4|7.7|4.7|17.5|1.8|0.5|7.7|21.7|6.1|2.5|8.6|0.16|3.7|-1.0|2.7|3.1
9|2008-09|31.0|DAL|NBA|SG|74.0|2491.0|19.3|0.5710000000000001|0.39|0.193|1.8|6.3|4.1|17.6|2.0|0.6|8.6|25.5|5.4|1.9|7.3|0.14|4.3|-1.8|2.5|2.8
10|2009-10|32.0|DAL|NBA|SG|77.0|2540.0|16.5|0.552|0.358|0.257|0.9|5.4|3.2|18.8|1.9|0.5|8.6|23.0|4.4|2.1|6.5|0.12300000000000001|2.5|-1.7|0.8|1.8
11|2010-11|33.0|DAL|NBA|SG|82.0|2564.0|15.9|0.545|0.322|0.196|1.1|5.7|3.5|22.2|1.9|0.4|12.4|24.7|2.8|2.5|5.3|0.1|1.5|-0.9|0.6|1.7
12|2011-12|34.0|DAL|NBA|SG|63.0|2000.0|15.7|0.54|0.44|0.134|0.9|7.4|4.2|19.9|1.9|0.4|12.6|23.3|2.0|1.8|3.8|0.092|2.0|-1.1|0.9|1.5
13|2012-13|35.0|BOS|NBA|SG|79.0|2124.0|12.8|0.5660000000000001|0.511|0.20199999999999999|1.1|7.6|4.4|14.9|1.6|0.4|12.6|18.0|2.1|1.9|4.0|0.091|0.7|-1.3|-0.6|0.7
14|2013-14|36.0|BRK|NBA|PG|35.0|570.0|7.4|0.501|0.6779999999999999|0.099|0.8|6.9|3.9|15.3|1.2|0.0|14.5|15.3|0.0|0.2|0.2|0.016|-1.4|-2.8|-4.2|-0.3
15|2014-15|37.0|HOU|NBA|SG|77.0|1641.0|11.4|0.579|0.7240000000000001|0.10800000000000001|1.0|7.1|4.1|13.8|2.0|0.9|13.7|14.3|2.0|1.5|3.6|0.10400000000000001|0.3|-0.7|-0.4|0.7
16|2015-16|38.0|HOU|NBA|SG|72.0|1258.0|10.2|0.54|0.6940000000000001|0.08800000000000001|1.2|5.7|3.5|12.4|1.8|0.6|11.1|15.0|1.1|0.4|1.5|0.057|-0.2|-2.6|-2.8|-0.3
17|2016-17|39.0|MIL|NBA|SG|74.0|1365.0|9.1|0.6|0.7040000000000001|0.11900000000000001|1.3|7.7|4.5|9.9|1.7|1.3|12.3|9.8|1.2|0.9|2.1|0.075|-0.5|-0.6|-1.1|0.3
18|2017-18|40.0|MIL|NBA|SG|51.0|814.0|8.1|0.525|0.747|0.057999999999999996|0.7|6.2|3.5|9.7|2.6|1.4|13.7|10.1|0.1|0.6|0.7|0.042|-1.6|-0.5|-2.1|0.0
