|Season|Age|Tm|Lg|Pos|G|MP|FG%|Dist.|% of 2PA|% of 0-3|% of 3-10|% of 10-16|% of 16-3pt|% of 3P|2P %FG|0-3 %FG|3-10 %FG|10-16 %FG|16-3pt%FG|3P %FG|2P % Assisted|% of Dunks|Dunks Made|3P % Assisted|% of 3PA from Corner|Corner 3 %FG |Heaves Attempted|Heaves Made
0|2000-01|23.0|ATL|NBA|SG|82.0|3089.0|0.436|15.1|0.77|0.131|0.121|0.225|0.293|0.23|0.44799999999999995|0.564|0.355|0.445|0.43799999999999994|0.395|0.33899999999999997|0.006999999999999999|9.0|0.774|0.175|0.327|1.0|1.0
1|2001-02|24.0|ATL|NBA|SG|78.0|2967.0|0.43|15.6|0.636|0.196|0.081|0.153|0.205|0.364|0.45399999999999996|0.556|0.32299999999999995|0.439|0.42|0.387|0.273|0.015|17.0|0.738|0.185|0.354|0.0|0.0
2|2002-03|25.0|ATL|NBA|PG|81.0|3081.0|0.428|16.6|0.622|0.163|0.069|0.12|0.27|0.37799999999999995|0.462|0.505|0.456|0.46|0.43799999999999994|0.371|0.32299999999999995|0.013000000000000001|15.0|0.75|0.22699999999999998|0.39799999999999996|1.0|0.0
3|2003-04|26.0|ATL|NBA|PG|81.0|3018.0|0.41700000000000004|16.1|0.648|0.133|0.12|0.17|0.226|0.35200000000000004|0.455|0.522|0.455|0.40399999999999997|0.456|0.34700000000000003|0.34600000000000003|0.004|5.0|0.7190000000000001|0.287|0.364|1.0|0.0
4|2004-05|27.0|DAL|NBA|PG|80.0|2401.0|0.501|14.9|0.67|0.192|0.13699999999999998|0.136|0.205|0.33|0.54|0.5870000000000001|0.51|0.495|0.546|0.42|0.23|0.005|4.0|0.7090000000000001|0.237|0.431|2.0|0.0
5|2005-06|28.0|DAL|NBA|PG|80.0|2798.0|0.47|16.3|0.621|0.154|0.086|0.151|0.231|0.379|0.505|0.5920000000000001|0.39399999999999996|0.452|0.524|0.41100000000000003|0.33899999999999997|0.005|5.0|0.8420000000000001|0.248|0.47600000000000003|4.0|0.0
6|2006-07|29.0|DAL|NBA|SG|81.0|2846.0|0.484|16.3|0.652|0.139|0.092|0.165|0.256|0.348|0.508|0.581|0.408|0.537|0.485|0.43799999999999994|0.35200000000000004|0.003|3.0|0.8640000000000001|0.35100000000000003|0.485|0.0|0.0
7|2007-08|30.0|DAL|NBA|SG|82.0|2579.0|0.467|16.4|0.64|0.154|0.076|0.139|0.271|0.36|0.519|0.645|0.39|0.493|0.498|0.375|0.48100000000000004|0.013000000000000001|13.0|0.882|0.35|0.386|1.0|0.0
8|2008-09|31.0|DAL|NBA|SG|74.0|2491.0|0.46299999999999997|16.7|0.61|0.161|0.07200000000000001|0.11900000000000001|0.258|0.39|0.525|0.622|0.5|0.475|0.495|0.366|0.457|0.008|9.0|0.7959999999999999|0.265|0.446|1.0|0.0
9|2009-10|32.0|DAL|NBA|SG|77.0|2540.0|0.43799999999999994|16.5|0.642|0.14800000000000002|0.1|0.129|0.265|0.358|0.479|0.597|0.423|0.41|0.467|0.365|0.503|0.008|8.0|0.882|0.273|0.451|2.0|0.0
10|2010-11|33.0|DAL|NBA|SG|82.0|2564.0|0.451|16.4|0.6779999999999999|0.111|0.126|0.157|0.285|0.322|0.493|0.736|0.365|0.42700000000000005|0.49200000000000005|0.36200000000000004|0.499|0.006999999999999999|8.0|0.9209999999999999|0.35600000000000004|0.35200000000000004|1.0|0.0
11|2011-12|34.0|DAL|NBA|SG|63.0|2000.0|0.43|17.8|0.56|0.10400000000000001|0.095|0.152|0.21|0.44|0.47100000000000003|0.698|0.405|0.405|0.43700000000000006|0.37799999999999995|0.324|0.002|2.0|0.7829999999999999|0.225|0.439|1.0|0.0
12|2012-13|35.0|BOS|NBA|SG|79.0|2124.0|0.434|18.7|0.489|0.11599999999999999|0.06|0.11900000000000001|0.19399999999999998|0.511|0.498|0.56|0.48700000000000004|0.455|0.49200000000000005|0.37200000000000005|0.684|0.005|2.0|0.878|0.275|0.418|4.0|0.0
13|2013-14|36.0|BRK|NBA|PG|35.0|570.0|0.36200000000000004|21.1|0.322|0.026000000000000002|0.079|0.053|0.16399999999999998|0.6779999999999999|0.327|1.0|0.16699999999999998|0.25|0.32|0.379|0.563|0.0|0.0|0.846|0.32|0.424|1.0|0.0
14|2014-15|37.0|HOU|NBA|SG|77.0|1641.0|0.42200000000000004|20.7|0.276|0.07|0.07|0.054000000000000006|0.083|0.7240000000000001|0.504|0.5479999999999999|0.516|0.45799999999999996|0.486|0.39|0.46799999999999997|0.002|1.0|0.937|0.446|0.493|1.0|0.0
15|2015-16|38.0|HOU|NBA|SG|72.0|1258.0|0.402|19.6|0.306|0.07200000000000001|0.09300000000000001|0.07200000000000001|0.069|0.6940000000000001|0.504|0.7040000000000001|0.514|0.40700000000000003|0.385|0.35600000000000004|0.397|0.0|0.0|0.903|0.418|0.376|1.0|0.0
16|2016-17|39.0|MIL|NBA|SG|74.0|1365.0|0.43200000000000005|19.8|0.29600000000000004|0.115|0.07400000000000001|0.049|0.057999999999999996|0.7040000000000001|0.444|0.5|0.5|0.33299999999999996|0.35700000000000004|0.42700000000000005|0.594|0.0|0.0|0.932|0.52|0.39299999999999996|0.0|0.0
17|2017-18|40.0|MIL|NBA|SG|51.0|814.0|0.38299999999999995|20.8|0.253|0.084|0.026000000000000002|0.057999999999999996|0.084|0.747|0.48700000000000004|0.5379999999999999|0.25|0.667|0.385|0.348|0.579|0.0|0.0|0.975|0.478|0.4|1.0|0.0
