|Season|Age|Tm|Lg|MP|FG|FGA|3P|3PA|2P|2PA|FT|FTA|ORB|DRB|TRB|AST|STL|BLK|TOV|PF|PTS|GmSc
0|2008-09|20.0|MEM|NBA|36:45|8|16|0|1|8|16|3|4|4|11|15|3|4|5|5|6|16|15.6
1|2009-10|21.0|MEM|NBA|30:43|8|13|0|1|8|13|3|4|6|8|13|2|3|3|3|5|16|16.0
2|2010-11|22.0|MEM|NBA|35:46|9|19|0|2|9|18|9|10|5|7|11|4|3|4|4|6|24|22.2
3|2012-13|24.0|MEM|NBA|29:00|9|15|2|3|9|14|3|4|4|6|9|3|2|3|4|6|20|20.8
4|2013-14|25.0|DEN|NBA|30:07|7|15|3|6|7|13|4|5|4|8|11|6|4|3|4|6|18|17.5
5|2014-15|26.0|DEN|NBA|29:29|7|17|4|9|6|15|5|6|8|8|13|6|3|3|4|6|20|17.5
6|2015-16|27.0|DEN|NBA|34:57|10|15|4|5|8|13|4|5|9|9|12|5|4|2|4|6|24|19.4
7|2016-17|28.0|DEN|NBA|27:42|5|10|4|7|4|6|8|9|4|6|8|4|4|3|3|4|16|17.2
8|2017-18|29.0|DEN|NBA|19:08|4|6|2|5|3|4|1|2|1|3|3|3|2|1|5|3|10|10.0
