|Season|Age|Tm|Lg|Pos|G|GS|MP|FG|FGA|FG%|3P|3PA|3P%|2P|2PA|2P%|FT|FTA|FT%|ORB|DRB|TRB|AST|STL|BLK|TOV|PF|PTS
0|1980-81|21.0|NJN|NBA|C|56.0||1579.0|6.6|15.7|0.423|0.0|0.0|0.0|6.6|15.7|0.424|3.5|4.6|0.767|3.1|6.4|9.6|1.6|1.2|2.3|2.9|2.9|16.8
1|1981-82|22.0|NJN|NBA|C|64.0|6.0|740.0|5.8|13.1|0.441|0.0|0.0||5.8|13.1|0.441|4.7|5.7|0.8220000000000001|3.4|5.6|9.0|2.0|0.8|2.3|2.7|3.4|16.3
2|1982-83|23.0|NJN|NBA|C|80.0|1.0|1255.0|6.1|12.2|0.5|0.0|0.0|0.0|6.1|12.2|0.501|5.0|6.5|0.778|4.4|6.5|11.0|1.7|1.0|3.3|3.6|3.4|17.2
3|1983-84|24.0|NJN|NBA|C|82.0|2.0|1655.0|5.2|10.0|0.513|0.0|0.1|0.0|5.2|10.0|0.516|3.2|4.0|0.799|3.5|5.9|9.4|2.0|0.8|1.5|2.6|3.5|13.5
4|1984-85|25.0|NJN|NBA|C|81.0|54.0|2418.0|5.7|12.2|0.465|0.0|0.0|0.0|5.7|12.2|0.465|4.1|4.9|0.841|3.4|6.0|9.4|2.4|0.6|1.4|2.0|2.0|15.4
5|1985-86|26.0|NJN|NBA|C|81.0|78.0|2525.0|7.0|13.5|0.517|0.0|0.0|0.0|7.0|13.5|0.518|5.0|5.6|0.893|2.9|6.6|9.5|1.9|0.8|1.0|2.0|2.3|19.0
6|1986-87|27.0|NJN|NBA|C|72.0|66.0|2272.0|6.9|15.0|0.457|0.0|0.0||6.9|15.0|0.457|5.0|5.9|0.846|3.0|6.9|10.0|1.6|0.8|1.1|2.0|2.5|18.7
8|1987-88|28.0|NJN|NBA|C|34.0|34.0|1194.0|6.5|14.3|0.45399999999999996|0.0|0.1|0.0|6.5|14.2|0.456|4.3|5.0|0.861|2.5|7.2|9.6|1.7|0.8|1.0|2.5|2.4|17.3
9|1987-88|28.0|PHI|NBA|C|47.0|47.0|1767.0|5.9|13.3|0.445|0.0|0.0||5.9|13.3|0.445|4.3|4.6|0.938|3.3|6.7|10.1|1.7|0.7|1.7|1.9|2.0|16.1
10|1988-89|29.0|PHI|NBA|C|82.0|82.0|2739.0|7.3|15.3|0.47700000000000004|0.0|0.1|0.0|7.3|15.2|0.479|3.9|4.5|0.871|2.8|7.3|10.1|1.8|0.6|1.4|1.7|1.9|18.5
11|1989-90|30.0|PHI|NBA|C|81.0|81.0|2659.0|6.2|13.6|0.457|0.0|0.2|0.17600000000000002|6.2|13.3|0.462|2.6|3.2|0.821|2.7|6.6|9.3|1.7|0.6|1.4|1.3|1.8|15.1
13|1990-91|31.0|PHI|NBA|C|30.0|29.0|791.0|5.0|12.9|0.384|0.0|0.4|0.125|4.9|12.6|0.391|2.4|2.9|0.841|3.2|5.9|9.1|1.5|0.7|1.5|1.4|1.9|12.4
14|1990-91|31.0|CHH|NBA|C|50.0|50.0|1405.0|6.4|13.4|0.473|0.0|0.2|0.16699999999999998|6.3|13.3|0.47700000000000004|1.9|2.4|0.789|2.9|6.8|9.8|1.5|0.6|0.6|1.4|1.5|14.7
15|1991-92|32.0|CHH|NBA|C|35.0|10.0|499.0|6.5|14.4|0.452|0.1|0.2|0.33299999999999996|6.4|14.1|0.45399999999999996|1.5|2.0|0.75|2.7|5.8|8.5|2.2|0.8|1.2|1.4|2.7|14.6
16|1992-93|33.0|CHH|NBA|C|34.0|0.0|251.0|6.0|11.9|0.506|0.0|0.0||6.0|11.9|0.506|1.3|1.4|0.9|4.9|7.3|12.2|1.0|0.1|1.3|1.6|4.0|13.3
18|1993-94|34.0|CHH|NBA|C|21.0|6.0|255.0|4.4|11.2|0.392|0.0|0.0||4.4|11.2|0.392|1.6|2.0|0.7859999999999999|2.7|5.6|8.3|1.6|1.8|1.8|1.6|2.8|10.3
19|1993-94|34.0|MIL|NBA|C|8.0|1.0|54.0|3.3|16.0|0.20800000000000002|0.0|0.0||3.3|16.0|0.20800000000000002|2.0|2.7|0.75|2.0|8.0|10.0|0.0|0.0|2.0|1.3|2.0|8.7
