|Season|Age|Tm|Lg|Pos|G|GS|MP|FG|FGA|FG%|3P|3PA|3P%|2P|2PA|2P%|FT|FTA|FT%|ORB|DRB|TRB|AST|STL|BLK|TOV|PF|PTS|ORtg|DRtg
1|2009-10|22.0|NYK|NBA|PF|24.0|0.0|252.0|8.3|18.6|0.446|0.0|0.4|0.0|8.3|18.2|0.456|3.0|4.3|0.7140000000000001|6.5|5.9|12.4|1.4|2.0|1.8|2.4|7.5|19.7|102.0|109.0
2|2009-10|22.0|HOU|NBA|PF|23.0|0.0|372.0|8.0|15.0|0.532|0.0|0.0||8.0|15.0|0.532|4.3|6.4|0.66|6.0|9.6|15.6|1.8|0.5|1.6|2.5|7.5|20.2|115.0|107.0
3|2010-11|23.0|HOU|NBA|C|72.0|11.0|1125.0|7.8|15.9|0.491|0.0|0.1|0.0|7.8|15.9|0.494|2.7|3.8|0.706|5.8|8.1|13.9|1.3|0.6|2.4|2.8|7.1|18.4|105.0|108.0
5|2011-12|24.0|HOU|NBA|C|32.0|7.0|469.0|7.6|15.1|0.504|0.0|0.3|0.0|7.6|14.7|0.515|2.8|4.4|0.6409999999999999|5.2|12.1|17.3|1.6|1.0|2.3|2.7|6.7|18.0|106.0|102.0
6|2011-12|24.0|LAL|NBA|C|7.0|1.0|82.0|9.1|19.4|0.467|0.0|0.0||9.1|19.4|0.467|3.2|5.2|0.625|9.1|11.0|20.0|1.3|3.2|3.9|4.5|7.1|21.3|98.0|95.0
7|2012-13|25.0|LAL|NBA|PF|29.0|1.0|458.0|8.5|17.2|0.49700000000000005|0.0|0.2|0.0|8.5|17.0|0.503|4.4|6.8|0.6559999999999999|9.1|9.3|18.4|1.4|0.9|2.1|2.9|6.1|21.5|113.0|105.0
8|2013-14|26.0|LAL|NBA|PF|72.0|32.0|1500.0|9.3|16.9|0.5489999999999999|0.0|0.0|0.0|9.3|16.9|0.55|4.0|5.9|0.685|6.3|11.1|17.3|1.8|0.9|2.1|2.4|5.6|22.6|115.0|108.0
9|2014-15|27.0|LAL|NBA|C|70.0|57.0|1874.0|9.7|21.2|0.45899999999999996|0.1|0.3|0.273|9.6|20.9|0.462|3.4|4.6|0.738|4.7|10.4|15.2|2.8|0.9|1.4|2.9|4.5|22.9|101.0|109.0
10|2015-16|28.0|IND|NBA|C|73.0|11.0|1513.0|9.1|18.0|0.506|0.0|0.0|0.0|9.1|18.0|0.507|2.9|4.1|0.7120000000000001|5.1|9.7|14.8|2.9|1.2|1.2|3.0|5.1|21.2|106.0|102.0
11|2016-17|29.0|MIN|NBA|C|7.0|0.0|47.0|5.4|14.0|0.385|0.0|0.0||5.4|14.0|0.385|2.2|2.2|1.0|8.6|6.5|15.1|0.0|1.1|0.0|4.3|9.7|12.9|90.0|114.0
