|Season|Age|Tm|Lg|Pos|G|MP|FG%|Dist.|% of 2PA|% of 0-3|% of 3-10|% of 10-16|% of 16-3pt|% of 3P|2P %FG|0-3 %FG|3-10 %FG|10-16 %FG|16-3pt%FG|3P %FG|2P % Assisted|% of Dunks|Dunks Made|3P % Assisted|% of 3PA from Corner|Corner 3 %FG |Heaves Attempted|Heaves Made
1|2009-10|22.0|NYK|NBA|PF|24.0|252.0|0.446|10.1|0.978|0.348|0.152|0.141|0.337|0.022000000000000002|0.456|0.625|0.35700000000000004|0.231|0.419|0.0|0.659|0.065|6.0||0.0||0.0|0.0
2|2009-10|22.0|HOU|NBA|PF|23.0|372.0|0.532|5.5|1.0|0.55|0.22899999999999998|0.073|0.147|0.0|0.532|0.633|0.56|0.0|0.375||0.517|0.183|18.0||||0.0|0.0
3|2010-11|23.0|HOU|NBA|C|72.0|1125.0|0.491|7.4|0.9940000000000001|0.35200000000000004|0.361|0.136|0.145|0.006|0.494|0.685|0.402|0.375|0.373|0.0|0.532|0.11900000000000001|35.0||0.0||1.0|0.0
5|2011-12|24.0|HOU|NBA|C|32.0|469.0|0.504|8.2|0.978|0.33299999999999996|0.311|0.14800000000000002|0.185|0.022000000000000002|0.515|0.733|0.452|0.4|0.32|0.0|0.618|0.059000000000000004|8.0||0.0||0.0|0.0
6|2011-12|24.0|LAL|NBA|C|7.0|82.0|0.467|6.0|1.0|0.5|0.3|0.1|0.1|0.0|0.467|0.6|0.444|0.33299999999999996|0.0||0.643|0.0|0.0||||0.0|0.0
7|2012-13|25.0|LAL|NBA|PF|29.0|458.0|0.49700000000000005|8.4|0.987|0.426|0.239|0.065|0.258|0.013000000000000001|0.503|0.636|0.486|0.4|0.325|0.0|0.5710000000000001|0.135|20.0||0.0||2.0|0.0
8|2013-14|26.0|LAL|NBA|PF|72.0|1500.0|0.5489999999999999|6.4|0.998|0.41100000000000003|0.363|0.111|0.113|0.002|0.55|0.687|0.48700000000000004|0.414|0.39|0.0|0.584|0.094|45.0||0.0||1.0|0.0
9|2014-15|27.0|LAL|NBA|C|70.0|1874.0|0.45899999999999996|10.8|0.986|0.245|0.22699999999999998|0.136|0.368|0.013999999999999999|0.462|0.6890000000000001|0.40299999999999997|0.34|0.395|0.273|0.619|0.057999999999999996|42.0|0.33299999999999996|0.545|0.33299999999999996|0.0|0.0
10|2015-16|28.0|IND|NBA|C|73.0|1513.0|0.506|8.0|0.998|0.332|0.281|0.14800000000000002|0.237|0.002|0.507|0.659|0.474|0.506|0.33799999999999997|0.0|0.561|0.067|35.0||1.0|0.0|0.0|0.0
11|2016-17|29.0|MIN|NBA|C|7.0|47.0|0.385|7.9|1.0|0.385|0.231|0.154|0.231|0.0|0.385|0.6|0.0|0.0|0.667||0.2|0.077|1.0||||0.0|0.0
