|Season|Age|Tm|Lg|Pos|G|MP|PER|TS%|FTr|ORB%|DRB%|TRB%|AST%|STL%|BLK%|TOV%|USG%|OWS|DWS|WS|WS/48|OBPM|DBPM|BPM|VORP
0|1969-70|22.0|BOS|NBA|PF|51.0|797.0|11.3|0.431|0.275||||4.8|||||-0.8|1.0|0.2|0.01||||
1|1970-71|23.0|BOS|NBA|PF|82.0|1867.0|11.8|0.46|0.24600000000000002|||12.4|5.3|||||-0.1|2.7|2.6|0.066||||
2|1971-72|24.0|BOS|NBA|PF|71.0|1128.0|11.4|0.46|0.23|||13.0|5.1|||||-0.2|1.9|1.7|0.073||||
3|1972-73|25.0|BOS|NBA|SF|78.0|762.0|11.7|0.449|0.242|||11.6|4.4|||||-0.3|1.5|1.2|0.077||||
4|1973-74|26.0|BOS|NBA|PF|78.0|985.0|10.9|0.48|0.302|9.7|13.5|11.6|5.1|0.3|0.3|||0.7|1.0|1.7|0.084|-2.6|-2.8|-5.3|-0.8
5|1974-75|27.0|MIL|NBA|SF|59.0|517.0|11.6|0.457|0.35200000000000004|10.9|13.9|12.4|9.0|1.0|0.3|||0.2|0.4|0.6|0.055999999999999994|-2.5|-1.4|-3.9|-0.2
7|1975-76|28.0|BUF|NBA|SF|10.0|85.0|7.8|0.46399999999999997|0.17600000000000002|5.1|25.0|15.4|4.4|0.5|1.2|||0.0|0.1|0.1|0.043|-7.0|-0.3|-7.3|-0.1
8|1975-76|28.0|BOS|NBA|C|60.0|882.0|12.4|0.527|0.27699999999999997|9.6|16.5|13.0|6.7|0.6|0.6|||1.2|1.0|2.2|0.12|-1.2|-1.0|-2.2|-0.1
9|1976-77|29.0|BOS|NBA|SF|76.0|860.0|10.7|0.466|0.266|8.8|15.0|11.9|6.3|0.4|0.3|||0.3|0.8|1.1|0.061|-3.6|-1.9|-5.5|-0.8
10|1977-78|30.0|BOS|NBA|PF|3.0|14.0|0.6|0.25|0.0|7.4|35.5|21.8|0.0|3.2|0.0|33.3|16.6|-0.1|0.0|0.0|-0.14|-14.4|-2.6|-17.0|-0.1
