|Season|Age|Tm|Lg|Pos|G|GS|MP|FG|FGA|FG%|FT|FTA|FT%|ORB|DRB|TRB|AST|STL|BLK|TOV|PF|PTS
0|1969-70|22.0|BOS|NBA|PF|51.0||15.6|2.5|6.6|0.38799999999999996|1.3|1.8|0.696|||5.0|0.6||||1.7|6.4
1|1970-71|23.0|BOS|NBA|PF|82.0||22.8|3.8|9.1|0.42|1.6|2.2|0.727|||6.6|1.0||||2.4|9.3
2|1971-72|24.0|BOS|NBA|PF|71.0||15.9|2.6|6.3|0.41700000000000004|1.1|1.4|0.784|||4.5|0.6||||1.8|6.3
3|1972-73|25.0|BOS|NBA|SF|78.0||9.8|1.8|4.4|0.40299999999999997|0.8|1.1|0.774|||2.5|0.3||||1.2|4.4
4|1973-74|26.0|BOS|NBA|PF|78.0||12.6|2.0|4.7|0.42700000000000005|1.1|1.4|0.775|1.2|1.8|3.0|0.5|0.1|0.1||1.6|5.1
5|1974-75|27.0|MIL|NBA|SF|59.0||8.8|1.1|2.7|0.39|0.7|0.9|0.7859999999999999|0.9|1.2|2.1|0.6|0.2|0.1||1.0|2.8
7|1975-76|28.0|BUF|NBA|SF|10.0||8.5|0.7|1.7|0.41200000000000003|0.3|0.3|1.0|0.4|2.1|2.5|0.3|0.1|0.2||1.0|1.7
8|1975-76|28.0|BOS|NBA|C|60.0||14.7|2.1|4.6|0.467|1.1|1.3|0.895|1.4|2.5|3.9|0.7|0.2|0.2||2.1|5.4
9|1976-77|29.0|BOS|NBA|SF|76.0||11.3|1.7|4.1|0.42|0.8|1.1|0.759|1.0|1.8|2.8|0.5|0.1|0.1||1.2|4.3
10|1977-78|30.0|BOS|NBA|PF|3.0||4.7|0.3|1.3|0.25|0.0|0.0||0.3|1.7|2.0|0.0|0.3|0.0|0.7|0.7|0.7
