player_id|Rk|Unnamed: 1|Age|G|MP|PER|TS%|3PAr|FTr|ORB%|DRB%|TRB%|AST%|STL%|BLK%|TOV%|USG%|Unnamed: 17|OWS|DWS|WS|WS/48|Unnamed: 22|OBPM|DBPM|BPM|VORP|player_id
silasja01|1|James Silas|24|84|3096|14.6|0.55|0.001|0.413|2.9|9.2|6.0|15.5|1.5|0.2|15.5|19.7||4.7|3.3|7.9|0.12300000000000001||1.3|-0.1|1.2|2.5|silasja01
jonesri01|2|Rich Jones|27|78|2843|15.0|0.47600000000000003|0.039|0.205|6.4|15.9|11.1|14.7|1.2|0.3|10.2|21.5||3.0|3.6|6.6|0.11199999999999999||1.1|0.1|1.3|2.3|jonesri01
dietrco01|3|Coby Dietrick|25|84|2142|13.1|0.47100000000000003|0.005|0.2|10.0|17.1|13.5|16.8|2.1|1.4|19.6|15.4||0.8|3.6|4.4|0.098||-0.1|2.7|2.6|2.5|dietrco01
natersw01|4|Swen Nater|24|62|2001|20.8|0.581|0.001|0.26|13.3|32.8|22.9|8.9|0.7|1.5|16.5|19.9||4.0|3.8|7.8|0.187||1.5|1.0|2.5|2.3|natersw01
averibi01|5|Bird Averitt|21|74|1639|10.4|0.42100000000000004|0.055|0.24600000000000002|2.9|5.2|4.0|13.2|1.9|0.2|11.9|30.0||-2.2|1.7|-0.5|-0.016||-3.0|-3.0|-6.0|-1.6|averibi01
kennego01|6|Goo Kennedy|24|76|1440|14.0|0.574|0.0|0.247|9.0|20.3|14.6|8.4|2.1|0.6|16.8|14.0||2.0|2.5|4.5|0.149||0.2|1.4|1.6|1.3|kennego01
hamiljo01|7|Joe Hamilton|25|43|1415|12.0|0.44799999999999995|0.147|0.188|2.0|6.9|4.5|17.4|1.8|0.0|11.5|21.6||0.2|1.5|1.7|0.057||-0.2|-1.3|-1.4|0.2|hamiljo01
karlge01|8|George Karl|22|74|1339|14.8|0.52|0.044000000000000004|0.225|3.3|7.0|5.1|18.5|2.5|0.5|14.3|20.6||1.6|1.7|3.3|0.11699999999999999||0.6|-0.7|-0.1|0.7|karlge01
terrych01|9|Chuck Terry|23|61|1093|9.8|0.48200000000000004|0.006999999999999999|0.139|6.6|10.0|8.3|9.4|0.8|0.3|9.6|13.5||1.1|1.0|2.2|0.095||-0.8|-0.8|-1.6|0.1|terrych01
hillsi01|10|Simmie Hill|27|60|837|9.9|0.496|0.045|0.254|7.6|14.9|11.2|10.8|0.8|1.2|18.8|17.1||0.1|1.0|1.2|0.066||-2.0|-0.1|-2.1|0.0|hillsi01
gervige01|11|George Gervin|21|25|783|21.9|0.534|0.015|0.344|8.5|20.2|14.3|9.8|1.7|2.7|12.3|28.4||1.5|1.4|2.9|0.18||1.8|0.3|2.1|0.8|gervige01
chambje01|12|Jerry Chambers|30|38|579|12.7|0.493|0.0|0.233|6.9|12.5|9.7|11.0|1.0|0.3|11.0|18.9||0.6|0.6|1.3|0.10400000000000001||-0.5|-1.3|-1.9|0.0|chambje01
netolbo01|13|Bob Netolicky|31|19|488|18.1|0.532|0.0|0.23600000000000002|9.5|13.1|11.2|14.6|0.7|1.4|13.6|21.9||0.8|0.5|1.3|0.129||1.6|-0.3|1.3|0.4|netolbo01
warrebo01|14|Bob Warren|27|36|486|10.9|0.515|0.006999999999999999|0.261|5.7|7.9|6.8|11.2|0.9|0.6|16.7|15.8||0.4|0.4|0.8|0.08||-1.5|-0.9|-2.4|-0.1|warrebo01
swiftsk01|15|Skeeter Swift|27|16|153|7.1|0.41600000000000004|0.179|0.299|3.5|7.9|5.7|14.6|1.0|0.0|14.6|24.9||-0.2|0.1|0.0|-0.015||-3.3|-3.4|-6.7|-0.2|swiftsk01
brownro02|16|Roger Brown|23|2|26|15.5|0.833|0.0|0.0|12.4|12.7|12.5|6.1|0.0|0.0|25.0|13.2||0.1|0.0|0.1|0.163||1.9|-2.0|-0.1|0.0|brownro02
