|Season|Age|Tm|Lg|Pos|G|MP|FG%|Dist.|% of 2PA|% of 0-3|% of 3-10|% of 10-16|% of 16-3pt|% of 3P|2P %FG|0-3 %FG|3-10 %FG|10-16 %FG|16-3pt%FG|3P %FG|2P % Assisted|% of Dunks|Dunks Made|3P % Assisted|% of 3PA from Corner|Corner 3 %FG |Heaves Attempted|Heaves Made
0|2000-01|20.0|ORL|NBA|SF|82.0|2390.0|0.436|17.6|0.569|0.153|0.055999999999999994|0.10099999999999999|0.26|0.431|0.457|0.605|0.319|0.353|0.441|0.40700000000000003|0.677|0.009000000000000001|8.0|0.946|0.17600000000000002|0.391|0.0|0.0
1|2001-02|21.0|ORL|NBA|SF|63.0|2123.0|0.43799999999999994|14.8|0.622|0.252|0.096|0.10300000000000001|0.171|0.37799999999999995|0.47100000000000003|0.6579999999999999|0.35100000000000003|0.301|0.365|0.38299999999999995|0.46799999999999997|0.055|38.0|0.914|0.149|0.511|0.0|0.0
3|2002-03|22.0|ORL|NBA|SF|49.0|1826.0|0.418|16.0|0.638|0.23399999999999999|0.052000000000000005|0.057999999999999996|0.294|0.36200000000000004|0.462|0.614|0.37799999999999995|0.268|0.39399999999999996|0.34|0.541|0.021|14.0|0.9309999999999999|0.16399999999999998|0.381|0.0|0.0
4|2002-03|22.0|MEM|NBA|SF|16.0|360.0|0.51|12.0|0.7090000000000001|0.364|0.11900000000000001|0.046|0.179|0.29100000000000004|0.514|0.636|0.389|0.28600000000000003|0.40700000000000003|0.5|0.636|0.02|3.0|1.0|0.205|0.444|0.0|0.0
5|2003-04|23.0|MEM|NBA|SF|65.0|1770.0|0.43799999999999994|15.0|0.6509999999999999|0.282|0.068|0.045|0.255|0.349|0.474|0.603|0.33299999999999996|0.179|0.42|0.37200000000000005|0.6629999999999999|0.018000000000000002|11.0|0.988|0.121|0.154|0.0|0.0
6|2004-05|24.0|MEM|NBA|SF|76.0|2278.0|0.505|16.0|0.578|0.265|0.042|0.026000000000000002|0.245|0.42200000000000004|0.5579999999999999|0.64|0.375|0.35|0.521|0.433|0.575|0.022000000000000002|15.0|0.95|0.152|0.449|0.0|0.0
7|2005-06|25.0|MEM|NBA|SG|74.0|2268.0|0.466|17.1|0.5539999999999999|0.226|0.038|0.033|0.257|0.446|0.513|0.657|0.207|0.44|0.441|0.40700000000000003|0.48100000000000004|0.012|8.0|0.877|0.09699999999999999|0.242|0.0|0.0
8|2006-07|26.0|MEM|NBA|SG|70.0|2740.0|0.46|17.6|0.507|0.22699999999999998|0.044000000000000004|0.027999999999999997|0.209|0.493|0.514|0.655|0.364|0.321|0.41700000000000004|0.406|0.506|0.012|12.0|0.8370000000000001|0.08199999999999999|0.415|0.0|0.0
9|2007-08|27.0|MEM|NBA|SG|70.0|2474.0|0.502|16.0|0.564|0.28800000000000003|0.044000000000000004|0.038|0.195|0.436|0.557|0.684|0.361|0.355|0.45299999999999996|0.43200000000000005|0.382|0.019|15.0|0.89|0.145|0.462|0.0|0.0
10|2008-09|28.0|MIN|NBA|SF|73.0|2356.0|0.48200000000000004|15.3|0.589|0.305|0.051|0.02|0.214|0.41100000000000003|0.5539999999999999|0.647|0.536|0.091|0.47|0.37799999999999995|0.508|0.033|17.0|0.835|0.17800000000000002|0.475|0.0|0.0
11|2009-10|29.0|WAS|NBA|SG|54.0|1805.0|0.501|15.1|0.605|0.293|0.065|0.021|0.226|0.395|0.515|0.669|0.321|0.33299999999999996|0.38799999999999996|0.48|0.556|0.012|5.0|0.89|0.24600000000000002|0.595|0.0|0.0
12|2010-11|30.0|MIA|NBA|SG|41.0|838.0|0.401|19.1|0.41600000000000004|0.14400000000000002|0.07400000000000001|0.03|0.168|0.584|0.452|0.621|0.5329999999999999|0.16699999999999998|0.324|0.364|0.6579999999999999|0.005|1.0|0.977|0.305|0.41700000000000004|1.0|0.0
13|2011-12|31.0|MIA|NBA|SG|39.0|752.0|0.435|19.4|0.44|0.139|0.028999999999999998|0.038|0.23399999999999999|0.56|0.413|0.483|0.5|0.125|0.408|0.45299999999999996|0.684|0.005|1.0|0.925|0.316|0.45899999999999996|0.0|0.0
14|2012-13|32.0|MIA|NBA|SF|59.0|900.0|0.433|21.2|0.242|0.1|0.035|0.026000000000000002|0.08199999999999999|0.758|0.48200000000000004|0.696|0.25|0.5|0.316|0.41700000000000004|0.519|0.009000000000000001|2.0|0.9590000000000001|0.314|0.364|0.0|0.0
15|2013-14|33.0|MEM|NBA|SF|82.0|1707.0|0.48100000000000004|19.3|0.474|0.10400000000000001|0.07|0.047|0.253|0.526|0.505|0.7170000000000001|0.355|0.47600000000000003|0.46399999999999997|0.45899999999999996|0.67|0.002|1.0|0.972|0.223|0.5|0.0|0.0
16|2014-15|34.0|CLE|NBA|SF|52.0|701.0|0.325|23.8|0.14|0.018000000000000002|0.018000000000000002|0.044000000000000004|0.061|0.86|0.313|1.0|0.5|0.0|0.28600000000000003|0.327|0.2|0.0|0.0|1.0|0.34700000000000003|0.353|0.0|0.0
17|2015-16|35.0|DEN|NBA|SF|47.0|373.0|0.355|22.2|0.161|0.032|0.065|0.032|0.032|0.8390000000000001|0.3|0.5|0.25|0.5|0.0|0.365|0.667|0.0|0.0|0.8420000000000001|0.192|0.4|0.0|0.0
18|2016-17|36.0|DEN|NBA|SF|20.0|151.0|0.391|23.5|0.13|0.0|0.087|0.0|0.043|0.87|0.33299999999999996||0.5||0.0|0.4|1.0|0.0|0.0|1.0|0.05|0.0|0.0|0.0
