player_id|Rk|Unnamed: 1|Age|G|MP|PER|TS%|3PAr|FTr|ORB%|DRB%|TRB%|AST%|STL%|BLK%|TOV%|USG%|Unnamed: 17|OWS|DWS|WS|WS/48|Unnamed: 22|OBPM|DBPM|BPM|VORP|player_id
crawfja01|1|Jamal Crawford|25|79|2555|15.5|0.544|0.33299999999999996|0.406|1.7|10.2|5.9|20.9|1.8|0.5|14.4|21.5||3.7|0.8|4.5|0.084||2.1|-1.4|0.7|1.7|crawfja01
marbust01|2|Stephon Marbury|28|60|2193|16.4|0.532|0.134|0.42100000000000004|1.4|8.4|4.9|31.7|1.5|0.1|14.6|22.2||3.5|0.3|3.9|0.084||2.0|-2.3|-0.3|0.9|marbust01
curryed01|3|Eddy Curry|23|72|1865|17.0|0.604|0.0|0.8140000000000001|9.4|18.9|14.1|1.9|0.8|2.5|18.1|24.1||2.3|1.0|3.3|0.084||-1.6|-2.6|-4.2|-1.0|curryed01
fryech01|4|Channing Frye|22|65|1572|18.1|0.541|0.013999999999999999|0.358|10.6|18.5|14.5|6.6|1.0|2.5|11.6|24.2||2.6|0.9|3.5|0.10800000000000001||-0.2|-1.4|-1.6|0.2|fryech01
robinna01|5|Nate Robinson|21|72|1544|12.6|0.512|0.258|0.358|4.4|8.8|6.6|17.0|2.0|0.1|14.8|22.5||1.0|0.5|1.5|0.046||0.4|-1.9|-1.5|0.2|robinna01
richaqu01|6|Quentin Richardson|25|55|1442|9.6|0.452|0.41|0.198|5.4|14.1|9.7|10.3|1.4|0.3|10.1|17.4||0.2|0.5|0.7|0.023||-0.5|-1.1|-1.6|0.2|richaqu01
tayloma01|7|Maurice Taylor|29|67|1210|8.5|0.496|0.003|0.213|6.5|16.7|11.5|7.9|0.9|0.9|19.5|19.8||-1.0|0.4|-0.5|-0.021||-4.1|-1.3|-5.4|-1.0|tayloma01
leeda02|8|David Lee|22|67|1129|15.4|0.607|0.0|0.535|11.6|21.1|16.3|6.5|1.4|1.5|15.2|13.5||2.0|0.8|2.7|0.11599999999999999||0.2|0.2|0.4|0.7|leeda02
rosema01|9|Malik Rose|31|72|1119|10.2|0.466|0.004|0.488|9.0|19.2|14.1|9.7|2.0|1.0|19.0|17.1||-0.3|0.8|0.5|0.021||-3.2|0.5|-2.7|-0.2|rosema01
woodsqy01|10|Qyntel Woods|24|49|1013|12.4|0.5720000000000001|0.23600000000000002|0.299|5.2|17.7|11.4|8.0|1.7|1.1|17.5|15.6||0.7|0.6|1.3|0.061||-0.7|0.0|-0.7|0.3|woodsqy01
davisan01|11|Antonio Davis|37|36|749|8.9|0.48700000000000004|0.006|0.384|12.0|15.9|14.0|3.0|1.4|1.0|18.8|13.8||0.0|0.3|0.4|0.024||-2.6|-0.7|-3.3|-0.2|davisan01
roseja01|12|Jalen Rose|33|26|747|14.5|0.5820000000000001|0.23800000000000002|0.423|2.1|11.4|6.7|16.2|0.7|0.3|15.0|20.2||1.3|0.0|1.3|0.085||1.1|-2.3|-1.2|0.1|roseja01
butleja01|13|Jackie Butler|20|55|740|14.8|0.5870000000000001|0.0|0.358|10.9|19.3|15.0|6.1|1.2|3.4|19.9|19.0||0.7|0.6|1.2|0.078||-1.6|0.0|-1.6|0.1|butleja01
arizatr01|14|Trevor Ariza|20|36|709|10.2|0.45899999999999996|0.021|0.527|8.3|15.3|11.7|10.4|3.2|1.0|20.4|14.4||-0.4|0.6|0.3|0.02||-2.3|2.0|-0.3|0.3|arizatr01
francst01|15|Steve Francis|28|24|659|13.4|0.542|0.068|0.574|2.6|10.6|6.5|21.7|1.8|0.7|19.6|20.4||0.4|0.2|0.7|0.05||-0.8|-0.9|-1.7|0.0|francst01
jamesje01|16|Jerome James|30|45|406|6.3|0.494|0.0|0.331|11.6|15.7|13.6|5.2|0.4|4.6|26.9|21.2||-0.7|0.2|-0.5|-0.062||-6.0|-0.5|-6.5|-0.5|jamesje01
udokaim01|17|Ime Udoka|28|8|114|6.1|0.413|0.125|0.25|3.2|15.1|9.1|8.4|0.5|0.0|7.0|11.4||0.0|0.0|0.0|0.001||-3.8|-1.6|-5.4|-0.1|udokaim01
barnema02|18|Matt Barnes|25|6|93|9.8|0.409|0.133|0.133|9.1|22.5|15.7|10.9|2.3|0.0|15.9|18.4||-0.1|0.1|0.0|-0.012||-3.7|-0.2|-3.9|0.0|barnema02
hardaan01|19|Anfernee Hardaway|34|4|72|2.0|0.336|0.071|0.14300000000000002|0.0|17.1|8.4|17.0|1.5|0.0|28.7|13.1||-0.2|0.0|-0.2|-0.10099999999999999||-7.5|-0.3|-7.8|-0.1|hardaan01
