player_id|Rk|Unnamed: 1|Age|G|GS|MP|FG|FGA|FG%|FT|FTA|FT%|TRB|AST|PF|PTS/G|player_id
bayloel01|1|Elgin Baylor|27|48||44.4|14.2|33.1|0.428|9.9|13.1|0.754|18.6|4.6|3.2|38.3|bayloel01
westje01|2|Jerry West|23|75||41.2|10.7|23.9|0.445|9.5|12.3|0.769|7.9|5.4|2.3|30.8|westje01
selvyfr01|3|Frank Selvy|29|79||35.5|5.5|13.1|0.42|3.8|5.1|0.738|5.2|4.8|2.9|14.7|selvyfr01
larusru01|4|Rudy LaRusso|24|80||34.4|6.5|13.9|0.466|4.3|5.6|0.763|10.4|2.2|3.2|17.2|larusru01
krebsji01|5|Jim Krebs|26|78||25.8|4.0|9.0|0.445|2.0|2.7|0.75|7.9|1.4|3.7|10.0|krebsji01
hawkito01|6|Tom Hawkins|25|79||24.1|3.7|8.9|0.41100000000000003|1.8|2.8|0.644|6.5|1.2|3.1|9.1|hawkito01
hundlho01|7|Hot Rod Hundley|27|78||19.1|2.2|6.5|0.34|1.1|1.6|0.654|2.6|3.7|1.7|5.5|hundlho01
felixra01|8|Ray Felix|31|80||18.5|2.1|5.0|0.43|1.1|1.6|0.6920000000000001|5.9|0.7|3.3|5.4|felixra01
jolifho01|9|Howie Jolliff|23|64||17.1|1.6|4.0|0.41100000000000003|0.6|1.2|0.526|6.0|1.2|2.7|3.9|jolifho01
simsbo01|10|Bob Sims|23|19||9.0|1.2|3.1|0.373|1.0|2.1|0.48700000000000004|1.4|0.6|2.1|3.3|simsbo01
mcneibo01|11|Bob McNeill|23|29||7.9|0.8|2.1|0.36700000000000005|0.3|0.4|0.667|0.8|1.4|0.9|1.8|mcneibo01
yateswa01|12|Wayne Yates|24|37||7.1|0.8|2.8|0.295|0.3|0.6|0.455|2.5|0.4|1.9|1.9|yateswa01
smithbo01|13|Bobby Smith|24|3||2.3|0.0|0.3|0.0|0.0|0.0||0.0|0.0|0.3|0.0|smithbo01
