player_id|Rk|Unnamed: 1|Age|G|GS|MP|FG|FGA|FG%|3P|3PA|3P%|2P|2PA|2P%|eFG%|FT|FTA|FT%|ORB|DRB|TRB|AST|STL|BLK|TOV|PF|PTS|player_id
mcgratr01|1|Tracy McGrady|22|76|76|2912|715|1586|0.451|103|283|0.364|612|1303|0.47|0.483|415|555|0.748|150|447|597|400|119|73|189|139|1948|mcgratr01
armstda01|2|Darrell Armstrong|33|82|79|2730|347|828|0.419|139|398|0.349|208|430|0.484|0.503|182|205|0.888|83|236|319|453|157|10|175|166|1015|armstda01
garripa01|3|Pat Garrity|25|80|43|2406|327|767|0.426|169|396|0.42700000000000005|158|371|0.426|0.537|61|73|0.836|77|261|338|99|61|28|68|230|884|garripa01
grantho01|4|Horace Grant|36|76|76|2210|264|515|0.513|0|0||264|515|0.513|0.513|80|111|0.721|159|322|481|104|57|49|51|118|608|grantho01
millemi01|5|Mike Miller|21|63|53|2123|351|802|0.43799999999999994|116|303|0.38299999999999995|235|499|0.47100000000000003|0.51|138|181|0.762|49|224|273|198|47|23|108|145|956|millemi01
hudsotr01|6|Troy Hudson|25|81|4|1854|354|815|0.434|66|187|0.353|288|628|0.45899999999999996|0.475|176|201|0.8759999999999999|30|115|145|255|57|6|163|119|950|hudsotr01
willimo01|7|Monty Williams|30|68|19|1284|198|362|0.547|0|4|0.0|198|358|0.5529999999999999|0.547|88|134|0.657|80|155|235|96|49|17|86|134|484|willimo01
ewingpa01|8|Patrick Ewing|39|65|4|901|148|333|0.444|0|1|0.0|148|332|0.446|0.444|94|134|0.701|60|203|263|35|22|45|65|129|390|ewingpa01
reiddo01|9|Don Reid|28|68|5|714|90|190|0.474|0|0||90|190|0.474|0.474|44|68|0.647|65|111|176|27|20|44|54|180|224|reiddo01
declean01|10|Andrew DeClercq|28|61|14|633|67|149|0.45|0|0||67|149|0.45|0.45|28|50|0.56|74|89|163|22|23|24|34|130|162|declean01
buechju01|11|Jud Buechler|33|60|2|630|42|112|0.375|19|54|0.35200000000000004|23|58|0.397|0.46|2|4|0.5|27|81|108|29|20|8|14|46|105|buechju01
huntest01|12|Steven Hunter|20|53|21|516|67|147|0.456|0|0||67|147|0.456|0.456|55|94|0.585|40|57|97|5|5|43|16|81|189|huntest01
hillgr01|13|Grant Hill|29|14|14|512|83|195|0.426|0|2|0.0|83|193|0.43|0.426|69|80|0.863|29|96|125|64|8|4|37|40|235|hillgr01
outlabo01|14|Bo Outlaw|30|10|0|160|13|21|0.619|0|0||13|21|0.619|0.619|8|18|0.444|15|14|29|5|9|9|11|23|34|outlabo01
jacksja01|15|Jaren Jackson|34|9|0|144|15|37|0.405|7|20|0.35|8|17|0.47100000000000003|0.5|2|4|0.5|1|16|17|8|5|0|8|13|39|jacksja01
brownde01|16|Dee Brown|33|7|0|65|3|20|0.15|1|12|0.083|2|8|0.25|0.175|0|0||0|9|9|2|3|1|4|4|7|brownde01
sasseje01|17|Jeryl Sasser|22|7|0|36|3|14|0.214|0|0||3|14|0.214|0.214|4|5|0.8|3|4|7|2|3|0|2|3|10|sasseje01
