|Season|Age|Tm|Lg|MP|FG|FGA|3P|3PA|2P|2PA|FT|FTA|ORB|DRB|TRB|AST|STL|BLK|TOV|PF|PTS|GmSc
0|2000-01|22.0|MIA|NBA||10|17|2|6|10|13|3|4|1|4|5|8|2|0|4|5|23|17.2
1|2001-02|23.0|MIA|NBA||9|18|4|10|6|12|6|6|2|6|7|6|5|2|4|6|28|21.1
2|2002-03|24.0|MIA|NBA||8|17|4|6|6|14|4|4|3|5|6|6|4|1|3|5|21|17.6
3|2003-04|25.0|LAC|NBA||9|19|4|8|6|14|4|5|2|8|10|7|6|1|4|6|22|17.2
5|2004-05|26.0|CHA|NBA||9|18|3|6|9|16|2|2|1|3|4|5|6|2|4|4|20|13.6
6|2004-05|26.0|MIL|NBA||3|8|2|4|1|4|0|0|0|2|2|4|1|0|0|2|8|7.2
7|2004-05|26.0|SAC|NBA||7|14|3|6|6|12|2|3|3|6|6|7|2|1|2|3|17|16.3
8|2005-06|27.0|PHO|NBA|37:46|11|20|7|11|7|13|4|5|2|6|7|5|2|2|4|3|31|29.0
9|2006-07|28.0|NJN|NBA|31:37|8|18|5|10|5|11|5|5|3|5|5|5|3|1|2|5|22|19.8
10|2007-08|29.0|BOS|NBA|34:12|7|15|5|9|5|7|3|3|2|6|6|7|4|1|4|6|20|16.8
11|2008-09|30.0|BOS|NBA|32:04|10|15|8|11|4|7|4|4|1|6|6|4|3|1|3|5|28|24.8
13|2009-10|31.0|BOS|NBA|28:41|9|15|5|10|5|7|5|5|1|4|4|4|3|2|3|5|22|16.4
14|2009-10|31.0|NYK|NBA|36:25|8|16|4|8|4|10|5|5|2|6|7|5|2|0|4|3|24|18.5
15|2010-11|32.0|MIA|NBA|45:01|14|27|7|13|7|14|4|4|2|5|6|4|3|1|2|4|35|20.0
