|Season|Age|Tm|Lg|Pos|G|GS|MP|FG|FGA|FG%|3P|3PA|3P%|2P|2PA|2P%|eFG%|FT|FTA|FT%|ORB|DRB|TRB|AST|STL|BLK|TOV|PF|PTS
0|2000-01|22.0|MIA|NBA|PG|50.0|0.0|550.0|104.0|247.0|0.42100000000000004|19.0|55.0|0.345|85.0|192.0|0.44299999999999995|0.46|24.0|35.0|0.6859999999999999|5.0|37.0|42.0|52.0|13.0|0.0|35.0|58.0|251.0
1|2001-02|23.0|MIA|NBA|PG|64.0|3.0|1230.0|209.0|524.0|0.39899999999999997|54.0|157.0|0.344|155.0|367.0|0.42200000000000004|0.45|42.0|49.0|0.857|17.0|93.0|110.0|123.0|43.0|5.0|80.0|98.0|514.0
2|2002-03|24.0|MIA|NBA|SG|55.0|7.0|1025.0|172.0|444.0|0.387|36.0|120.0|0.3|136.0|324.0|0.42|0.428|31.0|36.0|0.861|17.0|84.0|101.0|87.0|44.0|1.0|46.0|73.0|411.0
3|2003-04|25.0|LAC|NBA|SG|60.0|10.0|1188.0|161.0|449.0|0.359|51.0|136.0|0.375|110.0|313.0|0.35100000000000003|0.415|36.0|45.0|0.8|28.0|110.0|138.0|148.0|65.0|4.0|63.0|92.0|409.0
5|2004-05|26.0|CHA|NBA|SG|13.0|5.0|300.0|61.0|135.0|0.452|12.0|29.0|0.414|49.0|106.0|0.462|0.496|10.0|13.0|0.769|2.0|17.0|19.0|24.0|24.0|3.0|13.0|23.0|144.0
6|2004-05|26.0|MIL|NBA|SG|5.0|0.0|41.0|6.0|17.0|0.353|4.0|6.0|0.667|2.0|11.0|0.182|0.47100000000000003|0.0|0.0||0.0|3.0|3.0|5.0|2.0|0.0|0.0|3.0|16.0
7|2004-05|26.0|SAC|NBA|PG|50.0|2.0|550.0|98.0|214.0|0.45799999999999996|28.0|62.0|0.452|70.0|152.0|0.461|0.523|13.0|14.0|0.929|14.0|47.0|61.0|67.0|18.0|3.0|22.0|39.0|237.0
8|2005-06|27.0|PHO|NBA|PG|81.0|0.0|1421.0|320.0|759.0|0.42200000000000004|123.0|316.0|0.389|197.0|443.0|0.445|0.503|33.0|41.0|0.805|15.0|117.0|132.0|148.0|42.0|12.0|76.0|96.0|796.0
9|2006-07|28.0|NJN|NBA|SG|56.0|1.0|946.0|180.0|421.0|0.428|75.0|175.0|0.429|105.0|246.0|0.42700000000000005|0.517|33.0|36.0|0.917|14.0|78.0|92.0|67.0|27.0|3.0|27.0|69.0|468.0
10|2007-08|29.0|BOS|NBA|PG|78.0|2.0|1480.0|217.0|531.0|0.409|117.0|298.0|0.39299999999999996|100.0|233.0|0.429|0.519|33.0|36.0|0.917|19.0|148.0|167.0|152.0|59.0|10.0|76.0|114.0|584.0
11|2008-09|30.0|BOS|NBA|PG|81.0|0.0|1479.0|249.0|560.0|0.445|151.0|340.0|0.444|98.0|220.0|0.445|0.579|42.0|53.0|0.792|11.0|146.0|157.0|92.0|61.0|7.0|55.0|113.0|691.0
13|2009-10|31.0|BOS|NBA|PG|50.0|0.0|846.0|129.0|322.0|0.401|64.0|167.0|0.38299999999999995|65.0|155.0|0.419|0.5|36.0|40.0|0.9|7.0|62.0|69.0|48.0|28.0|7.0|27.0|61.0|358.0
14|2009-10|31.0|NYK|NBA|SG|18.0|0.0|371.0|44.0|133.0|0.331|15.0|60.0|0.25|29.0|73.0|0.397|0.387|12.0|12.0|1.0|6.0|34.0|40.0|37.0|12.0|0.0|20.0|20.0|115.0
15|2010-11|32.0|MIA|NBA|SG|56.0|1.0|978.0|128.0|321.0|0.39899999999999997|68.0|175.0|0.389|60.0|146.0|0.41100000000000003|0.505|38.0|40.0|0.95|9.0|83.0|92.0|62.0|32.0|3.0|29.0|68.0|362.0
