player_id|Rk|Unnamed: 1|Age|G|MP|PER|TS%|3PAr|FTr|ORB%|DRB%|TRB%|AST%|STL%|BLK%|TOV%|USG%|Unnamed: 17|OWS|DWS|WS|WS/48|Unnamed: 22|OBPM|DBPM|BPM|VORP|player_id
mcginge01|1|George McGinnis|24|79|3193|25.1|0.519|0.09|0.389|11.4|23.1|16.9|22.6|2.9|0.9|15.7|31.7||6.6|5.0|11.6|0.174||4.6|2.2|6.7|7.0|mcginge01
joyceke01|2|Kevin Joyce|23|81|2828|11.2|0.457|0.034|0.145|1.9|3.7|2.8|14.7|1.7|0.4|10.2|19.6||1.8|1.2|3.0|0.05||-1.6|-1.8|-3.4|-1.0|joyceke01
hillmda01|3|Darnell Hillman|25|81|2603|15.8|0.555|0.004|0.21899999999999997|10.4|17.5|13.8|6.5|1.3|2.7|17.1|17.6||3.4|2.8|6.2|0.114||-0.3|1.2|0.9|1.9|hillmda01
knighbi01|4|Billy Knight|22|80|2559|18.5|0.5710000000000001|0.015|0.23800000000000002|10.2|13.7|11.9|8.9|2.1|0.6|16.4|21.1||4.7|2.4|7.1|0.133||1.5|0.3|1.8|2.4|knighbi01
busedo01|5|Don Buse|24|80|2369|11.7|0.491|0.24600000000000002|0.11800000000000001|3.3|8.0|5.5|16.3|3.2|0.3|15.3|9.9||2.4|2.2|4.6|0.094||-0.3|1.5|1.2|1.9|busedo01
kellebi01|6|Bill Keller|27|79|1918|15.3|0.512|0.264|0.141|4.3|6.4|5.3|14.1|1.4|0.1|10.2|21.0||3.6|0.8|4.4|0.109||1.4|-2.5|-1.2|0.4|kellebi01
elmorle01|7|Len Elmore|22|77|1414|12.4|0.451|0.002|0.17800000000000002|9.6|17.6|13.4|3.1|2.2|3.4|12.8|17.2||0.2|1.9|2.2|0.07400000000000001||-3.7|0.7|-3.0|-0.4|elmorle01
edgech01|8|Charles Edge|24|77|1142|15.4|0.519|0.008|0.295|13.2|15.6|14.3|4.3|2.1|1.6|15.8|17.1||1.1|1.3|2.4|0.099||-1.4|-0.2|-1.5|0.1|edgech01
netolbo01|9|Bob Netolicky|32|59|1077|12.9|0.529|0.032|0.261|8.3|12.5|10.3|5.8|0.4|0.9|11.6|16.5||1.6|0.5|2.1|0.09300000000000001||-1.3|-1.9|-3.2|-0.3|netolbo01
neumajo01|10|Johnny Neumann|23|48|835|12.0|0.488|0.193|0.177|3.7|5.3|4.5|19.3|1.2|0.6|15.4|21.7||0.6|0.3|0.9|0.054000000000000006||-1.0|-2.9|-3.9|-0.4|neumajo01
packwa01|11|Wayne Pack|24|21|189|7.3|0.467|0.28300000000000003|0.2|3.4|6.9|5.1|8.2|1.4|0.0|16.6|15.6||0.0|0.1|0.1|0.02||-3.4|-2.1|-5.5|-0.2|packwa01
brownro01|12|Roger Brown|32|10|133|9.8|0.48200000000000004|0.261|0.087|8.3|8.4|8.3|12.1|2.4|0.4|22.7|17.5||0.0|0.1|0.1|0.022000000000000002||-2.0|-0.3|-2.3|0.0|brownro01
