|Season|Age|Tm|Lg|Pos|G|GS|MP|FG|FGA|FG%|3P|3PA|3P%|2P|2PA|2P%|FT|FTA|FT%|ORB|DRB|TRB|AST|STL|BLK|TOV|PF|PTS
0|2009-10|20.0|OKC|NBA|SG|6.0|0.0|120.0|3.6|9.3|0.387|1.8|4.8|0.375|1.8|4.5|0.4|4.8|5.7|0.8420000000000001|0.3|4.2|4.5|3.3|1.8|0.3|0.9|4.2|13.8
1|2010-11|21.0|OKC|NBA|SG|17.0|0.0|537.0|4.4|9.3|0.475|1.5|5.1|0.303|2.9|4.2|0.6829999999999999|4.4|5.4|0.825|0.7|5.4|6.1|4.1|1.4|0.9|1.9|3.2|14.8
2|2011-12|22.0|OKC|NBA|SG|20.0|0.0|630.0|5.3|12.2|0.435|1.8|4.5|0.41|3.5|7.8|0.449|6.2|7.2|0.857|0.7|5.1|5.8|3.9|1.8|0.1|2.4|3.8|18.6
3|2012-13|23.0|HOU|NBA|SG|6.0|6.0|243.0|6.7|17.0|0.391|2.2|6.5|0.341|4.4|10.5|0.423|7.9|9.8|0.8029999999999999|0.7|5.2|5.9|4.0|1.8|0.9|4.0|2.7|23.4
4|2013-14|24.0|HOU|NBA|SG|6.0|6.0|263.0|6.8|18.2|0.376|2.2|7.4|0.29600000000000004|4.7|10.8|0.43|6.2|6.8|0.9|0.7|3.1|3.8|4.8|1.6|0.1|2.9|2.9|22.0
5|2014-15|25.0|HOU|NBA|SG|17.0|17.0|636.0|7.3|16.6|0.439|2.3|6.1|0.38299999999999995|5.0|10.6|0.47100000000000003|9.2|10.1|0.9159999999999999|0.7|4.8|5.5|7.2|1.6|0.4|4.4|2.8|26.2
6|2015-16|26.0|HOU|NBA|SG|5.0|5.0|193.0|7.6|18.7|0.41|2.4|7.8|0.31|5.2|10.8|0.483|7.1|8.4|0.8440000000000001|1.3|3.5|4.8|7.1|2.2|0.2|4.8|2.4|24.8
7|2016-17|27.0|HOU|NBA|PG|11.0|11.0|407.0|8.0|19.3|0.413|2.8|10.2|0.278|5.1|9.1|0.563|8.9|10.2|0.878|0.6|4.7|5.3|8.2|1.9|0.4|5.2|3.8|27.7
8|2017-18|28.0|HOU|NBA|SG|17.0|17.0|621.0|9.2|22.3|0.41|3.0|10.1|0.299|6.1|12.2|0.502|6.8|7.7|0.887|0.8|4.3|5.2|6.7|2.2|0.6|3.8|2.7|28.2
9|2018-19|29.0|HOU|NBA|PG|11.0|11.0|424.0|9.3|22.4|0.413|4.1|11.6|0.35|5.2|10.8|0.48|7.0|8.3|0.8370000000000001|0.8|5.7|6.5|6.2|2.0|0.8|4.3|3.5|29.5
