|Season|Age|Tm|Lg|MP|FG|FGA|3P|3PA|2P|2PA|FT|FTA|ORB|DRB|TRB|AST|STL|BLK|TOV|PF|PTS|GmSc
1|1977-78|22.0|LAL|NBA||11||||||11|16.0|||||||||32|
2|1977-78|22.0|IND|NBA||14||||||10|15.0|||||||||33|
3|1978-79|23.0|IND|NBA||14||||||11|15.0|||||||||36|
4|1979-80|24.0|IND|NBA||14||0.0||||9||||||||||35|
5|1980-81|25.0|IND|NBA||16||0.0||||11|13.0|||||||||39|
6|1981-82|26.0|CLE|NBA||14||0.0||||8|11.0|||||||||31|
8|1982-83|27.0|CLE|NBA||11|18.0|0.0||11.0||13|18.0|||16.0|2.0||||6.0|25|
9|1982-83|27.0|PHO|NBA||6|14.0|0.0|0.0|6.0|14.0|5|9.0|||7.0|4.0|1.0|1.0|3.0|6.0|17|
10|1983-84|28.0|PHO|NBA||14|22.0|0.0|1.0|14.0|22.0|10|10.0|5.0|8.0|13.0|7.0|2.0|2.0|6.0|6.0|33|26.3
11|1984-85|29.0|PHO|NBA||10|19.0|0.0|1.0|10.0|19.0|11|14.0|7.0|11.0|14.0|7.0|3.0|5.0|7.0|6.0|30|23.5
12|1985-86|30.0|PHO|NBA||14|21.0|0.0|0.0|14.0|21.0|15|17.0|5.0|10.0|12.0|6.0|3.0|4.0|7.0|6.0|30|23.5
13|1986-87|31.0|PHO|NBA||6|12.0|0.0|0.0|6.0|12.0|7|9.0|3.0|8.0|9.0|4.0|1.0|2.0|3.0|6.0|16|15.6
15|1987-88|32.0|PHO|NBA||14|29.0|0.0|1.0|14.0|29.0|18|19.0|8.0|13.0|18.0|5.0|2.0|4.0|6.0|6.0|32|22.7
16|1987-88|32.0|DET|NBA||5|10.0|0.0|0.0|5.0|10.0|6|8.0|4.0|8.0|12.0|1.0|1.0|2.0|3.0|5.0|16|12.6
17|1988-89|33.0|DET|NBA||9|15.0|0.0|1.0|9.0|15.0|8|9.0|5.0|7.0|9.0|3.0|2.0|4.0|5.0|6.0|18|14.7
18|1989-90|34.0|DET|NBA||13|21.0|0.0|1.0|13.0|21.0|11|11.0|5.0|8.0|10.0|5.0|3.0|3.0|5.0|6.0|32|21.8
19|1990-91|35.0|DET|NBA||13|21.0|1.0|1.0|13.0|21.0|10|11.0|5.0|8.0|11.0|3.0|2.0|2.0|5.0|6.0|32|26.9
20|1991-92|36.0|LAC|NBA||8|15.0|0.0|1.0|8.0|15.0|12|17.0|3.0|6.0|7.0|5.0|3.0|3.0|3.0|6.0|26|17.9
21|1992-93|37.0|LAL|NBA||7|15.0|0.0|0.0|7.0|15.0|7|8.0|3.0|4.0|6.0|5.0|1.0|2.0|3.0|5.0|17|14.6
22|1993-94|38.0|LAL|NBA||7|13.0|0.0|0.0|7.0|13.0|6|6.0|3.0|5.0|6.0|3.0|1.0|1.0|3.0|5.0|16|13.6
23|1994-95|39.0|POR|NBA||5|6.0|0.0|0.0|5.0|6.0|3|4.0|2.0|4.0|6.0|2.0|1.0|2.0|3.0|4.0|11|8.4
24|1995-96|40.0|CHI|NBA||6|9.0|0.0|0.0|6.0|9.0|3|4.0|2.0|4.0|5.0|2.0|1.0|2.0|3.0|6.0|12|9.1
