|Season|Age|Tm|Lg|MP|FG|FGA|3P|3PA|2P|2PA|FT|FTA|ORB|DRB|TRB|AST|STL|BLK|TOV|PF|PTS|GmSc
0|1980-81|25.0|IND|NBA||7|18|0|0|7|18|0|0|||8|3||1||4|14|
2|1982-83|27.0|PHO|NBA||6|12|0|0|6|12|4|4|4.0|9.0|9|3|1.0|1|3.0|3|14|11.9
3|1983-84|28.0|PHO|NBA||10|17|0|0|10|17|9|10|||8|4|1.0|2|5.0|6|23|
5|1987-88|32.0|DET|NBA||7|10|0|1|7|10|8|10|3.0|5.0|6|2|2.0|1|2.0|5|18|15.0
6|1988-89|33.0|DET|NBA||5|9|0|1|5|9|7|10|3.0|4.0|4|2|1.0|2|3.0|4|15|10.1
7|1989-90|34.0|DET|NBA||13|23|0|1|13|23|6|10|3.0|6.0|7|2|2.0|3|5.0|5|32|21.5
8|1990-91|35.0|DET|NBA||8|16|0|0|8|16|9|10|4.0|4.0|6|2|1.0|1|5.0|4|19|11.8
9|1991-92|36.0|LAC|NBA||4|8|0|0|4|8|4|6|1.0|2.0|3|2|1.0|1|3.0|3|9|8.6
10|1992-93|37.0|LAL|NBA||1|2|0|0|1|2|0|0|0.0|2.0|2|0|0.0|0|1.0|2|2|2.3
11|1994-95|39.0|POR|NBA||0|1|0|0|0|1|0|0|0.0|0.0|0|0|0.0|0|0.0|0|0|-0.7
12|1995-96|40.0|CHI|NBA||2|4|0|0|2|4|2|2|0.0|2.0|2|0|0.0|0|1.0|2|5|2.1
