|Season|Age|Tm|Lg|Pos|G|GS|MP|FG|FGA|FG%|3P|3PA|3P%|2P|2PA|2P%|FT|FTA|FT%|ORB|DRB|TRB|AST|STL|BLK|TOV|PF|PTS|ORtg|DRtg
1|2002-03|23.0|MIL|NBA|SG|12.0|0.0|42.0|11.4|32.9|0.34600000000000003|0.0|5.1|0.0|11.4|27.8|0.409|6.3|10.1|0.625|0.0|1.3|1.3|3.8|5.1|0.0|5.1|0.0|29.1|76.0|106.0
2|2002-03|23.0|SEA|NBA|SG|2.0|0.0|20.0|5.5|13.6|0.4|0.0|2.7|0.0|5.5|10.9|0.5|0.0|0.0||0.0|8.2|8.2|5.5|0.0|0.0|10.9|0.0|10.9|52.0|108.0
3|2003-04|24.0|SEA|NBA|PG|82.0|18.0|2021.0|10.3|24.2|0.425|1.8|6.0|0.293|8.5|18.1|0.469|4.4|6.2|0.715|1.2|4.2|5.4|5.4|2.1|0.7|3.9|4.2|26.8|98.0|109.0
4|2004-05|25.0|SEA|NBA|SG|49.0|6.0|883.0|8.1|22.5|0.361|1.5|5.9|0.253|6.6|16.6|0.39899999999999997|3.6|4.9|0.738|0.9|5.1|6.1|4.0|1.9|0.7|3.5|3.6|21.3|91.0|110.0
6|2005-06|26.0|SEA|NBA|SG|48.0|2.0|1085.0|8.6|21.8|0.397|0.8|3.7|0.22399999999999998|7.8|18.1|0.43200000000000005|4.8|6.7|0.7170000000000001|0.9|3.3|4.2|5.8|1.4|0.2|3.8|3.3|22.9|96.0|117.0
7|2005-06|26.0|CLE|NBA|SG|28.0|25.0|1027.0|7.4|16.5|0.44799999999999995|1.0|3.4|0.308|6.3|13.1|0.484|3.8|5.4|0.7020000000000001|0.8|2.7|3.5|4.0|2.0|0.4|2.9|3.3|19.6|102.0|108.0
8|2006-07|27.0|DET|NBA|SG|69.0|18.0|1477.0|6.6|16.3|0.40399999999999997|0.9|3.1|0.289|5.7|13.2|0.431|3.2|4.5|0.725|1.0|3.2|4.2|7.0|1.8|0.5|3.4|3.6|17.3|97.0|107.0
10|2007-08|28.0|DET|NBA|PG|19.0|2.0|347.0|9.0|22.0|0.41|1.0|4.3|0.222|8.1|17.7|0.455|3.5|5.9|0.595|2.1|3.6|5.7|10.1|2.1|0.2|4.9|3.0|22.5|96.0|106.0
11|2007-08|28.0|IND|NBA|PG|23.0|17.0|527.0|9.0|21.3|0.425|1.3|3.4|0.389|7.7|17.9|0.43200000000000005|4.3|5.7|0.754|0.9|3.4|4.4|7.5|2.3|0.3|4.9|2.9|23.7|95.0|109.0
12|2008-09|29.0|ATL|NBA|SG|80.0|2.0|1975.0|9.6|21.6|0.447|2.4|6.6|0.36|7.3|15.0|0.485|4.8|6.3|0.76|0.6|4.0|4.6|4.3|2.4|0.5|3.5|4.7|26.4|104.0|109.0
14|2009-10|30.0|CHA|NBA|SG|46.0|1.0|993.0|8.6|22.0|0.389|2.2|7.0|0.313|6.4|15.0|0.425|5.0|7.0|0.71|0.8|4.4|5.2|4.5|1.5|0.6|3.5|4.1|24.3|96.0|105.0
15|2009-10|30.0|CHI|NBA|SG|29.0|1.0|680.0|8.2|20.6|0.397|2.1|6.8|0.311|6.1|13.8|0.44|3.6|4.8|0.762|1.0|5.5|6.4|3.9|1.4|0.3|2.0|3.7|22.1|102.0|108.0
