player_id|Rk|Unnamed: 1|Age|G|GS|MP|FG|FGA|FG%|3P|3PA|3P%|2P|2PA|2P%|eFG%|FT|FTA|FT%|ORB|DRB|TRB|AST|STL|BLK|TOV|PF|PTS|player_id
gasolpa01|1|Pau Gasol|28|81|81|2999|592|1045|0.5670000000000001|1|2|0.5|591|1043|0.5670000000000001|0.5670000000000001|343|439|0.7809999999999999|262|518|780|284|52|81|157|172|1528|gasolpa01
bryanko01|2|Kobe Bryant|30|82|82|2960|800|1712|0.467|118|336|0.35100000000000003|682|1376|0.496|0.502|483|564|0.856|90|339|429|399|120|37|210|189|2201|bryanko01
fishede01|3|Derek Fisher|34|82|82|2441|292|688|0.424|120|302|0.397|172|386|0.446|0.512|110|130|0.846|25|163|188|261|95|6|72|187|814|fishede01
odomla01|4|Lamar Odom|29|78|32|2316|346|703|0.49200000000000005|33|103|0.32|313|600|0.522|0.516|160|257|0.623|176|461|637|204|77|98|138|235|885|odomla01
arizatr01|5|Trevor Ariza|23|82|20|1999|274|596|0.46|61|191|0.319|213|405|0.526|0.511|120|169|0.71|111|241|352|145|137|24|87|166|729|arizatr01
bynuman01|6|Andrew Bynum|21|50|50|1446|281|502|0.56|0|0||281|502|0.56|0.56|152|215|0.7070000000000001|137|261|398|71|18|90|85|157|714|bynuman01
vujacsa01|7|Sasha Vujačić|24|80|0|1293|155|401|0.387|81|223|0.363|74|178|0.41600000000000004|0.488|70|76|0.9209999999999999|19|116|135|113|77|7|35|154|461|vujacsa01
farmajo01|8|Jordan Farmar|22|65|0|1192|161|412|0.391|49|146|0.336|112|266|0.42100000000000004|0.45|45|77|0.584|22|95|117|155|57|10|87|105|416|farmajo01
waltolu01|9|Luke Walton|28|65|34|1166|134|307|0.436|17|57|0.298|117|250|0.46799999999999997|0.46399999999999997|41|57|0.7190000000000001|55|125|180|177|32|10|69|105|326|waltolu01
radmavl01|10|Vladimir Radmanović|28|46|28|771|95|214|0.444|60|136|0.441|35|78|0.449|0.584|23|27|0.852|18|99|117|38|28|7|47|51|273|radmavl01
poweljo01|11|Josh Powell|26|60|1|703|106|239|0.444|0|0||106|239|0.444|0.444|38|50|0.76|71|105|176|27|9|17|51|98|250|poweljo01
mbengdj01|12|Didier Ilunga-Mbenga|28|23|0|181|27|57|0.474|0|1|0.0|27|56|0.48200000000000004|0.474|7|8|0.875|9|22|31|9|10|24|13|33|61|mbengdj01
brownsh01|13|Shannon Brown|23|18|0|136|22|42|0.524|6|9|0.667|16|33|0.485|0.595|8|9|0.889|3|17|20|10|4|2|9|9|58|brownsh01
mihmch01|14|Chris Mihm|29|18|0|105|15|40|0.375|0|0||15|40|0.375|0.375|6|7|0.857|15|19|34|10|1|6|10|23|36|mihmch01
morriad01|15|Adam Morrison|24|8|0|44|4|12|0.33299999999999996|1|4|0.25|3|8|0.375|0.375|1|2|0.5|2|6|8|3|0|0|3|4|10|morriad01
yuesu01|16|Sun Yue|23|10|0|28|3|11|0.273|0|6|0.0|3|5|0.6|0.273|0|0||0|0|0|2|1|1|3|10|6|yuesu01
