|Season|Age|Tm|Lg|Pos|G|GS|MP|FG|FGA|FG%|3P|3PA|3P%|2P|2PA|2P%|eFG%|FT|FTA|FT%|ORB|DRB|TRB|AST|STL|BLK|TOV|PF|PTS
0|1963-64|25.0|BAL|NBA|PF|78.0||36.5|7.3|17.0|0.43||||7.3|17.0|0.43|0.43|2.7|4.1|0.6579999999999999|||13.6|2.2||||4.1|17.3
1|1964-65|26.0|BAL|NBA|SF|76.0||38.1|7.6|18.1|0.418||||7.6|18.1|0.418|0.418|3.4|5.1|0.6759999999999999|||13.0|3.6||||3.4|18.6
2|1965-66|27.0|BAL|NBA|SF|41.0||31.3|6.7|16.1|0.413||||6.7|16.1|0.413|0.413|3.2|4.3|0.736|||13.3|2.8||||3.3|16.5
3|1966-67|28.0|BAL|NBA|SF|73.0||36.0|8.5|18.9|0.45||||8.5|18.9|0.45|0.45|3.7|5.2|0.708|||11.7|2.7||||3.8|20.7
4|1967-68|29.0|BAL|NBA|SF|60.0||37.9|8.0|17.2|0.467||||8.0|17.2|0.467|0.467|3.0|4.5|0.667|||13.0|2.7||||3.7|19.1
5|1968-69|30.0|BAL|NBA|PF|49.0||34.1|7.3|16.0|0.45899999999999996||||7.3|16.0|0.45899999999999996|0.45899999999999996|3.3|4.6|0.7170000000000001|||11.6|2.0||||3.6|17.9
6|1969-70|31.0|BAL|NBA|PF|78.0||37.4|7.4|16.4|0.451||||7.4|16.4|0.451|0.451|2.5|3.5|0.7240000000000001|||13.9|3.4||||3.4|17.3
7|1970-71|32.0|BAL|NBA|PF|66.0||38.5|7.5|16.5|0.45299999999999996||||7.5|16.5|0.45299999999999996|0.45299999999999996|3.2|4.4|0.738|||17.1|2.9||||3.4|18.2
8|1971-72|33.0|BAL|NBA|PF|39.0||17.1|2.6|6.9|0.38299999999999995||||2.6|6.9|0.38299999999999995|0.38299999999999995|1.1|1.6|0.6829999999999999|||5.8|1.3||||2.3|6.4
10|1972-73|34.0|PHO|NBA|PF|21.0||19.9|3.3|8.6|0.381||||3.3|8.6|0.381|0.381|1.2|1.7|0.6940000000000001|||6.5|1.5||||2.6|7.8
11|1972-73|34.0|INA|ABA|SF|50.0||15.1|2.6|6.0|0.441|0.1|0.4|0.19|2.6|5.6|0.46|0.44799999999999995|0.6|0.8|0.738|1.7|3.2|4.9|1.2|||1.4|2.3|6.0
