|Season|Age|Tm|Lg|Pos|G|GS|MP|FG|FGA|FG%|3P|3PA|3P%|2P|2PA|2P%|eFG%|FT|FTA|FT%|ORB|DRB|TRB|AST|STL|BLK|TOV|PF|PTS
0|1963-64|25.0|BAL|NBA|PF|78.0||2847.0|571.0|1329.0|0.43||||571.0|1329.0|0.43|0.43|210.0|319.0|0.6579999999999999|||1064.0|169.0||||321.0|1352.0
1|1964-65|26.0|BAL|NBA|SF|76.0||2899.0|577.0|1379.0|0.418||||577.0|1379.0|0.418|0.418|261.0|386.0|0.6759999999999999|||988.0|270.0||||258.0|1415.0
2|1965-66|27.0|BAL|NBA|SF|41.0||1284.0|273.0|661.0|0.413||||273.0|661.0|0.413|0.413|131.0|178.0|0.736|||546.0|114.0||||136.0|677.0
3|1966-67|28.0|BAL|NBA|SF|73.0||2626.0|620.0|1377.0|0.45||||620.0|1377.0|0.45|0.45|271.0|383.0|0.708|||855.0|194.0||||281.0|1511.0
4|1967-68|29.0|BAL|NBA|SF|60.0||2271.0|482.0|1033.0|0.467||||482.0|1033.0|0.467|0.467|180.0|270.0|0.667|||782.0|159.0||||223.0|1144.0
5|1968-69|30.0|BAL|NBA|PF|49.0||1671.0|359.0|782.0|0.45899999999999996||||359.0|782.0|0.45899999999999996|0.45899999999999996|160.0|223.0|0.7170000000000001|||568.0|97.0||||176.0|878.0
6|1969-70|31.0|BAL|NBA|PF|78.0||2919.0|578.0|1282.0|0.451||||578.0|1282.0|0.451|0.451|197.0|272.0|0.7240000000000001|||1086.0|264.0||||269.0|1353.0
7|1970-71|32.0|BAL|NBA|PF|66.0||2538.0|494.0|1090.0|0.45299999999999996||||494.0|1090.0|0.45299999999999996|0.45299999999999996|214.0|290.0|0.738|||1128.0|192.0||||227.0|1202.0
8|1971-72|33.0|BAL|NBA|PF|39.0||668.0|103.0|269.0|0.38299999999999995||||103.0|269.0|0.38299999999999995|0.38299999999999995|43.0|63.0|0.6829999999999999|||226.0|51.0||||91.0|249.0
10|1972-73|34.0|PHO|NBA|PF|21.0||417.0|69.0|181.0|0.381||||69.0|181.0|0.381|0.381|25.0|36.0|0.6940000000000001|||136.0|31.0||||55.0|163.0
11|1972-73|34.0|INA|ABA|SF|50.0||753.0|132.0|299.0|0.441|4.0|21.0|0.19|128.0|278.0|0.46|0.44799999999999995|31.0|42.0|0.738|85.0|160.0|245.0|62.0|||70.0|113.0|299.0
