|Season|Age|Tm|Lg|Pos|G|MP|FG%|Dist.|% of 2PA|% of 0-3|% of 3-10|% of 10-16|% of 16-3pt|% of 3P|2P %FG|0-3 %FG|3-10 %FG|10-16 %FG|16-3pt%FG|3P %FG|2P % Assisted|% of Dunks|Dunks Made|3P % Assisted|% of 3PA from Corner|Corner 3 %FG |Heaves Attempted|Heaves Made
0|2010-11|26.0|SAS|NBA|SG|80.0|1685.0|0.451|18.1|0.513|0.044000000000000004|0.161|0.158|0.149|0.48700000000000004|0.48100000000000004|0.679|0.441|0.52|0.426|0.419|0.532|0.0|0.0|0.8140000000000001|0.256|0.456|2.0|0.0
1|2011-12|27.0|SAS|NBA|SG|56.0|1206.0|0.436|16.5|0.593|0.084|0.20800000000000002|0.152|0.14800000000000002|0.40700000000000003|0.44799999999999995|0.537|0.446|0.45899999999999996|0.389|0.419|0.33299999999999996|0.0|0.0|0.542|0.162|0.406|0.0|0.0
2|2012-13|28.0|SAS|NBA|SG|68.0|1484.0|0.41200000000000003|18.5|0.58|0.052000000000000005|0.129|0.126|0.273|0.42|0.45399999999999996|0.484|0.455|0.5329999999999999|0.41100000000000003|0.355|0.5479999999999999|0.002|1.0|0.7979999999999999|0.16699999999999998|0.405|0.0|0.0
4|2013-14|29.0|MIL|NBA|SG|30.0|607.0|0.39|17.6|0.599|0.07200000000000001|0.11199999999999999|0.20199999999999999|0.213|0.401|0.41|0.6|0.387|0.35700000000000004|0.40700000000000003|0.36|0.426|0.0|0.0|0.7|0.126|0.429|0.0|0.0
5|2013-14|29.0|CHA|NBA|SG|22.0|507.0|0.43799999999999994|16.9|0.644|0.08800000000000001|0.16|0.139|0.258|0.35600000000000004|0.456|0.588|0.452|0.556|0.36|0.406|0.526|0.0|0.0|0.7140000000000001|0.145|0.4|0.0|0.0
7|2014-15|30.0|CHO|NBA|SG|43.0|931.0|0.359|16.5|0.6659999999999999|0.126|0.14800000000000002|0.138|0.254|0.33399999999999996|0.392|0.32|0.33899999999999997|0.509|0.396|0.293|0.317|0.0|0.0|0.59|0.113|0.2|0.0|0.0
8|2014-15|30.0|MIN|NBA|SG|11.0|262.0|0.429|18.1|0.705|0.048|0.076|0.152|0.429|0.295|0.45899999999999996|0.8|0.25|0.563|0.42200000000000004|0.355|0.5589999999999999|0.0|0.0|0.545|0.161|0.4|0.0|0.0
9|2015-16|31.0|WAS|NBA|SG|40.0|807.0|0.465|16.3|0.6920000000000001|0.071|0.16|0.157|0.305|0.308|0.489|0.652|0.5379999999999999|0.41200000000000003|0.465|0.41|0.473|0.0|0.0|0.659|0.19|0.368|0.0|0.0
10|2016-17|32.0|ATL|NBA|SG|2.0|18.0|0.0|19.9|0.7140000000000001|0.0|0.0|0.14300000000000002|0.5710000000000001|0.28600000000000003|0.0|||0.0|0.0|0.0||0.0|0.0||0.0||0.0|0.0
