player_id|Rk|Unnamed: 1|Age|G|GS|MP|FG|FGA|FG%|3P|3PA|3P%|2P|2PA|2P%|FT|FTA|FT%|ORB|DRB|TRB|AST|STL|BLK|TOV|PF|PTS|Unnamed: 27|ORtg|DRtg|player_id
gervige01|1|George Gervin|22|84||3113|11.7|24.8|0.474|0.3|0.8|0.309|11.5|24.0|0.479|5.7|6.9|0.83|3.7|6.7|10.4|3.1|2.0|2.1|3.7|4.4|29.4||109|103|gervige01
silasja01|2|James Silas|25|82||3105|8.7|17.1|0.509|0.0|0.0|0.0|8.7|17.0|0.51|6.5|7.3|0.885|1.1|3.6|4.7|6.0|1.7|0.3|3.5|3.5|23.8||117|108|silasja01
jonesri01|3|Rich Jones|28|83||3097|9.8|22.3|0.439|0.2|0.8|0.26|9.6|21.5|0.445|4.3|5.6|0.767|3.7|6.0|9.7|4.1|1.3|0.5|3.2|4.5|24.1||105|106|jonesri01
natersw01|4|Swen Nater|25|78||2713|8.5|15.7|0.542|0.0|0.0|0.0|8.5|15.7|0.542|3.2|4.2|0.752|6.3|15.6|22.0|1.7|0.7|1.5|3.2|4.1|20.2||114|100|natersw01
freemdo01|5|Donnie Freeman|30|77||2381|8.9|19.8|0.44799999999999995|0.0|0.1|0.0|8.9|19.7|0.45|5.7|6.9|0.821|2.1|1.5|3.6|4.0|1.3|0.3|2.6|3.3|23.4||110|110|freemdo01
dietrco01|6|Coby Dietrick|26|82||1724|6.0|12.0|0.5|0.1|0.1|0.5|5.9|11.9|0.5|2.1|2.7|0.768|5.2|9.0|14.2|4.5|2.2|1.5|3.2|7.2|14.1||109|102|dietrco01
karlge01|7|George Karl|23|82||1629|7.5|15.3|0.489|0.1|0.7|0.174|7.4|14.6|0.503|3.9|5.1|0.774|1.3|3.1|4.4|9.6|2.7|0.2|4.5|5.9|19.0||106|106|karlge01
terrych01|8|Chuck Terry|24|79||1186|5.8|12.3|0.473|0.1|0.3|0.375|5.7|12.0|0.475|1.5|2.1|0.736|3.0|5.5|8.5|2.7|1.5|0.1|1.5|5.7|13.3||112|107|terrych01
warrebo01|9|Bob Warren|28|71||992|6.0|12.5|0.479|0.1|0.3|0.28600000000000003|5.9|12.1|0.484|3.6|4.3|0.846|2.0|3.3|5.3|4.3|1.6|0.4|3.2|5.1|15.7||107|108|warrebo01
frankwi01|10|William Franklin|25|24||179|8.3|22.1|0.376|0.0|0.3|0.0|8.3|21.9|0.381|3.9|6.0|0.652|10.2|11.2|21.4|2.6|0.8|0.5|4.7|9.6|20.6||94|104|frankwi01
templco01|11|Collis Temple|22|24||102|7.8|18.7|0.415|0.0|0.5|0.0|7.8|18.3|0.425|3.7|4.6|0.8|6.4|7.8|14.2|6.9|1.8|1.8|5.5|13.3|19.2||97|103|templco01
lovest01|12|Stan Love|25|12||64|9.5|21.9|0.433|0.0|0.0||9.5|21.9|0.433|2.2|2.9|0.75|4.4|13.1|17.5|6.6|0.0|2.9|4.4|11.7|21.1||98|102|lovest01
