|Season|Age|Tm|Lg|MP|FG|FGA|3P|3PA|2P|2PA|FT|FTA|ORB|DRB|TRB|AST|STL|BLK|TOV|PF|PTS|GmSc
0|1982-83|24.0|MIL|NBA||10|16|1|1|10|16|8|9|||9|9|4|4|7|6|23|
1|1983-84|25.0|MIL|NBA||9|16|1|2|9|16|5|7|4.0|10.0|12|11|4|3|7|6|21|23.0
2|1984-85|26.0|MIL|NBA||13|23|1|2|12|23|13|18|7.0|12.0|15|13|5|5|7|6|30|28.2
3|1985-86|27.0|MIL|NBA||12|22|2|3|12|21|17|19|4.0|10.0|14|16|5|4|9|6|30|30.7
4|1986-87|28.0|MIL|NBA||11|21|2|4|11|18|10|13|7.0|8.0|15|15|5|3|8|6|27|32.5
5|1987-88|29.0|MIL|NBA||10|22|2|3|9|21|14|16|6.0|8.0|13|14|5|3|6|6|25|27.5
6|1988-89|30.0|MIL|NBA||11|18|2|3|11|16|9|11|4.0|7.0|9|15|7|3|8|6|25|25.3
7|1989-90|31.0|MIL|NBA||9|15|2|4|9|14|7|9|4.0|6.0|8|12|6|3|6|6|21|21.8
8|1990-91|32.0|SAS|NBA||7|12|2|3|7|11|6|8|4.0|4.0|6|10|5|2|6|6|18|21.9
9|1991-92|33.0|SAS|NBA||4|10|1|2|4|9|5|7|4.0|5.0|7|11|3|2|4|5|11|14.5
10|1992-93|34.0|GSW|NBA||3|7|0|1|3|7|5|6|3.0|7.0|10|5|2|2|5|5|8|8.1
