player_id|Rk|Unnamed: 1|Age|G|GS|MP|FG|FGA|FG%|FT|FTA|FT%|TRB|AST|PF|PTS|player_id
bridgbi01|1|Bill Bridges|29|80||2930|4.3|9.5|0.45299999999999996|2.9|4.3|0.677|13.9|3.7|3.6|11.6|bridgbi01
hudsolo01|2|Lou Hudson|24|81||2869|9.0|18.3|0.49200000000000005|4.2|5.5|0.777|6.7|2.7|3.1|22.2|hudsolo01
caldwjo01|3|Joe Caldwell|27|81||2720|7.4|14.6|0.507|2.1|3.9|0.537|4.0|4.2|3.1|17.0|caldwjo01
beatyze01|4|Zelmo Beaty|29|72||2578|8.2|17.5|0.47|5.2|7.1|0.731|11.1|1.8|3.8|21.6|beatyze01
abdulma01|5|Walt Hazzard|26|80||2420|5.1|12.9|0.397|3.1|4.4|0.7070000000000001|4.0|7.1|3.9|13.4|abdulma01
ohldo01|6|Don Ohl|32|76||1995|6.9|16.3|0.42700000000000005|2.7|3.8|0.7070000000000001|3.1|4.0|4.2|16.5|ohldo01
silaspa01|7|Paul Silas|25|79||1853|4.7|11.2|0.419|4.0|6.5|0.613|14.5|2.7|3.2|13.3|silaspa01
davisji01|8|Jim Davis|27|78||1367|7.0|15.0|0.467|4.1|6.1|0.667|13.9|2.6|6.3|18.0|davisji01
gueriri01|9|Richie Guerin|36|27||472|3.6|8.5|0.423|4.3|5.6|0.77|4.5|7.6|5.0|11.5|gueriri01
harlisk01|10|Skip Harlicka|22|26||218|6.8|14.9|0.456|4.0|5.1|0.774|2.6|6.1|4.8|17.5|harlisk01
hamilde01|11|Dennis Hamilton|24|25||141|9.4|17.1|0.552|0.5|1.3|0.4|7.4|2.0|4.9|19.4|hamilde01
lehmage01|12|George Lehmann|26|11||138|6.8|17.5|0.38799999999999996|2.1|3.1|0.667|2.3|7.0|4.7|15.7|lehmage01
walledw01|13|Dwight Waller|23|11||29|2.5|11.2|0.222|3.7|8.7|0.429|12.4|1.2|9.9|8.7|walledw01
