player_id|Rk|Unnamed: 1|Age|G|GS|MP|FG|FGA|FG%|3P|3PA|3P%|2P|2PA|2P%|eFG%|FT|FTA|FT%|ORB|DRB|TRB|AST|STL|BLK|TOV|PF|PTS|player_id
guglito01|1|Tom Gugliotta|26|78|78|2835|473|1004|0.47100000000000003|26|86|0.302|447|918|0.48700000000000004|0.484|289|374|0.773|176|514|690|238|139|96|234|265|1261|guglito01
rideris01|2|Isaiah Rider|24|75|68|2594|560|1206|0.46399999999999997|102|275|0.371|458|931|0.49200000000000005|0.507|248|296|0.838|99|210|309|213|48|23|201|204|1470|rideris01
garneke01|3|Kevin Garnett|19|80|43|2293|361|735|0.491|8|28|0.28600000000000003|353|707|0.499|0.49700000000000005|105|149|0.705|175|326|501|145|86|131|110|189|835|garneke01
mitchsa01|4|Sam Mitchell|32|78|42|2145|303|618|0.49|1|18|0.055999999999999994|302|600|0.503|0.491|237|291|0.8140000000000001|107|232|339|74|49|26|87|220|844|mitchsa01
portete01|5|Terry Porter|32|82|40|2072|269|608|0.442|71|226|0.314|198|382|0.518|0.501|164|209|0.785|36|176|212|452|89|15|173|154|773|portete01
westdo01|6|Doug West|28|73|16|1639|175|393|0.445|1|13|0.077|174|380|0.45799999999999996|0.447|114|144|0.792|48|113|161|119|30|17|81|228|465|westdo01
laettch01|7|Christian Laettner|26|44|44|1518|283|582|0.486|9|31|0.29|274|551|0.49700000000000005|0.494|217|266|0.816|98|204|302|129|40|43|112|157|792|laettch01
rooksse01|8|Sean Rooks|26|49|7|902|112|227|0.493|1|6|0.16699999999999998|111|221|0.502|0.496|106|159|0.667|60|144|204|38|19|28|49|106|331|rooksse01
martida01|9|Darrick Martin|24|35|16|747|88|231|0.381|15|47|0.319|73|184|0.397|0.413|63|74|0.851|3|41|44|156|26|2|70|76|254|martida01
webbsp01|10|Spud Webb|32|26|21|645|82|208|0.39399999999999996|29|72|0.40299999999999997|53|136|0.39|0.46399999999999997|51|58|0.879|7|33|40|154|25|5|59|41|244|webbsp01
davisma02|11|Mark Davis|22|57|0|571|55|149|0.369|4|13|0.308|51|136|0.375|0.38299999999999995|74|116|0.638|56|69|125|47|40|22|68|92|188|davisma02
langan01|12|Andrew Lang|29|20|18|550|72|171|0.42100000000000004|1|2|0.5|71|169|0.42|0.424|30|38|0.789|42|79|121|3|7|41|30|63|175|langan01
braggma01|13|Marques Bragg|25|53|0|369|54|120|0.45|0|0||54|120|0.45|0.45|23|41|0.561|38|41|79|8|17|8|26|71|131|braggma01
allenje01|14|Jerome Allen|23|41|0|362|36|105|0.34299999999999997|10|33|0.303|26|72|0.361|0.39|26|36|0.722|5|20|25|49|21|5|34|42|108|allenje01
rileyer01|15|Eric Riley|25|25|10|310|35|74|0.473|0|1|0.0|35|73|0.479|0.473|22|28|0.7859999999999999|32|44|76|5|8|16|17|42|92|rileyer01
willimi02|16|Micheal Williams|29|9|7|189|13|40|0.325|1|3|0.33299999999999996|12|37|0.324|0.33799999999999997|28|33|0.848|3|20|23|31|5|3|23|37|55|willimi02
smithch02|17|Charles Smith|28|8|0|39|3|10|0.3|0|3|0.0|3|7|0.429|0.3|0|2|0.0|0|5|5|6|1|0|5|7|6|smithch02
