|Season|Age|Tm|Lg|Pos|G|GS|MP|FG|FGA|FG%|3P|3PA|3P%|2P|2PA|2P%|eFG%|FT|FTA|FT%|ORB|DRB|TRB|AST|STL|BLK|TOV|PF|PTS
0|1996-97|21.0|CLE|NBA|C|80.0|3.0|15.5|2.3|5.3|0.44|0.0|0.0|0.5|2.3|5.3|0.439|0.441|1.2|1.6|0.736|1.3|1.4|2.7|0.5|0.3|0.4|1.4|2.7|5.8
1|1997-98|22.0|CLE|NBA|C|80.0|0.0|17.7|2.9|6.1|0.48|0.0|0.0|0.0|2.9|6.1|0.48|0.48|1.3|1.8|0.708|1.4|2.5|3.9|0.7|0.3|0.4|1.7|2.5|7.1
3|1998-99|23.0|CLE|NBA|C|17.0|12.0|27.5|3.2|7.4|0.43700000000000006|0.0|0.1|0.0|3.2|7.4|0.44|0.43700000000000006|1.9|2.9|0.6729999999999999|1.4|4.2|5.5|0.9|0.6|0.9|1.6|3.1|8.4
4|1998-99|23.0|BOS|NBA|C|33.0|32.0|28.1|4.5|8.7|0.521|0.0|0.0||4.5|8.7|0.521|0.521|1.8|3.2|0.547|2.8|4.5|7.2|1.8|0.7|0.6|2.2|3.5|10.8
5|1999-00|24.0|BOS|NBA|C|79.0|72.0|22.7|3.9|7.8|0.499|0.0|0.0|0.0|3.9|7.8|0.5|0.499|1.4|2.0|0.6809999999999999|2.3|4.0|6.3|1.0|0.5|0.4|1.8|3.0|9.2
6|2000-01|25.0|BOS|NBA|C|82.0|7.0|23.2|3.0|6.4|0.47600000000000003|0.0|0.0||3.0|6.4|0.47600000000000003|0.47600000000000003|1.4|1.9|0.728|2.5|3.5|6.0|0.8|0.6|0.3|1.3|2.8|7.5
7|2001-02|26.0|BOS|NBA|C|79.0|9.0|17.0|1.7|3.8|0.455|0.0|0.0||1.7|3.8|0.455|0.455|1.1|1.5|0.742|2.1|2.3|4.4|0.4|0.5|0.2|0.8|2.2|4.6
8|2002-03|27.0|SEA|NBA|C|26.0|2.0|15.5|1.6|3.6|0.441|0.0|0.0||1.6|3.6|0.441|0.441|0.8|1.1|0.759|1.0|2.5|3.4|0.2|0.3|0.3|1.0|1.8|4.0
9|2003-04|28.0|SEA|NBA|C|65.0|39.0|21.8|3.1|6.3|0.489|0.0|0.0||3.1|6.3|0.489|0.489|0.9|1.4|0.6409999999999999|1.6|2.9|4.4|0.8|0.3|0.4|1.2|2.5|7.1
10|2004-05|29.0|SEA|NBA|C|33.0|1.0|10.2|1.4|2.6|0.517|0.0|0.0|0.0|1.4|2.6|0.523|0.517|0.8|0.9|0.871|0.9|1.5|2.4|0.3|0.2|0.1|0.4|1.6|3.5
12|2005-06|30.0|SEA|NBA|C|24.0|12.0|13.4|1.3|2.7|0.5|0.0|0.0||1.3|2.7|0.5|0.5|0.4|0.7|0.588|1.1|1.5|2.6|0.3|0.1|0.1|0.6|1.8|3.1
13|2005-06|30.0|SAC|NBA|C|9.0|0.0|3.6|0.6|0.8|0.7140000000000001|0.0|0.0||0.6|0.8|0.7140000000000001|0.7140000000000001|0.0|0.0||0.1|0.1|0.2|0.2|0.0|0.0|0.2|0.7|1.1
14|2006-07|31.0|SAC|NBA|C|3.0|0.0|4.3|0.0|1.3|0.0|0.0|0.0||0.0|1.3|0.0|0.0|0.0|0.0||0.0|0.7|0.7|0.0|0.0|0.0|0.7|1.0|0.0
