|Season|Age|Tm|Lg|Pos|G|GS|MP|FG|FGA|FG%|3P|3PA|3P%|2P|2PA|2P%|eFG%|FT|FTA|FT%|ORB|DRB|TRB|AST|STL|BLK|TOV|PF|PTS
0|1996-97|21.0|CLE|NBA|C|80.0|3.0|1238.0|186.0|423.0|0.44|1.0|2.0|0.5|185.0|421.0|0.439|0.441|92.0|125.0|0.736|105.0|112.0|217.0|40.0|26.0|34.0|109.0|216.0|465.0
1|1997-98|22.0|CLE|NBA|C|80.0|0.0|1412.0|234.0|488.0|0.48|0.0|1.0|0.0|234.0|487.0|0.48|0.48|102.0|144.0|0.708|110.0|203.0|313.0|57.0|27.0|28.0|132.0|198.0|570.0
3|1998-99|23.0|CLE|NBA|C|17.0|12.0|467.0|55.0|126.0|0.43700000000000006|0.0|1.0|0.0|55.0|125.0|0.44|0.43700000000000006|33.0|49.0|0.6729999999999999|23.0|71.0|94.0|16.0|11.0|16.0|28.0|53.0|143.0
4|1998-99|23.0|BOS|NBA|C|33.0|32.0|927.0|149.0|286.0|0.521|0.0|0.0||149.0|286.0|0.521|0.521|58.0|106.0|0.547|91.0|147.0|238.0|59.0|24.0|20.0|72.0|116.0|356.0
5|1999-00|24.0|BOS|NBA|C|79.0|72.0|1797.0|307.0|615.0|0.499|0.0|1.0|0.0|307.0|614.0|0.5|0.499|109.0|160.0|0.6809999999999999|182.0|317.0|499.0|77.0|41.0|29.0|145.0|239.0|723.0
6|2000-01|25.0|BOS|NBA|C|82.0|7.0|1901.0|248.0|521.0|0.47600000000000003|0.0|0.0||248.0|521.0|0.47600000000000003|0.47600000000000003|115.0|158.0|0.728|206.0|289.0|495.0|64.0|52.0|23.0|105.0|228.0|611.0
7|2001-02|26.0|BOS|NBA|C|79.0|9.0|1343.0|137.0|301.0|0.455|0.0|0.0||137.0|301.0|0.455|0.455|89.0|120.0|0.742|167.0|180.0|347.0|30.0|37.0|18.0|63.0|174.0|363.0
8|2002-03|27.0|SEA|NBA|C|26.0|2.0|403.0|41.0|93.0|0.441|0.0|0.0||41.0|93.0|0.441|0.441|22.0|29.0|0.759|25.0|64.0|89.0|4.0|9.0|8.0|25.0|46.0|104.0
9|2003-04|28.0|SEA|NBA|C|65.0|39.0|1419.0|200.0|409.0|0.489|0.0|0.0||200.0|409.0|0.489|0.489|59.0|92.0|0.6409999999999999|101.0|188.0|289.0|53.0|22.0|28.0|77.0|161.0|459.0
10|2004-05|29.0|SEA|NBA|C|33.0|1.0|335.0|45.0|87.0|0.517|0.0|1.0|0.0|45.0|86.0|0.523|0.517|27.0|31.0|0.871|30.0|48.0|78.0|9.0|7.0|3.0|12.0|53.0|117.0
12|2005-06|30.0|SEA|NBA|C|24.0|12.0|321.0|32.0|64.0|0.5|0.0|0.0||32.0|64.0|0.5|0.5|10.0|17.0|0.588|26.0|36.0|62.0|7.0|2.0|2.0|14.0|44.0|74.0
13|2005-06|30.0|SAC|NBA|C|9.0|0.0|32.0|5.0|7.0|0.7140000000000001|0.0|0.0||5.0|7.0|0.7140000000000001|0.7140000000000001|0.0|0.0||1.0|1.0|2.0|2.0|0.0|0.0|2.0|6.0|10.0
14|2006-07|31.0|SAC|NBA|C|3.0|0.0|13.0|0.0|4.0|0.0|0.0|0.0||0.0|4.0|0.0|0.0|0.0|0.0||0.0|2.0|2.0|0.0|0.0|0.0|2.0|3.0|0.0
