|Season|Age|Tm|Lg|MP|FG|FGA|3P|3PA|2P|2PA|FT|FTA|ORB|DRB|TRB|AST|STL|BLK|TOV|PF|PTS|GmSc
0|1984-85|25.0|SEA|NBA||10|21|0|1|10|20|6|8|8|10|12|7|2|2|5|6|22|20.9
1|1985-86|26.0|SEA|NBA||5|11|0|0|5|11|3|4|3|8|11|5|3|3|3|6|11|10.7
3|1986-87|27.0|LAL|NBA||5|9|0|0|5|9|9|9|6|4|9|4|2|2|3|6|14|12.6
4|1986-87|27.0|SAS|NBA||3|6|0|1|3|6|5|6|3|4|7|2|3|1|3|4|11|12.9
5|1987-88|28.0|SAS|NBA||12|28|1|1|12|27|13|19|7|12|15|10|4|3|8|6|34|24.9
6|1988-89|29.0|SAS|NBA||12|19|0|1|12|19|14|20|6|10|15|5|6|4|8|6|27|25.0
7|1989-90|30.0|SAS|NBA||6|10|0|1|6|10|6|9|5|9|14|6|5|3|4|6|16|15.1
8|1990-91|31.0|MIL|NBA||12|19|0|1|12|19|9|11|5|12|17|7|4|3|6|6|32|28.5
9|1991-92|32.0|MIL|NBA||10|18|1|1|10|18|7|11|6|10|11|5|4|2|6|6|26|24.2
10|1992-93|33.0|MIL|NBA||12|24|1|2|12|22|15|19|4|9|13|9|4|3|8|6|32|26.6
12|1993-94|34.0|MIL|NBA||14|23|1|2|14|23|10|12|4|10|12|10|6|3|8|6|32|28.3
13|1993-94|34.0|CHH|NBA||13|19|1|1|13|19|9|10|4|7|11|5|3|1|6|6|26|18.7
14|1995-96|36.0|SEA|NBA||7|10|3|4|5|8|5|7|3|5|7|4|2|2|5|6|21|19.0
15|1996-97|37.0|BOS|NBA||5|6|2|4|4|5|3|4|1|4|5|4|2|1|5|6|12|10.2
