|Season|Age|Tm|Lg|Pos|G|MP|PER|TS%|3PAr|FTr|ORB%|DRB%|TRB%|AST%|STL%|BLK%|TOV%|USG%|OWS|DWS|WS|WS/48|OBPM|DBPM|BPM|VORP
0|1970-71|22.0|SEA|NBA|PF|65.0|1027.0|10.4|0.425||0.313|||14.6|5.6|||||-0.9|0.6|-0.3|-0.013000000000000001||||
1|1971-72|23.0|SEA|NBA|PF|58.0|1499.0|10.1|0.433||0.27|||14.0|4.9|||||-1.0|1.1|0.1|0.003||||
3|1972-73|24.0|SEA|NBA|PF|3.0|17.0|17.0|0.47700000000000004||0.111|||16.8|18.5|||||0.0|0.0|0.0|0.054000000000000006||||
4|1972-73|24.0|CHI|NBA|PF|78.0|1535.0|14.9|0.452||0.217|||14.6|5.8|||||-0.5|2.9|2.4|0.075||||
5|1973-74|25.0|BUF|NBA|PF|81.0|2889.0|16.0|0.46399999999999997||0.244|9.5|22.7|16.3|8.2|2.0|3.9|||0.7|4.3|5.0|0.084|-2.2|2.5|0.3|1.7
6|1974-75|26.0|BUF|NBA|PF|67.0|2148.0|13.6|0.41100000000000003||0.23|9.1|21.9|15.8|11.8|2.2|2.8|||-1.6|3.6|2.1|0.046|-2.6|3.0|0.3|1.3
8|1975-76|27.0|BUF|NBA|PF|50.0|1527.0|13.4|0.45||0.27399999999999997|9.8|24.7|17.5|11.0|1.9|1.8|||-0.3|2.5|2.2|0.069|-2.4|2.2|-0.2|0.7
9|1975-76|27.0|PHO|NBA|PF|36.0|1220.0|14.1|0.486||0.276|9.8|21.9|15.9|7.4|1.9|1.8|||0.6|1.7|2.3|0.092|-1.9|1.1|-0.8|0.4
10|1976-77|28.0|PHO|NBA|PF|46.0|1363.0|12.6|0.431||0.302|9.5|25.2|17.4|8.9|1.8|2.2|||-0.8|2.5|1.7|0.062|-3.4|1.9|-1.5|0.2
11|1977-78|29.0|PHO|NBA|PF|80.0|2099.0|12.9|0.449||0.235|8.0|24.2|16.0|7.7|2.6|2.5|14.8|14.4|0.1|4.4|4.5|0.10300000000000001|-1.7|2.6|0.9|1.5
12|1978-79|30.0|PHO|NBA|PF|63.0|1213.0|12.6|0.479||0.281|9.1|22.8|16.1|5.9|1.9|2.4|12.7|15.0|0.6|2.0|2.6|0.10099999999999999|-2.2|1.2|-0.9|0.3
13|1979-80|31.0|PHO|NBA|PF|82.0|1403.0|11.5|0.45299999999999996|0.005|0.21|9.4|20.1|14.9|8.8|2.7|1.9|16.4|15.2|-0.3|2.6|2.3|0.08|-2.3|2.0|-0.3|0.6
14|1980-81|32.0|SDC|NBA|PF|78.0|1631.0|10.9|0.428|0.018000000000000002|0.255|8.2|17.1|12.4|9.5|3.1|2.6|15.5|13.0|-0.2|2.2|2.0|0.059000000000000004|-3.1|4.0|0.9|1.2
