|Season|Age|Tm|Lg|Pos|G|GS|MP|FG|FGA|FG%|3P|3PA|3P%|2P|2PA|2P%|FT|FTA|FT%|ORB|DRB|TRB|AST|STL|BLK|TOV|PF|PTS|ORtg|DRtg
0|2007-08|21.0|GSW|NBA|SG|33.0|0.0|241.0|7.3|18.7|0.387|3.2|8.3|0.39|4.0|10.5|0.385|1.4|1.8|0.778|0.6|2.2|2.8|3.0|1.0|0.0|2.4|3.0|19.1|97.0|115.0
1|2008-09|22.0|GSW|NBA|SG|42.0|23.0|882.0|7.8|17.6|0.442|2.9|7.3|0.397|4.9|10.3|0.473|2.2|2.9|0.769|0.6|3.4|3.9|4.9|2.0|0.1|3.3|4.0|20.6|104.0|116.0
2|2009-10|23.0|TOR|NBA|SG|66.0|1.0|1121.0|7.1|17.4|0.406|2.8|7.3|0.38|4.3|10.2|0.425|4.6|5.6|0.835|0.6|3.7|4.4|4.1|1.9|0.2|2.8|3.7|21.6|106.0|114.0
3|2010-11|24.0|NOH|NBA|SG|80.0|69.0|1957.0|8.3|19.1|0.43700000000000006|3.7|9.0|0.414|4.6|10.1|0.45799999999999996|2.7|3.5|0.784|0.5|3.7|4.2|2.5|1.1|0.2|2.1|4.0|23.1|107.0|109.0
4|2011-12|25.0|NOH|NBA|SG|66.0|55.0|1966.0|7.9|19.0|0.41700000000000004|3.0|7.9|0.377|4.9|11.1|0.445|2.8|3.6|0.7829999999999999|0.5|4.2|4.8|2.8|1.3|0.1|1.9|3.2|21.6|105.0|109.0
5|2012-13|26.0|CHI|NBA|SG|73.0|27.0|1882.0|6.9|17.4|0.395|2.3|6.3|0.35700000000000004|4.6|11.1|0.41600000000000004|4.0|4.8|0.8390000000000001|0.4|3.6|4.0|4.2|1.3|0.2|2.3|4.0|20.0|104.0|107.0
6|2013-14|27.0|SAS|NBA|SF|80.0|25.0|2016.0|8.4|17.4|0.485|3.2|7.3|0.43|5.3|10.1|0.525|2.8|3.3|0.847|0.5|5.2|5.7|4.5|1.3|0.2|2.4|3.3|22.8|114.0|105.0
7|2014-15|28.0|SAS|NBA|SG|62.0|9.0|1388.0|7.3|17.3|0.423|3.2|8.5|0.374|4.2|8.9|0.47100000000000003|3.1|3.7|0.848|1.0|4.8|5.8|3.5|1.1|0.1|2.2|3.1|20.9|107.0|106.0
8|2015-16|29.0|SAC|NBA|SG|68.0|7.0|1672.0|7.0|18.2|0.386|2.6|8.5|0.306|4.4|9.7|0.456|3.3|4.0|0.833|0.3|3.1|3.4|3.6|1.1|0.1|2.3|2.6|20.0|99.0|113.0
9|2016-17|30.0|CHO|NBA|SG|74.0|0.0|1778.0|7.4|17.4|0.429|2.9|8.0|0.36|4.6|9.4|0.488|4.2|4.7|0.893|0.4|4.6|5.0|4.1|1.2|0.3|2.0|2.5|22.0|110.0|112.0
11|2017-18|31.0|ATL|NBA|SG|52.0|1.0|1210.0|8.0|19.6|0.41|3.7|10.0|0.37200000000000005|4.3|9.6|0.45|4.1|4.4|0.927|0.6|3.5|4.0|4.2|1.9|0.1|2.2|1.7|23.9|109.0|113.0
12|2017-18|31.0|PHI|NBA|SG|28.0|1.0|737.0|9.0|18.2|0.495|3.7|9.7|0.385|5.3|8.5|0.618|3.1|3.5|0.87|0.4|2.9|3.3|2.9|1.3|0.6|2.6|3.3|24.8|114.0|109.0
13|2018-19|32.0|SAS|NBA|SG|79.0|1.0|1815.0|7.7|18.6|0.413|4.0|10.6|0.37200000000000005|3.7|7.9|0.46799999999999997|3.0|3.3|0.903|0.4|4.9|5.3|3.6|0.9|0.2|1.9|3.3|22.3|109.0|114.0
