player_id|Rk|Unnamed: 1|Age|G|GS|MP|FG|FGA|FG%|3P|3PA|3P%|2P|2PA|2P%|eFG%|FT|FTA|FT%|ORB|DRB|TRB|AST|STL|BLK|TOV|PF|PTS/G|player_id
grantha01|1|Harvey Grant|27|72|72|37.0|7.8|16.0|0.48700000000000004|0.0|0.1|0.1|7.8|15.8|0.491|0.488|3.0|4.2|0.727|1.8|3.9|5.7|2.8|1.0|0.6|1.3|2.3|18.6|grantha01
adamsmi01|2|Michael Adams|30|70|70|35.7|5.2|11.9|0.439|1.0|3.0|0.321|4.2|8.8|0.48|0.48|3.4|4.0|0.856|0.7|2.7|3.4|7.5|1.4|0.1|2.5|2.1|14.8|adamsmi01
ellispe01|3|Pervis Ellison|25|49|48|34.7|7.0|13.4|0.521|0.0|0.1|0.0|7.0|13.3|0.524|0.521|3.5|4.9|0.7020000000000001|2.8|6.0|8.8|2.4|0.9|2.2|2.2|3.1|17.4|ellispe01
guglito01|4|Tom Gugliotta|23|81|81|34.5|6.0|14.0|0.426|0.5|1.7|0.281|5.5|12.3|0.446|0.44299999999999995|2.2|3.5|0.644|2.7|6.9|9.6|3.8|1.7|0.4|2.8|2.4|14.7|guglito01
stewala01|5|Larry Stewart|24|81|8|22.5|3.8|7.0|0.5429999999999999|0.0|0.0|0.0|3.8|6.9|0.544|0.5429999999999999|2.3|3.1|0.727|1.9|2.8|4.7|1.8|0.6|0.4|1.9|2.4|9.8|stewala01
smithla02|6|LaBradford Smith|23|69|33|22.4|3.8|8.3|0.45799999999999996|0.1|0.3|0.348|3.7|7.9|0.46299999999999997|0.465|1.6|1.8|0.858|0.4|1.2|1.5|2.7|0.8|0.1|1.5|2.6|9.3|smithla02
overtdo01|7|Doug Overton|23|45|13|22.0|3.4|7.2|0.47100000000000003|0.1|0.3|0.231|3.3|6.9|0.48100000000000004|0.475|1.3|1.8|0.728|0.6|1.8|2.4|3.5|0.7|0.1|1.6|1.8|8.1|overtdo01
chapmre01|8|Rex Chapman|25|60|23|21.7|4.8|10.0|0.47700000000000004|0.7|1.9|0.371|4.1|8.1|0.502|0.512|2.2|2.7|0.81|0.3|1.2|1.5|1.9|0.6|0.2|1.3|2.0|12.5|chapmre01
acresma01|9|Mark Acres|30|12|7|20.5|2.0|3.3|0.6|0.0|0.0||2.0|3.3|0.6|0.6|0.8|1.2|0.7140000000000001|2.0|3.1|5.1|0.4|0.3|0.5|0.9|2.7|4.8|acresma01
jonesch01|10|Charles Jones|35|67|21|18.0|0.5|0.9|0.524|0.0|0.0|0.0|0.5|0.9|0.532|0.524|0.3|0.6|0.579|1.3|2.8|4.1|0.6|0.6|1.1|0.6|2.1|1.3|jonesch01
johnsbu01|11|Buck Johnson|29|73|19|17.6|2.6|5.5|0.479|0.0|0.0|0.0|2.6|5.5|0.483|0.479|1.3|1.7|0.73|1.1|1.6|2.7|1.2|0.5|0.2|1.0|2.6|6.5|johnsbu01
pricebr01|12|Brent Price|24|68|9|12.6|1.5|4.1|0.358|0.1|0.7|0.16699999999999998|1.4|3.4|0.39799999999999996|0.373|0.8|1.0|0.794|0.4|1.1|1.5|2.3|0.8|0.0|1.3|1.3|3.9|pricebr01
irvinby01|13|Byron Irvin|26|4|2|11.3|2.3|4.5|0.5|0.3|0.3|1.0|2.0|4.3|0.47100000000000003|0.528|0.8|1.5|0.5|0.5|0.5|1.0|0.5|0.3|0.0|1.0|1.3|5.5|irvinby01
macledo01|14|Don MacLean|23|62|4|10.9|2.5|5.8|0.435|0.0|0.1|0.5|2.5|5.7|0.434|0.439|1.5|1.8|0.8109999999999999|0.5|1.4|2.0|0.6|0.2|0.1|0.7|1.3|6.6|macledo01
fostegr01|15|Greg Foster|24|10|0|9.3|1.1|2.5|0.44|0.0|0.0||1.1|2.5|0.44|0.44|0.2|0.3|0.667|0.8|1.9|2.7|1.1|0.0|0.5|0.9|1.7|2.4|fostegr01
burttst01|16|Steve Burtt|30|4|0|8.8|2.5|6.5|0.385|0.3|0.8|0.33299999999999996|2.3|5.8|0.391|0.40399999999999997|2.0|2.5|0.8|0.5|0.3|0.8|1.5|0.5|0.0|1.0|1.3|7.3|burttst01
robinla01|17|Larry Robinson|25|4|0|8.3|1.5|4.0|0.375|0.0|0.3|0.0|1.5|3.8|0.4|0.375|0.8|1.3|0.6|0.3|0.5|0.8|0.8|0.3|0.3|0.3|0.0|3.8|robinla01
corchch01|18|Chris Corchiani|24|1|0|3.0|1.0|1.0|1.0|0.0|0.0||1.0|1.0|1.0|1.0|0.0|0.0||0.0|0.0|0.0|0.0|0.0|0.0|0.0|1.0|2.0|corchch01
oggal01|19|Alan Ogg|25|3|0|1.0|0.7|1.3|0.5|0.0|0.0||0.7|1.3|0.5|0.5|0.3|0.7|0.5|0.7|0.7|1.3|0.0|0.0|0.0|0.0|0.0|1.7|oggal01
