|Season|Age|Tm|Lg|Pos|G|GS|MP|FG|FGA|FG%|3P|3PA|3P%|2P|2PA|2P%|FT|FTA|FT%|ORB|DRB|TRB|AST|STL|BLK|TOV|PF|PTS
0|1966-67|25.0|CIN|NBA|PG|76.0||1140.0|8.7|18.9|0.457||||8.7|18.9|0.457|3.8|4.9|0.779|||4.2|3.5||||6.2|21.1
2|1967-68|26.0|CIN|NBA|PG|2.0||16.0|6.8|22.5|0.3||||6.8|22.5|0.3|6.8|15.8|0.429|||9.0|11.3||||9.0|20.3
3|1967-68|26.0|CHI|NBA|PG|73.0||2030.0|7.8|17.7|0.441||||7.8|17.7|0.441|5.1|6.1|0.828|||4.8|3.8||||3.2|20.7
5|1968-69|27.0|CHI|NBA|PG|18.0||550.0|8.1|19.2|0.423||||8.1|19.2|0.423|6.2|7.5|0.833|||4.5|3.7||||3.4|22.5
6|1968-69|27.0|MIL|NBA|PG|65.0||2066.0|8.7|20.0|0.436||||8.7|20.0|0.436|5.5|6.6|0.841|||4.1|5.6||||3.6|23.0
7|1969-70|28.0|MIL|NBA|PG|81.0||2762.0|8.6|18.1|0.47700000000000004||||8.6|18.1|0.47700000000000004|5.7|6.4|0.898|||3.4|5.9||||3.3|23.0
8|1970-71|29.0|CIN|NBA|SG|71.0||1368.0|9.8|21.5|0.45799999999999996||||9.8|21.5|0.45799999999999996|5.1|6.0|0.855|||3.8|3.6||||4.2|24.8
9|1971-72|30.0|LAL|NBA|SG|64.0||1007.0|9.4|19.1|0.49||||9.4|19.1|0.49|4.0|4.6|0.86|||4.1|4.9||||5.0|22.7
11|1972-73|31.0|LAL|NBA|SG|6.0||47.0|10.7|21.4|0.5||||10.7|21.4|0.5|4.6|6.1|0.75|||5.4|6.1||||8.4|26.0
12|1972-73|31.0|BAL|NBA|SG|38.0||583.0|7.3|16.1|0.45799999999999996||||7.3|16.1|0.45799999999999996|1.6|1.9|0.8390000000000001|||3.4|4.8||||3.7|16.3
13|1973-74|32.0|SDA|ABA|SG|49.0||779.0|8.5|18.7|0.457|0.4|1.4|0.267|8.2|17.3|0.47200000000000003|2.4|3.1|0.765|1.3|2.3|3.6|5.2|1.1|0.1|2.3|3.3|19.9
