player_id|Rk|Unnamed: 1|Age|G|MP|PER|TS%|FTr|ORB%|DRB%|TRB%|AST%|Unnamed: 12|OWS|DWS|WS|WS/48|player_id
bingda01|1|Dave Bing|27|82|3065|22.5|0.54|0.451|||5.7|21.7||9.3|2.4|11.7|0.183|bingda01
walkeji01|2|Jimmy Walker|26|79|2765|14.5|0.503|0.345|||3.6|14.2||3.4|1.7|5.1|0.08800000000000001|walkeji01
laniebo01|3|Bob Lanier|22|82|2017|20.0|0.503|0.33899999999999997|||15.9|11.6||3.0|2.2|5.2|0.124|laniebo01
komivho01|4|Howard Komives|29|82|1932|9.7|0.429|0.21100000000000002|||3.8|18.6||-1.2|1.4|0.2|0.004|komivho01
mooreot01|5|Otto Moore|24|82|1926|14.0|0.46799999999999997|0.315|||17.6|6.4||0.3|2.1|2.4|0.06|mooreot01
dischte01|6|Terry Dischinger|30|65|1855|14.4|0.5820000000000001|0.371|||8.8|8.6||4.5|1.4|5.9|0.153|dischte01
hewitbi01|7|Bill Hewitt|26|62|1725|10.9|0.48700000000000004|0.276|||12.7|9.5||0.8|1.6|2.4|0.067|hewitbi01
driscte01|8|Terry Driscoll|23|69|1255|10.4|0.48200000000000004|0.484|||15.5|5.6||0.5|1.3|1.7|0.066|driscte01
mueller01|9|Erwin Mueller|26|52|1224|9.1|0.43799999999999994|0.35|||8.8|12.0||-0.4|1.0|0.6|0.024|mueller01
quickbo01|10|Bob Quick|24|56|1146|12.4|0.535|0.516|||9.7|6.6||1.8|0.9|2.6|0.11|quickbo01
mixst01|11|Steve Mix|23|35|731|12.7|0.503|0.35700000000000004|||10.8|6.4||0.7|0.6|1.3|0.083|mixst01
marlaha01|12|Harvey Marlatt|22|23|214|7.3|0.37|0.225|||5.2|18.5||-0.4|0.2|-0.3|-0.057999999999999996|marlaha01
