player_id|Rk|Unnamed: 1|Age|G|GS|MP|FG|FGA|FG%|FT|FTA|FT%|TRB|AST|PF|PTS|player_id
chambwi01|1|Wilt Chamberlain|24|79||3773|11.9|23.4|0.509|5.1|10.1|0.504|20.5|1.4|1.2|28.9|chambwi01
arizipa01|2|Paul Arizin|32|79||2935|8.0|18.8|0.425|6.5|7.8|0.833|8.4|2.3|4.1|22.5|arizipa01
rodgegu01|3|Guy Rodgers|25|78||2905|4.9|12.8|0.386|2.6|3.7|0.687|6.3|8.4|3.2|12.4|rodgegu01
golato01|4|Tom Gola|28|74||2712|5.6|12.5|0.447|2.8|3.7|0.747|9.2|3.9|4.3|13.9|golato01
johnsan01|5|Andy Johnson|28|79||2000|5.4|15.0|0.359|2.8|5.0|0.5710000000000001|6.2|3.7|4.5|13.6|johnsan01
attleal01|6|Al Attles|24|77||1544|5.2|12.7|0.409|2.3|3.8|0.599|5.0|4.1|5.5|12.6|attleal01
conlied01|7|Ed Conlin|27|77||1294|6.0|16.7|0.361|2.9|3.9|0.748|7.3|3.4|4.3|14.9|conlied01
grabojo01|8|Joe Graboski|31|68||1011|6.0|18.1|0.33299999999999996|4.5|6.5|0.6940000000000001|9.3|2.6|5.3|16.6|grabojo01
hattove01|9|Vern Hatton|25|54||610|5.7|17.9|0.319|2.7|3.3|0.821|5.4|3.5|3.5|14.2|hattove01
ruklijo01|10|Joe Ruklick|22|29||223|6.9|19.4|0.358|1.3|2.1|0.615|10.0|1.6|6.1|15.2|ruklijo01
kennepi01|11|Pickles Kennedy|22|7||52|2.8|14.5|0.19|2.8|4.2|0.667|5.5|6.2|4.2|8.3|kennepi01
