player_id|Rk|Unnamed: 1|Age|G|GS|MP|FG|FGA|FG%|FT|FTA|FT%|TRB|AST|PF|PTS|player_id
chambwi01|1|Wilt Chamberlain|24|79||3773|1251|2457|0.509|531|1054|0.504|2149|148|130|3033|chambwi01
arizipa01|2|Paul Arizin|32|79||2935|650|1529|0.425|532|639|0.833|681|188|335|1832|arizipa01
rodgegu01|3|Guy Rodgers|25|78||2905|397|1029|0.386|206|300|0.687|509|677|262|1000|rodgegu01
golato01|4|Tom Gola|28|74||2712|420|940|0.447|210|281|0.747|692|292|321|1050|golato01
johnsan01|5|Andy Johnson|28|79||2000|299|834|0.359|157|275|0.5710000000000001|345|205|249|755|johnsan01
attleal01|6|Al Attles|24|77||1544|222|543|0.409|97|162|0.599|214|174|235|541|attleal01
conlied01|7|Ed Conlin|27|77||1294|216|599|0.361|104|139|0.748|262|123|153|536|conlied01
grabojo01|8|Joe Graboski|31|68||1011|169|507|0.33299999999999996|127|183|0.6940000000000001|262|74|148|465|grabojo01
hattove01|9|Vern Hatton|25|54||610|97|304|0.319|46|56|0.821|92|59|59|240|hattove01
ruklijo01|10|Joe Ruklick|22|29||223|43|120|0.358|8|13|0.615|62|10|38|94|ruklijo01
kennepi01|11|Pickles Kennedy|22|7||52|4|21|0.19|4|6|0.667|8|9|6|12|kennepi01
