|Season|Age|Tm|Lg|Pos|G|GS|MP|FG|FGA|FG%|3P|3PA|3P%|2P|2PA|2P%|eFG%|FT|FTA|FT%|ORB|DRB|TRB|AST|STL|BLK|TOV|PF|PTS
0|1967-68|23.0|NOB|ABA|C|73.0||29.6|6.1|12.6|0.488|0.0|0.1|0.33299999999999996|6.1|12.5|0.489|0.489|3.4|4.2|0.795|5.0|7.2|12.2|1.0|||1.6|2.2|15.7
1|1968-69|24.0|NOB|ABA|C|76.0||36.0|6.0|13.6|0.441|0.1|0.4|0.24100000000000002|5.9|13.2|0.446|0.444|3.8|4.8|0.8059999999999999|4.8|8.6|13.5|1.9|||1.6|2.6|15.9
2|1969-70|25.0|NOB|ABA|PF|82.0||39.8|6.4|13.3|0.48100000000000004|0.1|0.3|0.304|6.3|13.0|0.485|0.484|3.5|4.5|0.779|5.2|11.0|16.2|2.2|||1.8|3.1|16.4
3|1970-71|26.0|UTS|ABA|PF|82.0||36.5|4.8|11.1|0.436|0.1|0.5|0.25|4.7|10.5|0.446|0.442|2.8|3.3|0.835|3.7|8.2|11.9|2.2|||1.5|2.5|12.6
4|1971-72|27.0|UTS|ABA|PF|78.0||32.9|4.9|9.6|0.504|0.4|0.9|0.408|4.5|8.7|0.514|0.523|2.1|2.6|0.831|2.8|6.3|9.1|1.6|||1.1|2.2|12.2
5|1972-73|28.0|SDA|ABA|C|58.0||27.9|3.8|9.1|0.415|0.2|0.5|0.3|3.6|8.5|0.42200000000000004|0.424|2.3|2.7|0.845|2.7|4.4|7.2|1.7|||1.5|2.3|9.9
7|1973-74|29.0|SDA|ABA|C|46.0||22.0|3.9|8.2|0.47600000000000003|0.0|0.2|0.125|3.9|8.0|0.484|0.47700000000000004|1.6|1.9|0.862|2.0|3.4|5.3|1.3|0.7|0.6|1.3|1.6|9.4
8|1973-74|29.0|KEN|ABA|C|34.0||18.1|2.9|5.9|0.483|0.0|0.1|0.0|2.9|5.8|0.495|0.483|1.2|1.4|0.8370000000000001|1.6|2.6|4.1|0.9|0.2|0.2|0.9|1.1|6.9
10|1974-75|30.0|KEN|ABA|C|4.0||7.3|3.0|5.3|0.5710000000000001|0.0|0.0||3.0|5.3|0.5710000000000001|0.5710000000000001|1.5|1.5|1.0|2.0|0.8|2.8|0.3|0.5|0.3|0.5|1.0|7.5
11|1974-75|30.0|VIR|ABA|C|53.0||33.0|5.6|11.8|0.47|0.1|0.2|0.3|5.5|11.6|0.473|0.473|2.9|3.4|0.862|2.7|4.9|7.6|2.1|0.5|0.6|1.8|1.9|14.1
