|Season|Age|Tm|Lg|Pos|G|GS|MP|FG|FGA|FG%|3P|3PA|3P%|2P|2PA|2P%|eFG%|FT|FTA|FT%|ORB|DRB|TRB|AST|STL|BLK|TOV|PF|PTS
0|1967-68|23.0|NOB|ABA|C|73.0||2159.0|448.0|918.0|0.488|2.0|6.0|0.33299999999999996|446.0|912.0|0.489|0.489|245.0|308.0|0.795|366.0|528.0|894.0|73.0|||115.0|157.0|1143.0
1|1968-69|24.0|NOB|ABA|C|76.0||2736.0|456.0|1035.0|0.441|7.0|29.0|0.24100000000000002|449.0|1006.0|0.446|0.444|291.0|361.0|0.8059999999999999|368.0|656.0|1024.0|142.0|||121.0|200.0|1210.0
2|1969-70|25.0|NOB|ABA|PF|82.0||3266.0|525.0|1091.0|0.48100000000000004|7.0|23.0|0.304|518.0|1068.0|0.485|0.484|285.0|366.0|0.779|427.0|905.0|1332.0|182.0|||148.0|251.0|1342.0
3|1970-71|26.0|UTS|ABA|PF|82.0||2995.0|396.0|908.0|0.436|11.0|44.0|0.25|385.0|864.0|0.446|0.442|227.0|272.0|0.835|303.0|673.0|976.0|178.0|||127.0|203.0|1030.0
4|1971-72|27.0|UTS|ABA|PF|78.0||2567.0|379.0|752.0|0.504|29.0|71.0|0.408|350.0|681.0|0.514|0.523|167.0|201.0|0.831|216.0|495.0|711.0|124.0|||86.0|171.0|954.0
5|1972-73|28.0|SDA|ABA|C|58.0||1618.0|218.0|525.0|0.415|9.0|30.0|0.3|209.0|495.0|0.42200000000000004|0.424|131.0|155.0|0.845|159.0|258.0|417.0|99.0|||85.0|134.0|576.0
7|1973-74|29.0|SDA|ABA|C|46.0||1012.0|179.0|376.0|0.47600000000000003|1.0|8.0|0.125|178.0|368.0|0.484|0.47700000000000004|75.0|87.0|0.862|91.0|155.0|246.0|58.0|32.0|27.0|60.0|74.0|434.0
8|1973-74|29.0|KEN|ABA|C|34.0||615.0|97.0|201.0|0.483|0.0|5.0|0.0|97.0|196.0|0.495|0.483|41.0|49.0|0.8370000000000001|53.0|87.0|140.0|31.0|8.0|7.0|29.0|38.0|235.0
10|1974-75|30.0|KEN|ABA|C|4.0||29.0|12.0|21.0|0.5710000000000001|0.0|0.0||12.0|21.0|0.5710000000000001|0.5710000000000001|6.0|6.0|1.0|8.0|3.0|11.0|1.0|2.0|1.0|2.0|4.0|30.0
11|1974-75|30.0|VIR|ABA|C|53.0||1748.0|295.0|627.0|0.47|3.0|10.0|0.3|292.0|617.0|0.473|0.473|156.0|181.0|0.862|145.0|259.0|404.0|113.0|29.0|30.0|95.0|102.0|749.0
