player_id|Rk|Unnamed: 1|Age|G|GS|MP|FG|FGA|FG%|FT|FTA|FT%|TRB|AST|PF|PTS|player_id
chambwi01|1|Wilt Chamberlain|32|81||3669|6.3|10.8|0.583|3.7|8.4|0.446|16.8|3.6|1.4|16.3|chambwi01
bayloel01|2|Elgin Baylor|34|76||3064|8.6|19.2|0.447|4.9|6.7|0.743|9.5|4.8|2.4|22.1|bayloel01
westje01|3|Jerry West|30|61||2394|8.2|17.4|0.47100000000000003|7.4|9.0|0.821|3.9|6.4|2.3|23.8|westje01
erickke01|4|Keith Erickson|24|77||1974|4.8|11.5|0.42|2.2|3.2|0.6859999999999999|5.6|3.5|4.0|11.8|erickke01
countme01|5|Mel Counts|27|77||1866|7.5|16.7|0.45|3.4|4.3|0.805|11.6|2.1|4.3|18.5|countme01
eganjo01|6|Johnny Egan|30|82||1805|4.9|11.9|0.41200000000000003|4.1|4.8|0.85|2.9|4.3|4.1|13.9|eganjo01
crawffr01|7|Freddie Crawford|27|81||1690|4.5|9.7|0.465|1.8|3.3|0.539|4.6|3.3|4.8|10.8|crawffr01
hawkito01|8|Tom Hawkins|32|74||1507|5.5|11.0|0.499|1.5|3.6|0.41100000000000003|6.4|1.9|4.0|12.5|hawkito01
hewitbi01|9|Bill Hewitt|24|75||1455|5.9|13.1|0.45299999999999996|1.5|2.6|0.575|8.2|1.9|3.4|13.3|hewitbi01
andercl01|10|Cliff Anderson|24|35||289|5.5|13.5|0.40700000000000003|5.9|10.2|0.573|5.5|3.9|7.2|16.8|andercl01
cartyja01|11|Jay Carty|27|28||192|6.4|16.7|0.382|1.5|2.1|0.727|10.9|2.1|5.8|14.2|cartyja01
