|Season|Age|Tm|Lg|Pos|G|GS|MP|FG|FGA|FG%|3P|3PA|3P%|2P|2PA|2P%|FT|FTA|FT%|ORB|DRB|TRB|AST|STL|BLK|TOV|PF|PTS
0|2007-08|21.0|ATL|NBA|C|7.0|7.0|277.0|4.4|9.4|0.47200000000000003|0.0|0.0||4.4|9.4|0.47200000000000003|2.6|3.5|0.741|2.9|6.6|9.5|3.2|0.4|0.9|1.9|3.4|11.4
1|2008-09|22.0|ATL|NBA|C|9.0|9.0|252.0|3.6|8.4|0.424|0.0|0.1|0.0|3.6|8.3|0.431|1.7|2.6|0.667|1.7|5.7|7.4|2.6|0.9|0.9|0.6|3.7|8.9
2|2009-10|23.0|ATL|NBA|C|11.0|11.0|388.0|6.2|11.9|0.523|0.1|0.1|1.0|6.1|11.8|0.52|2.4|2.9|0.8390000000000001|2.6|6.6|9.2|1.9|0.7|1.8|1.4|3.2|14.9
3|2010-11|24.0|ATL|NBA|C|12.0|12.0|468.0|4.5|10.5|0.423|0.0|0.2|0.0|4.5|10.4|0.43|1.5|2.0|0.769|1.9|6.9|8.8|3.2|0.4|0.9|1.3|2.5|10.5
4|2011-12|25.0|ATL|NBA|C|3.0|2.0|108.0|6.7|11.3|0.588|0.0|0.0||6.7|11.3|0.588|2.0|2.7|0.75|1.7|6.7|8.3|2.7|1.3|1.3|4.0|3.7|15.3
5|2012-13|26.0|ATL|NBA|C|6.0|6.0|218.0|6.8|13.7|0.494|0.0|0.0||6.8|13.7|0.494|3.0|4.5|0.667|2.0|6.8|8.8|3.0|1.0|0.8|1.5|2.8|16.5
6|2014-15|28.0|ATL|NBA|C|16.0|16.0|522.0|7.4|14.6|0.507|0.1|0.6|0.222|7.2|13.9|0.52|1.0|1.4|0.75|2.8|6.8|9.5|4.1|0.9|1.6|1.7|2.3|15.9
7|2015-16|29.0|ATL|NBA|C|10.0|10.0|327.0|5.9|12.8|0.466|1.2|3.1|0.39299999999999996|4.7|9.7|0.489|1.7|1.8|0.938|1.4|5.7|7.2|3.3|1.3|2.6|1.9|2.8|14.8
8|2016-17|30.0|BOS|NBA|C|18.0|18.0|610.0|6.6|11.2|0.584|1.6|3.1|0.519|5.0|8.1|0.609|1.3|1.7|0.759|1.8|5.1|7.0|5.7|0.9|0.8|1.9|1.9|16.0
9|2017-18|31.0|BOS|NBA|C|19.0|19.0|679.0|5.9|10.8|0.544|0.8|2.3|0.349|5.1|8.5|0.596|3.3|4.0|0.8270000000000001|1.7|6.6|8.3|3.3|1.0|1.2|1.7|2.1|15.9
10|2018-19|32.0|BOS|NBA|C|9.0|9.0|310.0|5.3|12.8|0.418|2.1|5.1|0.409|3.3|7.7|0.424|1.7|2.1|0.833|1.5|7.9|9.4|4.6|0.5|0.8|2.2|2.4|14.5
