|Season|Age|Tm|Lg|Pos|G|MP|FG%|Dist.|% of 2PA|% of 0-3|% of 3-10|% of 10-16|% of 16-3pt|% of 3P|2P %FG|0-3 %FG|3-10 %FG|10-16 %FG|16-3pt%FG|3P %FG|2P % Assisted|% of Dunks|Dunks Made|3P % Assisted|% of 3PA from Corner|Corner 3 %FG |Heaves Attempted|Heaves Made
0|2007-08|21.0|ATL|NBA|C|81.0|2540.0|0.499|7.3|0.993|0.41200000000000003|0.251|0.136|0.193|0.006999999999999999|0.502|0.64|0.429|0.429|0.35700000000000004|0.0|0.6759999999999999|0.10800000000000001|68.0||0.0||1.0|0.0
1|2008-09|22.0|ATL|NBA|C|67.0|2242.0|0.525|7.9|0.998|0.337|0.281|0.195|0.185|0.002|0.526|0.705|0.455|0.44799999999999995|0.391|0.0|0.6629999999999999|0.131|69.0||0.0||0.0|0.0
2|2009-10|23.0|ATL|NBA|C|81.0|2845.0|0.551|7.3|0.9990000000000001|0.36|0.305|0.17|0.16399999999999998|0.001|0.551|0.721|0.465|0.424|0.46799999999999997|1.0|0.652|0.105|86.0|1.0|1.0|1.0|0.0|0.0
3|2010-11|24.0|ATL|NBA|C|77.0|2704.0|0.557|10.8|0.996|0.231|0.244|0.15|0.37|0.004|0.557|0.7609999999999999|0.449|0.486|0.531|0.5|0.695|0.068|60.0|0.5|0.5|1.0|0.0|0.0
4|2011-12|25.0|ATL|NBA|C|11.0|348.0|0.5529999999999999|8.9|0.99|0.369|0.243|0.087|0.29100000000000004|0.01|0.5589999999999999|0.684|0.6|0.444|0.4|0.0|0.579|0.11699999999999999|10.0||0.0||0.0|0.0
5|2012-13|26.0|ATL|NBA|C|74.0|2756.0|0.5429999999999999|9.5|0.9940000000000001|0.35|0.207|0.114|0.324|0.006|0.544|0.752|0.434|0.446|0.423|0.5|0.7709999999999999|0.098|101.0|0.667|0.5|0.667|0.0|0.0
6|2013-14|27.0|ATL|NBA|C|29.0|958.0|0.5670000000000001|10.2|0.9740000000000001|0.31|0.198|0.131|0.336|0.026000000000000002|0.5720000000000001|0.754|0.47|0.491|0.496|0.364|0.7090000000000001|0.079|32.0|1.0|1.0|0.364|0.0|0.0
7|2014-15|28.0|ATL|NBA|C|76.0|2318.0|0.5379999999999999|10.6|0.963|0.28600000000000003|0.213|0.111|0.35200000000000004|0.037000000000000005|0.547|0.75|0.408|0.45799999999999996|0.494|0.306|0.789|0.08800000000000001|81.0|0.909|0.8059999999999999|0.379|0.0|0.0
8|2015-16|29.0|ATL|NBA|C|82.0|2631.0|0.505|12.3|0.7559999999999999|0.3|0.136|0.08900000000000001|0.231|0.244|0.557|0.745|0.385|0.355|0.49200000000000005|0.344|0.7759999999999999|0.084|84.0|1.0|0.22699999999999998|0.259|0.0|0.0
9|2016-17|30.0|BOS|NBA|C|68.0|2193.0|0.473|13.4|0.698|0.213|0.22|0.127|0.136|0.302|0.524|0.708|0.47200000000000003|0.392|0.45|0.355|0.59|0.052000000000000005|41.0|0.977|0.157|0.368|0.0|0.0
10|2017-18|31.0|BOS|NBA|C|72.0|2277.0|0.489|12.8|0.7|0.198|0.255|0.14300000000000002|0.10400000000000001|0.3|0.514|0.738|0.43799999999999994|0.38|0.462|0.429|0.5720000000000001|0.062|45.0|0.948|0.159|0.528|0.0|0.0
11|2018-19|32.0|BOS|NBA|C|68.0|1973.0|0.535|13.3|0.7190000000000001|0.242|0.207|0.11900000000000001|0.151|0.281|0.604|0.743|0.54|0.535|0.523|0.36|0.752|0.07200000000000001|47.0|1.0|0.094|0.263|1.0|0.0
