|Season|Age|Tm|Lg|Pos|G|GS|MP|FG|FGA|FG%|3P|3PA|3P%|2P|2PA|2P%|FT|FTA|FT%|ORB|DRB|TRB|AST|STL|BLK|TOV|PF|PTS|ORtg|DRtg
0|1990-91|22.0|SAC|NBA|C|76.0|55.0|1719.0|6.2|12.2|0.508|0.0|0.0||6.2|12.2|0.508|3.1|4.9|0.636|4.2|7.4|11.5|2.0|1.4|4.4|2.8|6.6|15.5|103.0|106.0
1|1991-92|23.0|SAC|NBA|C|80.0|77.0|2291.0|5.3|9.6|0.5489999999999999|0.0|0.0|0.0|5.3|9.6|0.551|2.9|4.7|0.613|4.1|8.1|12.2|1.2|1.0|4.5|2.6|5.9|13.4|107.0|107.0
2|1992-93|24.0|SAC|NBA|C|55.0|45.0|1211.0|6.9|12.6|0.545|0.0|0.0|0.0|6.9|12.6|0.547|4.1|6.5|0.624|4.4|7.5|11.9|1.4|1.3|3.4|2.3|7.6|17.8|113.0|107.0
3|1993-94|25.0|SAC|NBA|C|41.0|8.0|674.0|5.2|10.0|0.518|0.0|0.0||5.2|10.0|0.518|2.9|5.0|0.588|5.0|8.6|13.6|0.8|1.4|3.6|2.4|8.0|13.3|106.0|105.0
4|1994-95|26.0|SAC|NBA|C|58.0|24.0|820.0|4.8|9.3|0.517|0.0|0.1|0.0|4.8|9.3|0.521|3.6|6.2|0.5820000000000001|3.6|7.4|11.0|1.0|0.9|5.1|2.1|9.3|13.2|108.0|104.0
5|1995-96|27.0|SAC|NBA|C|73.0|26.0|1044.0|4.4|10.6|0.41700000000000004|0.0|0.0|0.0|4.4|10.6|0.419|3.4|4.7|0.7290000000000001|4.2|8.0|12.2|1.0|1.3|3.8|2.6|8.5|12.3|99.0|106.0
6|1996-97|28.0|SAC|NBA|C|46.0|8.0|581.0|4.4|8.5|0.511|0.2|0.3|0.667|4.2|8.3|0.505|1.8|3.4|0.541|5.2|6.4|11.5|1.8|1.4|3.4|3.1|11.9|10.7|100.0|106.0
7|1997-98|29.0|MIA|NBA|C|37.0|2.0|363.0|5.6|13.4|0.41600000000000004|0.0|0.0||5.6|13.4|0.41600000000000004|2.3|3.9|0.5770000000000001|4.4|10.5|14.9|0.8|1.1|4.1|2.7|11.0|13.4|91.0|98.0
8|1998-99|30.0|MIA|NBA|C|19.0|1.0|137.0|8.3|14.5|0.5710000000000001|0.0|0.0||8.3|14.5|0.5710000000000001|1.7|5.0|0.33299999999999996|5.8|8.7|14.5|0.8|0.0|4.5|7.4|13.2|18.2|81.0|98.0
9|1999-00|31.0|MIA|NBA|C|25.0|2.0|185.0|5.8|10.7|0.541|0.0|0.0||5.8|10.7|0.541|7.5|11.0|0.684|3.2|10.4|13.6|0.6|0.6|4.6|2.9|12.2|19.1|113.0|97.0
10|2000-01|32.0|MIA|NBA|C|31.0|14.0|384.0|4.6|12.2|0.376|0.0|0.0||4.6|12.2|0.376|1.7|3.6|0.48|3.3|8.6|11.9|0.7|1.1|2.6|3.3|9.6|10.9|76.0|97.0
