|Season|Age|Tm|Lg|MP|FG|FGA|3P|3PA|2P|2PA|FT|FTA|ORB|DRB|TRB|AST|STL|BLK|TOV|PF|PTS|GmSc
0|1985-86|22.0|GSW|NBA||11|24|1|4|11|24|10|11|4|7|8|6|4|3|6|6|26|21.0
1|1986-87|23.0|GSW|NBA||12|24|2|3|11|23|12|12|3|5|8|9|6|2|6|6|32|30.8
2|1987-88|24.0|GSW|NBA||15|24|4|5|14|22|10|11|5|10|11|11|4|4|13|6|38|33.6
3|1988-89|25.0|GSW|NBA||16|27|3|5|16|27|16|18|5|10|14|14|6|3|8|6|47|39.7
4|1989-90|26.0|GSW|NBA||16|24|6|8|15|22|17|19|6|15|18|10|4|3|8|6|39|41.0
5|1990-91|27.0|GSW|NBA||16|28|4|8|16|24|13|15|6|10|12|10|7|3|8|6|40|39.7
6|1991-92|28.0|GSW|NBA||15|28|4|6|15|26|12|12|4|10|12|9|6|4|7|6|40|34.8
7|1992-93|29.0|GSW|NBA||19|32|7|9|17|28|10|12|5|11|12|7|5|4|7|4|46|34.5
8|1993-94|30.0|GSW|NBA||14|23|3|6|12|19|12|14|5|10|12|13|6|3|9|5|32|30.0
9|1994-95|31.0|GSW|NBA||11|23|6|9|10|21|10|12|3|12|13|13|4|4|7|5|33|29.7
10|1995-96|32.0|GSW|NBA||11|18|6|8|11|16|9|10|5|6|11|8|5|3|6|5|26|27.6
11|1996-97|33.0|GSW|NBA||11|16|4|7|10|15|9|9|5|10|10|12|7|2|8|5|28|30.0
12|1997-98|34.0|IND|NBA||12|19|6|7|9|15|7|8|3|10|10|7|3|3|8|5|27|23.8
13|1998-99|35.0|IND|NBA||8|16|5|7|6|10|6|6|2|10|10|7|4|2|4|4|22|17.5
14|1999-00|36.0|IND|NBA||8|13|5|8|4|5|6|6|3|6|7|4|4|2|5|4|21|15.6
15|2000-01|37.0|GSW|NBA||5|13|3|5|3|8|5|6|3|5|6|5|2|2|2|5|16|13.0
