|Season|Age|Tm|Lg|Pos|G|GS|MP|FG|FGA|FG%|3P|3PA|3P%|2P|2PA|2P%|FT|FTA|FT%|ORB|DRB|TRB|AST|STL|BLK|TOV|PF|PTS
0|1980-81|22.0|SAS|NBA|PG|82.0||1578.0|5.7|11.9|0.479|0.0|0.4|0.053|5.7|11.4|0.495|2.4|3.9|0.61|1.3|3.1|4.5|8.5|2.7|0.5|3.5|4.1|13.8
1|1981-82|23.0|SAS|NBA|PG|79.0|78.0|2294.0|4.8|10.5|0.46299999999999997|0.0|0.3|0.048|4.8|10.1|0.47700000000000004|1.9|2.9|0.67|1.0|3.3|4.3|12.0|2.6|0.2|2.7|4.0|11.6
2|1982-83|24.0|SAS|NBA|PG|77.0|73.0|2552.0|5.6|11.9|0.46799999999999997|0.1|0.3|0.22699999999999998|5.5|11.6|0.475|2.1|2.8|0.7440000000000001|0.9|3.0|3.9|10.6|2.7|0.5|3.2|3.5|13.3
3|1983-84|25.0|SAS|NBA|PG|59.0|42.0|1650.0|5.0|11.3|0.446|0.6|1.9|0.322|4.4|9.4|0.47100000000000003|2.3|3.0|0.755|0.8|3.1|3.9|12.3|2.7|0.4|3.1|3.7|13.0
4|1984-85|26.0|SAS|NBA|PG|82.0|82.0|2689.0|5.6|12.2|0.457|0.3|1.2|0.281|5.2|11.0|0.47600000000000003|2.5|3.3|0.762|1.3|3.8|5.1|10.9|3.1|0.2|3.2|3.3|14.0
5|1985-86|27.0|SAS|NBA|PG|28.0|23.0|856.0|6.3|12.7|0.495|0.2|0.9|0.182|6.1|11.8|0.52|2.5|3.6|0.6859999999999999|1.1|2.6|3.6|10.6|2.9|0.3|3.4|3.3|15.3
6|1986-87|28.0|SAS|NBA|PG|55.0|27.0|1234.0|5.8|13.1|0.442|0.6|2.3|0.278|5.1|10.8|0.47700000000000004|1.6|2.0|0.8|0.9|2.0|2.9|7.3|2.4|0.1|3.0|2.8|13.8
8|1987-88|29.0|SAS|NBA|PG|4.0|0.0|51.0|2.8|6.4|0.444|0.0|0.7|0.0|2.8|5.6|0.5|0.0|0.0||0.7|2.1|2.8|7.8|2.1|0.0|2.8|0.7|5.6
9|1987-88|29.0|NJN|NBA|PG|1.0|0.0|10.0|0.0|3.6|0.0|0.0|0.0||0.0|3.6|0.0|0.0|0.0||3.6|3.6|7.2|3.6|0.0|0.0|10.8|0.0|0.0
10|1989-90|31.0|SAS|NBA|PG|53.0|8.0|516.0|3.3|8.8|0.373|0.6|2.4|0.235|2.7|6.4|0.424|1.1|1.9|0.593|1.1|2.5|3.6|5.7|2.2|0.2|2.7|3.8|8.2
