player_id|Rk|Unnamed: 1|Age|G|GS|MP|FG|FGA|FG%|FT|FTA|FT%|TRB|AST|PF|PTS|player_id
zasloma01|1|Max Zaslofsky|26|66||2113|322|958|0.336|287|380|0.755|194|156|183|931|zasloma01
cliftna01|2|Nat Clifton|29|62||2101|244|729|0.335|170|256|0.664|731|209|227|658|cliftna01
mcguidi01|3|Dick McGuire|26|64||2018|204|474|0.43|183|290|0.631|332|388|181|591|mcguidi01
gallaha01|4|Harry Gallatin|24|66||1931|233|527|0.442|275|341|0.8059999999999999|661|115|223|741|gallaha01
simmoco01|5|Connie Simmons|26|66||1558|227|600|0.37799999999999995|175|254|0.6890000000000001|471|121|214|629|simmoco01
vandeer01|6|Ernie Vandeweghe|23|57||1507|200|457|0.43799999999999994|124|160|0.775|264|164|188|524|vandeer01
borylvi01|7|Vince Boryla|24|42||1440|202|522|0.387|96|115|0.835|219|90|121|500|borylvi01
lumppra01|8|Ray Lumpp|28|62||1317|184|476|0.387|90|119|0.7559999999999999|125|123|165|458|lumppra01
kaftage01|9|George Kaftan|23|52||955|115|307|0.375|92|134|0.687|196|88|107|322|kaftage01
mcguial01|10|Alfred McGuire|23|59||788|72|167|0.431|64|122|0.525|121|107|136|208|mcguial01
scherhe01|11|Herb Scherer|23|12||167|19|65|0.292|9|14|0.643|26|6|25|47|scherhe01
