|Season|Age|Tm|Lg|Pos|G|GS|MP|FG|FGA|FG%|3P|3PA|3P%|2P|2PA|2P%|FT|FTA|FT%|ORB|DRB|TRB|AST|STL|BLK|TOV|PF|PTS|ORtg|DRtg
0|1999-00|23.0|CLE|NBA|PG|82.0|36.0|2093.0|8.1|18.1|0.449|0.2|1.2|0.204|7.9|16.9|0.466|5.4|7.0|0.774|2.0|4.7|6.7|11.4|2.0|0.4|4.0|4.6|21.9|107.0|105.0
1|2000-01|24.0|CLE|NBA|PG|82.0|82.0|2848.0|8.4|18.5|0.452|0.3|1.2|0.266|8.0|17.3|0.465|6.9|8.3|0.833|1.7|4.9|6.7|12.1|2.2|0.5|4.9|4.2|23.9|109.0|106.0
2|2001-02|25.0|CLE|NBA|PG|81.0|81.0|3023.0|8.3|18.4|0.45399999999999996|0.4|1.5|0.253|7.9|16.8|0.47200000000000003|6.4|7.9|0.8170000000000001|1.9|4.8|6.7|15.5|2.2|0.6|4.3|4.0|23.5|115.0|109.0
3|2002-03|26.0|LAC|NBA|PG|80.0|80.0|2913.0|6.8|16.7|0.406|0.4|1.9|0.213|6.4|14.8|0.43200000000000005|5.6|7.1|0.795|1.5|4.2|5.7|9.7|1.8|0.2|3.7|3.7|19.6|105.0|109.0
4|2003-04|27.0|DEN|NBA|PG|82.0|82.0|2838.0|7.8|17.1|0.457|0.2|1.2|0.185|7.6|15.9|0.47700000000000004|6.2|7.4|0.8320000000000001|2.3|4.3|6.6|9.1|2.6|0.5|3.9|3.5|22.0|110.0|104.0
5|2004-05|28.0|DEN|NBA|PG|82.0|82.0|2852.0|7.7|16.1|0.47700000000000004|0.1|0.7|0.154|7.6|15.4|0.49200000000000005|4.6|5.4|0.838|1.8|4.3|6.1|10.2|2.2|0.1|4.0|3.7|20.0|109.0|106.0
6|2005-06|29.0|DEN|NBA|PG|82.0|82.0|2937.0|7.0|15.2|0.46299999999999997|0.1|0.5|0.185|6.9|14.7|0.47200000000000003|5.4|7.4|0.738|1.6|4.5|6.1|11.7|1.8|0.3|4.5|3.7|19.6|107.0|107.0
8|2006-07|30.0|DEN|NBA|PG|23.0|23.0|822.0|7.0|14.9|0.47200000000000003|0.2|1.0|0.25|6.8|13.9|0.48700000000000004|3.7|5.1|0.7290000000000001|1.5|4.7|6.2|12.5|2.2|0.2|4.2|3.5|18.0|109.0|107.0
9|2006-07|30.0|PHI|NBA|PG|57.0|56.0|2144.0|7.6|16.3|0.46399999999999997|0.0|0.5|0.053|7.6|15.8|0.47700000000000004|3.9|4.9|0.8079999999999999|1.8|4.3|6.1|10.3|1.8|0.1|3.8|3.1|19.1|106.0|109.0
10|2007-08|31.0|PHI|NBA|PG|82.0|82.0|3016.0|10.0|20.3|0.49200000000000005|0.1|0.6|0.08800000000000001|10.0|19.7|0.504|4.5|5.9|0.772|1.7|4.0|5.7|9.9|1.8|0.1|3.6|3.2|24.6|112.0|109.0
11|2008-09|32.0|PHI|NBA|PG|82.0|82.0|2976.0|8.8|18.7|0.473|0.3|1.0|0.28300000000000003|8.6|17.7|0.483|6.1|7.3|0.826|2.2|4.4|6.6|9.6|2.0|0.3|3.6|3.5|24.0|115.0|110.0
12|2009-10|33.0|POR|NBA|PG|82.0|66.0|2500.0|8.8|19.9|0.445|0.4|1.8|0.2|8.5|18.1|0.469|7.0|8.6|0.821|1.8|4.0|5.8|9.7|2.0|0.2|3.8|3.7|25.1|111.0|108.0
13|2010-11|34.0|POR|NBA|PG|81.0|81.0|2650.0|8.0|17.4|0.46|0.1|0.8|0.10800000000000001|7.9|16.6|0.47600000000000003|5.1|6.0|0.853|2.0|4.2|6.2|11.7|2.3|0.2|4.1|3.5|21.2|111.0|108.0
14|2011-12|35.0|DEN|NBA|SG|66.0|7.0|1809.0|6.8|15.6|0.43799999999999994|0.5|2.3|0.217|6.3|13.2|0.478|3.9|4.8|0.8109999999999999|1.5|4.7|6.2|12.4|1.8|0.3|5.0|3.7|18.0|104.0|108.0
15|2012-13|36.0|DEN|NBA|PG|82.0|11.0|2151.0|7.1|14.8|0.479|0.4|1.5|0.266|6.7|13.3|0.504|3.8|4.6|0.84|1.4|4.2|5.6|11.4|1.7|0.3|4.0|3.7|18.4|112.0|109.0
17|2013-14|37.0|DEN|NBA|SG|30.0|2.0|570.0|5.7|12.4|0.45799999999999996|0.8|1.5|0.5|4.9|10.8|0.452|3.0|4.0|0.745|1.4|4.9|6.3|8.6|1.3|0.6|2.8|2.7|15.1|112.0|111.0
18|2013-14|37.0|WAS|NBA|SG|28.0|0.0|412.0|5.0|10.9|0.46|0.2|0.4|0.667|4.7|10.5|0.452|3.1|3.7|0.833|1.5|5.6|7.1|12.1|2.4|0.2|3.5|5.4|13.4|113.0|105.0
20|2014-15|38.0|WAS|NBA|PG|51.0|0.0|631.0|6.3|11.5|0.542|0.1|0.6|0.125|6.2|10.9|0.5670000000000001|2.3|3.2|0.718|1.7|4.5|6.3|11.6|1.1|0.2|3.7|4.5|14.9|113.0|107.0
21|2014-15|38.0|SAC|NBA|PG|30.0|0.0|622.0|5.5|12.0|0.45899999999999996|0.5|2.1|0.231|5.0|9.9|0.508|2.4|3.1|0.789|1.3|4.9|6.2|11.4|1.5|0.3|4.7|3.8|13.9|102.0|111.0
23|2015-16|39.0|MIN|NBA|PG|26.0|0.0|280.0|6.5|10.4|0.621|0.2|0.7|0.25|6.3|9.7|0.648|2.7|3.4|0.789|1.1|3.2|4.3|10.4|1.6|0.0|4.5|5.8|15.8|114.0|113.0
24|2015-16|39.0|SAS|NBA|PG|13.0|4.0|181.0|6.5|13.6|0.479|0.3|1.1|0.25|6.2|12.4|0.5|2.5|3.7|0.6920000000000001|1.7|5.9|7.6|8.2|2.0|0.0|3.4|4.0|15.8|105.0|101.0
