|Season|Age|Tm|Lg|Pos|G|MP|FG%|Dist.|% of 2PA|% of 0-3|% of 3-10|% of 10-16|% of 16-3pt|% of 3P|2P %FG|0-3 %FG|3-10 %FG|10-16 %FG|16-3pt%FG|3P %FG|2P % Assisted|% of Dunks|Dunks Made|3P % Assisted|% of 3PA from Corner|Corner 3 %FG |Heaves Attempted|Heaves Made
0|2000-01|24.0|CLE|NBA|PG|82.0|2848.0|0.452|11.0|0.9359999999999999|0.264|0.205|0.26|0.20600000000000002|0.064|0.465|0.629|0.341|0.45399999999999996|0.39299999999999996|0.266|0.244|0.003|2.0|0.529|0.047|0.33299999999999996|13.0|1.0
1|2001-02|25.0|CLE|NBA|PG|81.0|3023.0|0.45399999999999996|11.3|0.917|0.248|0.198|0.282|0.18899999999999997|0.083|0.47200000000000003|0.575|0.415|0.46399999999999997|0.406|0.253|0.252|0.001|1.0|0.727|0.092|0.25|10.0|0.0
2|2002-03|26.0|LAC|NBA|PG|80.0|2913.0|0.406|11.2|0.884|0.26|0.20800000000000002|0.25|0.166|0.11599999999999999|0.43200000000000005|0.556|0.37799999999999995|0.379|0.38299999999999995|0.213|0.268|0.003|2.0|0.7390000000000001|0.083|0.33299999999999996|10.0|0.0
3|2003-04|27.0|DEN|NBA|PG|82.0|2838.0|0.457|9.1|0.9309999999999999|0.368|0.18600000000000003|0.23800000000000002|0.139|0.069|0.47700000000000004|0.613|0.423|0.406|0.313|0.185|0.35600000000000004|0.005|4.0|0.5|0.154|0.2|6.0|0.0
4|2004-05|28.0|DEN|NBA|PG|82.0|2852.0|0.47700000000000004|10.0|0.956|0.37799999999999995|0.106|0.20800000000000002|0.265|0.044000000000000004|0.49200000000000005|0.648|0.379|0.355|0.42200000000000004|0.154|0.451|0.003|3.0|0.33299999999999996|0.051|0.0|9.0|0.0
5|2005-06|29.0|DEN|NBA|PG|82.0|2937.0|0.46299999999999997|9.4|0.9690000000000001|0.396|0.114|0.20199999999999999|0.258|0.031|0.47200000000000003|0.5539999999999999|0.444|0.409|0.409|0.185|0.316|0.001|0.0|0.6|0.111|0.33299999999999996|10.0|1.0
7|2006-07|30.0|DEN|NBA|PG|23.0|822.0|0.47200000000000003|10.4|0.935|0.38299999999999995|0.141|0.145|0.266|0.065|0.48700000000000004|0.642|0.429|0.278|0.409|0.25|0.292|0.0|0.0|0.75|0.0||4.0|0.0
8|2006-07|30.0|PHI|NBA|PG|57.0|2144.0|0.46399999999999997|10.4|0.971|0.315|0.129|0.263|0.265|0.028999999999999998|0.47700000000000004|0.591|0.41200000000000003|0.408|0.44|0.053|0.28800000000000003|0.0|0.0|1.0|0.105|0.5|6.0|0.0
9|2007-08|31.0|PHI|NBA|PG|82.0|3016.0|0.49200000000000005|10.2|0.971|0.312|0.132|0.304|0.221|0.028999999999999998|0.504|0.62|0.49700000000000005|0.466|0.39799999999999996|0.08800000000000001|0.32|0.001|1.0|0.667|0.059000000000000004|0.0|11.0|0.0
10|2008-09|32.0|PHI|NBA|PG|82.0|2976.0|0.473|9.2|0.9490000000000001|0.41600000000000004|0.10400000000000001|0.207|0.223|0.051|0.483|0.584|0.37|0.414|0.409|0.28300000000000003|0.29100000000000004|0.0|0.0|0.6|0.132|0.28600000000000003|6.0|0.0
11|2009-10|33.0|POR|NBA|PG|82.0|2500.0|0.445|10.4|0.912|0.382|0.11199999999999999|0.16|0.258|0.08800000000000001|0.469|0.602|0.431|0.37200000000000005|0.34600000000000003|0.2|0.273|0.002|2.0|0.75|0.125|0.2|8.0|0.0
12|2010-11|34.0|POR|NBA|PG|81.0|2650.0|0.46|10.6|0.956|0.276|0.217|0.21899999999999997|0.244|0.044000000000000004|0.47600000000000003|0.665|0.42100000000000004|0.41100000000000003|0.369|0.10800000000000001|0.359|0.0|0.0|1.0|0.10800000000000001|0.25|5.0|0.0
13|2011-12|35.0|DEN|NBA|SG|66.0|1809.0|0.43799999999999994|10.5|0.85|0.35100000000000003|0.23|0.149|0.12|0.15|0.478|0.644|0.34600000000000003|0.39|0.348|0.217|0.263|0.0|0.0|0.833|0.22899999999999998|0.158|10.0|1.0
14|2012-13|36.0|DEN|NBA|PG|82.0|2151.0|0.479|8.7|0.899|0.42200000000000004|0.207|0.17600000000000002|0.09300000000000001|0.10099999999999999|0.504|0.618|0.397|0.387|0.441|0.266|0.248|0.002|1.0|1.0|0.297|0.158|4.0|0.0
16|2013-14|37.0|DEN|NBA|SG|30.0|570.0|0.45799999999999996|10.4|0.875|0.313|0.306|0.139|0.11800000000000001|0.125|0.452|0.556|0.364|0.4|0.47100000000000003|0.5|0.193|0.0|0.0|0.889|0.111|1.0|4.0|0.0
17|2013-14|37.0|WAS|NBA|SG|28.0|412.0|0.46|6.7|0.966|0.46|0.31|0.08|0.115|0.034|0.452|0.6|0.29600000000000004|0.28600000000000003|0.4|0.667|0.184|0.0|0.0|1.0|0.33299999999999996|1.0|1.0|0.0
19|2014-15|38.0|WAS|NBA|PG|51.0|631.0|0.542|7.1|0.9440000000000001|0.479|0.239|0.14800000000000002|0.077|0.055999999999999994|0.5670000000000001|0.632|0.441|0.524|0.636|0.125|0.276|0.0|0.0|1.0|0.0||1.0|0.0
20|2014-15|38.0|SAC|NBA|PG|30.0|622.0|0.45899999999999996|11.3|0.8240000000000001|0.25|0.284|0.182|0.10800000000000001|0.17600000000000002|0.508|0.622|0.47600000000000003|0.33299999999999996|0.625|0.231|0.306|0.0|0.0|0.667|0.192|0.2|1.0|0.0
22|2015-16|39.0|MIN|NBA|PG|26.0|280.0|0.621|8.5|0.9309999999999999|0.534|0.138|0.19|0.069|0.069|0.648|0.677|0.625|0.545|0.75|0.25|0.371|0.0|0.0|1.0|0.0||3.0|0.0
23|2015-16|39.0|SAS|NBA|PG|13.0|181.0|0.479|8.4|0.917|0.375|0.22899999999999998|0.22899999999999998|0.083|0.083|0.5|0.5|0.545|0.455|0.5|0.25|0.273|0.0|0.0|1.0|0.25|0.0|0.0|0.0
