|Season|Age|Tm|Lg|Pos|G|MP|PG%|SG%|SF%|PF%|C%|OnCourt|On-Off|BadPass|LostBall|Shoot|Off.|Shoot.1|Off..1|PGA|And1|Blkd
0|2009-10|23.0|UTA|NBA|SG|82.0|2025.0|1|94|5|0|0|4.8|-1.6|36.0|29.0|75.0|12.0|84.0|30.0|273.0|18.0|44.0
1|2010-11|24.0|POR|NBA|SG|82.0|2758.0|2|68|30|0|0|2.7|3.8|60.0|48.0|83.0|10.0|108.0|33.0|366.0|19.0|64.0
2|2011-12|25.0|POR|NBA|SG|66.0|2228.0|0|74|26|0|0|1.0|7.2|22.0|32.0|58.0|13.0|67.0|16.0|258.0|7.0|53.0
3|2012-13|26.0|POR|NBA|SG|69.0|2403.0|0|85|15|0|0|-2.1|3.7|46.0|43.0|80.0|10.0|71.0|17.0|391.0|15.0|45.0
4|2013-14|27.0|POR|NBA|SG|82.0|2780.0|0|78|22|1|0|4.9|3.5|48.0|38.0|73.0|13.0|119.0|32.0|448.0|22.0|41.0
5|2014-15|28.0|POR|NBA|SG|60.0|2024.0|0|74|26|0|0|6.5|4.6|41.0|23.0|53.0|7.0|61.0|16.0|332.0|16.0|24.0
6|2015-16|29.0|DAL|NBA|SF|78.0|2644.0|0|35|63|2|0|2.2|6.8|24.0|40.0|67.0|6.0|42.0|19.0|361.0|7.0|39.0
7|2016-17|30.0|DAL|NBA|SG|73.0|2495.0|0|40|60|0|0|-3.8|-1.5|51.0|37.0|61.0|8.0|61.0|34.0|521.0|8.0|24.0
8|2017-18|31.0|DAL|NBA|SF|63.0|2131.0|0|33|67|0|0|-8.1|-10.0|52.0|21.0|58.0|3.0|39.0|22.0|429.0|8.0|25.0
10|2018-19|32.0|DAL|NBA|SF|44.0|1312.0|0|27|73|0|0|-1.6|0.2|35.0|14.0|51.0|4.0|36.0|15.0|241.0|3.0|23.0
11|2018-19|32.0|NYK|NBA|SG|2.0|54.0|0|77|23|0|0|-1.0|8.3|0.0|2.0|1.0|0.0|1.0|1.0|12.0|0.0|1.0
12|2018-19|32.0|IND|NBA|SG|23.0|725.0|3|91|7|0|0|-3.7|-8.7|15.0|10.0|30.0|1.0|18.0|10.0|127.0|3.0|6.0
