|Season|Age|Tm|Lg|Pos|G|MP|PG%|SG%|SF%|PF%|C%|OnCourt|On-Off|BadPass|LostBall|Shoot|Off.|Shoot.1|Off..1|PGA|And1|Blkd
0|2003-04|23.0|NOH|NBA|PF|71.0|930.0|0|0|2|96|2|-4.6|-5.5|17.0|15.0|67.0|9.0|41.0|0.0|135.0|10.0|27.0
1|2004-05|24.0|NOH|NBA|SF|30.0|552.0|0|2|40|59|0|-20.9|-14.6|17.0|8.0|37.0|10.0|28.0|0.0|49.0|10.0|14.0
2|2005-06|25.0|NOK|NBA|PF|74.0|2526.0|0|0|0|90|10|-3.7|-1.6|41.0|30.0|125.0|20.0|98.0|14.0|205.0|31.0|63.0
3|2006-07|26.0|NOK|NBA|PF|52.0|1900.0|0|0|0|89|11|0.5|4.3|28.0|30.0|80.0|11.0|85.0|5.0|270.0|17.0|50.0
4|2007-08|27.0|NOH|NBA|PF|76.0|2870.0|0|0|0|96|4|7.8|6.5|40.0|50.0|107.0|39.0|162.0|5.0|437.0|35.0|76.0
5|2008-09|28.0|NOH|NBA|PF|76.0|2982.0|0|0|0|87|13|4.0|8.7|50.0|70.0|108.0|27.0|173.0|6.0|436.0|37.0|53.0
6|2009-10|29.0|NOH|NBA|PF|81.0|2949.0|0|0|0|92|8|-3.4|-1.6|66.0|51.0|130.0|29.0|142.0|2.0|562.0|37.0|71.0
7|2010-11|30.0|NOH|NBA|PF|70.0|2451.0|0|0|0|91|9|2.6|4.8|50.0|39.0|105.0|26.0|146.0|7.0|383.0|27.0|69.0
8|2011-12|31.0|IND|NBA|PF|66.0|1925.0|0|0|0|97|3|5.4|5.4|31.0|30.0|66.0|18.0|75.0|6.0|326.0|13.0|34.0
9|2012-13|32.0|IND|NBA|PF|73.0|2435.0|0|0|0|97|3|8.3|9.1|65.0|54.0|55.0|24.0|127.0|7.0|502.0|26.0|62.0
10|2013-14|33.0|IND|NBA|PF|80.0|2472.0|0|0|0|96|4|8.1|9.0|65.0|24.0|70.0|34.0|96.0|5.0|518.0|19.0|49.0
11|2014-15|34.0|IND|NBA|PF|66.0|1895.0|0|0|0|95|5|-1.0|-2.1|61.0|23.0|75.0|24.0|46.0|4.0|510.0|11.0|25.0
12|2015-16|35.0|SAS|NBA|PF|78.0|1404.0|0|0|1|50|49|11.8|0.5|30.0|14.0|74.0|13.0|40.0|3.0|326.0|16.0|27.0
13|2016-17|36.0|GSW|NBA|C|68.0|854.0|0|0|0|7|94|7.7|-5.1|39.0|18.0|57.0|15.0|25.0|3.0|332.0|4.0|8.0
14|2017-18|37.0|GSW|NBA|C|73.0|999.0|0|0|0|2|98|2.0|-5.6|47.0|13.0|66.0|14.0|45.0|0.0|307.0|11.0|11.0
