|Season|Age|Tm|Lg|Pos|G|MP|PG%|SG%|SF%|PF%|C%|OnCourt|On-Off|BadPass|LostBall|Shoot|Off.|Shoot.1|Off..1|PGA|And1|Blkd
0|2003-04|23.0|NOH|NBA|PF|7.0|111.0|0|0|0|100|0|4.7|12.0|2.0|2.0|6.0|0.0|6.0|0.0|19.0|1.0|2.0
1|2007-08|27.0|NOH|NBA|PF|12.0|485.0|0|0|0|93|7|3.2|-7.3|8.0|7.0|17.0|5.0|24.0|3.0|83.0|6.0|14.0
2|2008-09|28.0|NOH|NBA|PF|5.0|178.0|0|0|0|90|10|-25.8|4.5|6.0|3.0|11.0|4.0|10.0|1.0|13.0|3.0|4.0
3|2011-12|31.0|IND|NBA|PF|11.0|416.0|0|0|0|89|11|9.9|36.1|7.0|2.0|13.0|4.0|21.0|0.0|51.0|4.0|7.0
4|2012-13|32.0|IND|NBA|PF|19.0|689.0|0|0|0|98|3|3.7|13.1|18.0|11.0|16.0|13.0|38.0|1.0|93.0|8.0|8.0
5|2013-14|33.0|IND|NBA|PF|19.0|687.0|0|0|0|84|16|4.6|22.1|24.0|7.0|27.0|9.0|21.0|1.0|176.0|3.0|11.0
6|2015-16|35.0|SAS|NBA|PF|10.0|176.0|0|0|0|57|43|6.8|-5.1|1.0|4.0|5.0|1.0|3.0|0.0|28.0|1.0|4.0
7|2016-17|36.0|GSW|NBA|C|17.0|221.0|0|0|0|1|99|2.8|-14.3|6.0|2.0|10.0|2.0|6.0|0.0|79.0|3.0|2.0
8|2017-18|37.0|GSW|NBA|C|18.0|175.0|0|0|0|2|98|-1.1|-13.7|7.0|1.0|10.0|2.0|0.0|0.0|68.0|0.0|1.0
