|Season|Age|Tm|Lg|Pos|G|GS|MP|FG|FGA|FG%|3P|3PA|3P%|2P|2PA|2P%|FT|FTA|FT%|ORB|DRB|TRB|AST|STL|BLK|TOV|PF|PTS|ORtg|DRtg
0|1984-85|22.0|SEA|NBA|PG|3.0|0.0|26.0|3.7|18.6|0.2|0.0|1.9|0.0|3.7|16.7|0.222|0.0|0.0||0.0|5.6|5.6|3.7|5.6|0.0|3.7|3.7|7.4|45.0|101.0
1|1985-86|23.0|SEA|NBA|PG|82.0|29.0|1901.0|5.9|11.6|0.506|0.6|1.9|0.324|5.3|9.7|0.541|2.3|2.7|0.8490000000000001|0.8|2.4|3.1|7.9|2.9|0.2|2.4|2.9|14.7|116.0|107.0
2|1986-87|24.0|SEA|NBA|PG|73.0|26.0|1482.0|4.2|9.2|0.45799999999999996|0.9|2.5|0.36700000000000005|3.3|6.6|0.493|1.9|2.3|0.831|0.7|2.9|3.6|11.2|2.4|0.1|2.7|2.3|11.2|118.0|112.0
3|1987-88|25.0|SEA|NBA|PG|77.0|0.0|949.0|4.5|11.0|0.408|1.1|3.9|0.28600000000000003|3.4|7.1|0.475|2.2|2.7|0.8109999999999999|0.9|2.9|3.8|11.0|2.6|0.1|1.9|3.5|12.3|120.0|109.0
4|1988-89|26.0|POR|NBA|PG|48.0|2.0|952.0|5.6|12.1|0.46|0.8|2.4|0.34|4.8|9.7|0.49|2.4|3.1|0.7809999999999999|0.8|2.8|3.6|6.0|2.7|0.1|2.2|2.4|14.4|112.0|109.0
5|1989-90|27.0|POR|NBA|PG|82.0|8.0|1393.0|4.6|11.0|0.42100000000000004|0.5|2.0|0.271|4.1|9.1|0.45399999999999996|3.1|3.8|0.813|1.0|3.1|4.1|7.8|2.8|0.1|2.7|2.8|12.9|109.0|105.0
6|1990-91|28.0|POR|NBA|PG|75.0|1.0|897.0|5.5|14.4|0.38|1.9|5.5|0.34600000000000003|3.6|8.9|0.401|2.2|2.4|0.9109999999999999|1.2|2.8|4.0|7.5|2.7|0.4|2.7|2.6|15.1|106.0|106.0
8|1991-92|29.0|POR|NBA|PG|18.0|0.0|134.0|5.8|14.5|0.4|1.1|3.6|0.3|4.7|10.9|0.433|3.6|5.1|0.7140000000000001|0.0|3.3|3.3|7.2|2.2|0.0|1.8|2.2|16.3|111.0|107.0
9|1991-92|29.0|LAC|NBA|PG|44.0|5.0|889.0|4.7|12.0|0.391|1.1|3.4|0.33299999999999996|3.6|8.7|0.413|2.6|3.0|0.887|0.9|2.8|3.7|8.5|2.2|0.2|2.3|2.6|13.1|108.0|108.0
10|1992-93|30.0|DET|NBA|PG|65.0|2.0|836.0|4.2|10.3|0.413|1.4|4.2|0.324|2.9|6.1|0.475|1.7|2.0|0.875|0.8|2.1|2.9|7.3|1.9|0.3|1.8|2.2|11.6|114.0|111.0
11|1994-95|32.0|MIL|NBA|PG|7.0|0.0|77.0|6.1|11.4|0.529|3.4|8.1|0.41700000000000004|2.7|3.4|0.8|0.7|0.7|1.0|0.7|2.7|3.4|8.1|2.7|0.0|2.7|5.4|16.1|129.0|112.0
