|Season|Age|Tm|Lg|Pos|G|GS|MP|FG|FGA|FG%|3P|3PA|3P%|2P|2PA|2P%|FT|FTA|FT%|ORB|DRB|TRB|AST|STL|BLK|TOV|PF|PTS|ORtg|DRtg
0|1996-97|23.0|UTA|NBA|SG|65.0|0.0|1066.0|7.4|15.9|0.462|1.2|2.4|0.511|6.2|13.6|0.45399999999999996|3.4|5.0|0.687|2.6|6.4|9.0|2.5|1.4|0.4|3.7|5.7|19.3|99.0|106.0
1|1997-98|24.0|UTA|NBA|SG|82.0|2.0|1602.0|9.0|16.8|0.5379999999999999|0.2|1.1|0.21899999999999997|8.8|15.7|0.56|4.6|6.2|0.735|2.9|4.7|7.6|3.0|2.2|0.6|3.1|4.9|22.9|112.0|106.0
2|1998-99|25.0|UTA|NBA|SG|50.0|2.0|1072.0|8.3|18.7|0.446|0.7|2.1|0.341|7.6|16.6|0.46|4.6|6.4|0.7120000000000001|2.5|4.3|6.8|2.9|2.0|0.5|3.4|4.6|22.0|99.0|101.0
3|1999-00|26.0|HOU|NBA|SF|82.0|82.0|2700.0|6.9|14.7|0.473|1.5|4.2|0.35100000000000003|5.5|10.4|0.523|3.7|4.8|0.767|1.7|5.5|7.2|4.5|1.8|0.6|3.7|3.4|19.0|106.0|107.0
4|2000-01|27.0|HOU|NBA|SG|82.0|82.0|2396.0|5.8|13.1|0.446|1.0|3.8|0.271|4.8|9.3|0.517|3.1|4.2|0.7340000000000001|1.6|5.8|7.4|4.2|1.8|0.9|2.9|4.5|15.7|103.0|105.0
5|2001-02|28.0|NYK|NBA|SG|82.0|6.0|1596.0|5.0|12.5|0.39899999999999997|1.3|4.7|0.27699999999999997|3.7|7.8|0.474|2.5|3.6|0.6920000000000001|1.9|6.4|8.3|2.5|1.6|0.5|3.3|4.5|13.8|90.0|106.0
6|2002-03|29.0|NYK|NBA|SF|82.0|9.0|1731.0|7.6|16.4|0.462|1.6|4.3|0.371|6.0|12.1|0.494|4.2|5.8|0.732|2.0|5.8|7.8|2.7|2.2|0.6|3.5|5.4|21.0|101.0|105.0
7|2003-04|30.0|NYK|NBA|SG|80.0|37.0|1974.0|6.5|15.3|0.42200000000000004|1.0|3.5|0.281|5.5|11.8|0.46299999999999997|3.3|4.4|0.764|1.4|4.6|6.0|3.3|1.8|0.5|3.2|4.9|17.2|96.0|105.0
9|2004-05|31.0|NYK|NBA|SG|1.0|0.0|20.0|0.0|5.3|0.0|0.0|2.6|0.0|0.0|2.6|0.0|0.0|0.0||2.6|0.0|2.6|0.0|0.0|0.0|2.6|5.3|0.0|23.0|117.0
10|2004-05|31.0|MIA|NBA|SF|65.0|5.0|1151.0|4.5|9.9|0.456|0.2|1.3|0.179|4.3|8.6|0.49700000000000005|2.5|3.0|0.818|1.8|6.9|8.7|3.2|1.8|0.6|2.3|6.2|11.7|104.0|103.0
11|2005-06|32.0|MIA|NBA|SF|48.0|1.0|638.0|4.4|10.4|0.429|0.4|1.6|0.263|4.0|8.8|0.45799999999999996|1.1|1.5|0.722|1.5|5.2|6.7|2.5|1.4|0.5|2.0|6.2|10.4|95.0|106.0
