|Season|Age|Tm|Lg|Pos|G|GS|MP|FG|FGA|FG%|3P|3PA|3P%|2P|2PA|2P%|eFG%|FT|FTA|FT%|ORB|DRB|TRB|AST|STL|BLK|TOV|PF|PTS
1|1992-93|23.0|CHH|NBA|C|2.0|0.0|18.0|1.0|3.0|0.33299999999999996|0.0|0.0||1.0|3.0|0.33299999999999996|0.33299999999999996|0.0|0.0||3.0|6.0|9.0|0.0|0.0|2.0|2.0|4.0|2.0
2|1992-93|23.0|ORL|NBA|PF|3.0|0.0|10.0|0.0|2.0|0.0|0.0|0.0||0.0|2.0|0.0|0.0|0.0|0.0||1.0|1.0|2.0|0.0|1.0|1.0|0.0|2.0|0.0
3|1992-93|23.0|BOS|NBA|PF|22.0|7.0|151.0|16.0|31.0|0.516|0.0|0.0||16.0|31.0|0.516|0.516|2.0|7.0|0.28600000000000003|13.0|31.0|44.0|5.0|4.0|14.0|6.0|23.0|34.0
5|1993-94|24.0|ORL|NBA|PF|3.0|0.0|19.0|1.0|6.0|0.16699999999999998|0.0|1.0|0.0|1.0|5.0|0.2|0.16699999999999998|0.0|0.0||3.0|1.0|4.0|2.0|2.0|3.0|0.0|3.0|2.0
6|1993-94|24.0|CHH|NBA|PF|1.0|0.0|19.0|0.0|1.0|0.0|0.0|0.0||0.0|1.0|0.0|0.0|0.0|0.0||0.0|4.0|4.0|0.0|1.0|2.0|1.0|2.0|0.0
7|1993-94|24.0|DAL|NBA|PF|34.0|11.0|678.0|48.0|103.0|0.466|0.0|0.0||48.0|103.0|0.466|0.466|12.0|28.0|0.429|92.0|117.0|209.0|23.0|15.0|41.0|21.0|87.0|108.0
8|1994-95|25.0|DAL|NBA|C|82.0|81.0|2383.0|145.0|304.0|0.47700000000000004|0.0|0.0||145.0|304.0|0.47700000000000004|0.47700000000000004|38.0|101.0|0.376|291.0|399.0|690.0|124.0|52.0|148.0|105.0|306.0|328.0
9|1995-96|26.0|DAL|NBA|C|65.0|61.0|1806.0|87.0|214.0|0.40700000000000003|0.0|1.0|0.0|87.0|213.0|0.408|0.40700000000000003|24.0|70.0|0.34299999999999997|234.0|287.0|521.0|85.0|48.0|122.0|78.0|226.0|198.0
10|1996-97|27.0|WSB|NBA|C|19.0|0.0|264.0|20.0|31.0|0.645|0.0|0.0||20.0|31.0|0.645|0.645|5.0|7.0|0.7140000000000001|28.0|41.0|69.0|4.0|6.0|8.0|18.0|49.0|45.0
11|1997-98|28.0|WAS|NBA|PF|14.0|6.0|111.0|13.0|17.0|0.765|0.0|0.0||13.0|17.0|0.765|0.765|0.0|2.0|0.0|16.0|10.0|26.0|3.0|2.0|3.0|2.0|17.0|26.0
12|1999-00|30.0|WAS|NBA|PF|8.0|0.0|76.0|7.0|9.0|0.778|0.0|0.0||7.0|9.0|0.778|0.778|0.0|0.0||12.0|13.0|25.0|1.0|3.0|6.0|3.0|13.0|14.0
