|Season|Age|Tm|Lg|MP|FG|FGA|3P|3PA|2P|2PA|FT|FTA|ORB|DRB|TRB|AST|STL|BLK|TOV|PF|PTS|GmSc
0|1982-83|23.0|HOU|NBA||4|6|0||4||1|2|||||||||8|
1|1984-85|25.0|LAL|NBA||2|3|0|0.0|2|3.0|1|4|1.0|3.0|4.0|1.0|0.0|5.0|2.0|3.0|4|4.4
3|1985-86|26.0|LAL|NBA||2|4|0|0.0|2|4.0|2|4|2.0|2.0|2.0|1.0|1.0|1.0|2.0|2.0|4|3.3
4|1985-86|26.0|DET|NBA||3|5|0|0.0|3|5.0|4|4|2.0|3.0|4.0|2.0|1.0|3.0|2.0|5.0|8|7.3
5|1986-87|27.0|DET|NBA||5|6|0|0.0|5|6.0|2|4|6.0|4.0|10.0|1.0|1.0|5.0|3.0|5.0|12|14.3
6|1987-88|28.0|DET|NBA||2|4|0|0.0|2|4.0|2|4|1.0|2.0|3.0|0.0|1.0|2.0|1.0|3.0|4|4.0
7|1988-89|29.0|HOU|NBA||4|6|0|0.0|4|6.0|2|2|2.0|4.0|6.0|1.0|1.0|4.0|3.0|6.0|8|6.8
8|1989-90|30.0|HOU|NBA||1|1|0|0.0|1|1.0|0|0|0.0|2.0|2.0|1.0|0.0|1.0|2.0|2.0|2|2.0
9|1991-92|32.0|CHI|NBA||1|2|0|0.0|1|2.0|0|0|0.0|1.0|1.0|1.0|0.0|0.0|3.0|2.0|2|0.0
10|1993-94|34.0|SAS|NBA||0|0|0|0.0|0|0.0|3|6|1.0|0.0|1.0|0.0|0.0|0.0|1.0|1.0|3|1.1
