|Season|Age|Tm|Lg|Pos|G|MP|PER|TS%|3PAr|FTr|ORB%|DRB%|TRB%|AST%|STL%|BLK%|TOV%|USG%|OWS|DWS|WS|WS/48|OBPM|DBPM|BPM|VORP
0|1994-95|21.0|DAL|NBA|PG|79.0|2668.0|15.1|0.47100000000000003|0.3|0.321|5.8|11.9|8.7|33.2|2.9|0.6|20.4|19.0|1.1|2.6|3.7|0.066|0.8|0.9|1.7|2.5
1|1995-96|22.0|DAL|NBA|PG|81.0|3034.0|17.8|0.46799999999999997|0.306|0.256|6.5|13.3|9.6|41.5|2.9|0.6|18.6|24.3|1.7|2.6|4.3|0.068|2.1|0.6|2.7|3.5
3|1996-97|23.0|DAL|NBA|PG|22.0|791.0|15.1|0.465|0.32|0.34|4.3|8.9|6.6|41.1|3.1|0.8|22.0|17.4|0.3|0.7|1.1|0.064|0.1|-0.1|0.0|0.4
4|1996-97|23.0|PHO|NBA|PG|33.0|1173.0|18.0|0.519|0.307|0.294|3.4|12.4|7.9|37.4|3.5|0.8|17.1|17.1|2.0|1.3|3.3|0.136|2.3|1.2|3.6|1.6
5|1997-98|24.0|PHO|NBA|PG|82.0|3118.0|16.4|0.502|0.271|0.243|4.1|14.7|9.5|35.6|2.7|0.6|21.5|17.6|3.2|4.8|8.0|0.12300000000000001|1.1|2.0|3.1|4.0
6|1998-99|25.0|PHO|NBA|PG|50.0|2060.0|22.5|0.527|0.17600000000000002|0.342|4.8|14.5|9.6|44.0|3.0|0.7|15.7|21.4|5.8|2.3|8.1|0.188|4.7|1.1|5.8|4.1
7|1999-00|26.0|PHO|NBA|PG|67.0|2616.0|18.4|0.498|0.19399999999999998|0.287|4.2|16.1|10.3|40.1|2.6|0.8|19.0|20.0|3.7|4.8|8.5|0.156|1.7|2.4|4.1|4.1
8|2000-01|27.0|PHO|NBA|PG|77.0|3065.0|19.4|0.51|0.21100000000000002|0.36700000000000005|3.3|15.2|9.1|41.2|2.8|0.5|18.3|22.7|4.2|5.4|9.6|0.15|2.7|2.1|4.8|5.3
9|2001-02|28.0|NJN|NBA|PG|82.0|3056.0|19.1|0.484|0.32|0.217|4.7|17.2|10.9|42.5|3.0|0.5|18.7|22.5|3.1|5.8|8.9|0.14|2.8|2.2|5.1|5.4
10|2002-03|29.0|NJN|NBA|PG|80.0|2989.0|22.2|0.526|0.297|0.324|4.2|15.1|9.6|42.2|3.1|0.6|17.2|25.9|5.5|5.8|11.3|0.182|4.9|2.0|6.9|6.7
11|2003-04|30.0|NJN|NBA|PG|67.0|2450.0|19.7|0.485|0.306|0.26|4.1|16.5|10.3|44.8|2.7|0.4|16.7|24.6|2.8|4.4|7.2|0.141|3.1|1.5|4.5|4.1
12|2004-05|31.0|NJN|NBA|PG|66.0|2435.0|19.5|0.506|0.419|0.225|4.6|19.8|12.1|40.6|2.7|0.3|15.1|21.3|3.1|4.2|7.2|0.14300000000000002|3.6|2.0|5.6|4.6
13|2005-06|32.0|NJN|NBA|PG|80.0|2975.0|19.2|0.526|0.436|0.27|3.3|19.8|11.4|39.0|2.7|0.8|15.9|19.1|4.5|5.6|10.1|0.163|2.7|2.7|5.5|5.6
14|2006-07|33.0|NJN|NBA|PG|80.0|2933.0|19.4|0.516|0.39799999999999996|0.253|5.5|20.8|13.2|41.4|2.3|0.6|17.4|19.4|5.1|4.1|9.3|0.152|3.0|2.0|5.0|5.2
16|2007-08|34.0|NJN|NBA|PG|51.0|1895.0|15.7|0.483|0.43|0.20199999999999999|3.5|21.7|12.6|45.5|2.0|0.6|23.6|18.9|0.4|2.1|2.5|0.064|0.5|1.0|1.5|1.7
17|2007-08|34.0|DAL|NBA|PG|29.0|1011.0|18.4|0.536|0.311|0.221|4.3|16.8|10.7|41.1|3.3|0.8|23.2|16.1|1.6|1.7|3.3|0.157|2.4|2.6|5.1|1.8
18|2008-09|35.0|DAL|NBA|PG|81.0|2886.0|16.9|0.55|0.523|0.17|3.4|16.4|9.9|34.7|2.9|1.0|21.8|13.5|4.6|3.9|8.5|0.141|2.3|2.3|4.5|4.7
19|2009-10|36.0|DAL|NBA|PG|80.0|2881.0|17.2|0.5770000000000001|0.617|0.14800000000000002|1.9|15.6|8.9|36.4|2.6|0.9|21.4|14.5|4.8|4.0|8.9|0.14800000000000002|2.7|1.6|4.3|4.6
20|2010-11|37.0|DAL|NBA|PG|80.0|2653.0|14.4|0.5|0.6559999999999999|0.129|1.6|13.4|7.7|35.4|2.7|0.8|22.1|14.3|2.5|3.9|6.4|0.11599999999999999|1.0|2.1|3.1|3.4
21|2011-12|38.0|DAL|NBA|PG|48.0|1379.0|13.1|0.524|0.8170000000000001|0.10300000000000001|1.2|14.8|8.1|28.4|3.1|0.6|24.2|12.7|0.9|2.1|3.0|0.10400000000000001|0.4|2.1|2.5|1.5
22|2012-13|39.0|NYK|NBA|SG|76.0|2043.0|13.5|0.532|0.795|0.11699999999999999|2.8|16.2|9.3|17.8|3.3|1.1|15.0|11.6|2.6|2.8|5.4|0.128|1.7|2.7|4.4|3.3
