player_id|Rk|Unnamed: 1|Age|G|GS|MP|FG|FGA|FG%|FT|FTA|FT%|ORB|DRB|TRB|AST|STL|BLK|TOV|PF|PTS/G|player_id
sikmaja01|1|Jack Sikma|23|82||36.1|5.8|12.6|0.46|4.0|4.9|0.8140000000000001|2.8|9.5|12.4|3.2|1.0|0.8|3.1|3.6|15.6|sikmaja01
johnsde01|2|Dennis Johnson|24|80||34.0|6.0|13.9|0.434|3.8|4.9|0.7809999999999999|1.8|2.9|4.7|3.5|1.3|1.2|2.4|2.6|15.9|johnsde01
willigu01|3|Gus Williams|25|76||29.8|8.0|16.1|0.495|3.2|4.2|0.775|1.5|1.8|3.2|4.0|2.1|0.4|2.5|2.1|19.2|willigu01
johnsjo01|4|John Johnson|31|82||29.1|4.3|10.0|0.434|2.3|3.0|0.76|1.5|3.5|5.0|4.4|0.7|0.3|3.1|3.0|11.0|johnsjo01
sheltlo01|5|Lonnie Shelton|23|76||28.4|5.9|11.3|0.519|1.7|2.5|0.693|2.4|3.8|6.2|1.4|1.0|1.0|2.5|3.5|13.5|sheltlo01
brownfr01|6|Fred Brown|30|77||25.5|5.8|12.4|0.469|2.4|2.7|0.888|0.5|1.7|2.2|3.4|1.5|0.3|2.1|1.8|14.0|brownfr01
lagarto01|7|Tom LaGarde|23|23||25.0|4.3|7.9|0.541|2.5|4.1|0.6|2.7|5.6|8.3|1.4|0.3|0.8|2.0|3.3|11.0|lagarto01
silaspa01|8|Paul Silas|35|82||23.9|2.1|4.9|0.423|1.4|2.4|0.598|3.2|3.9|7.0|1.4|0.4|0.2|1.2|2.2|5.6|silaspa01
walkewa01|9|Wally Walker|24|60||16.2|2.8|5.7|0.49|1.0|1.6|0.604|1.1|1.9|3.0|1.2|0.2|0.4|1.1|2.1|6.6|walkewa01
hansela01|10|Lars Hansen|24|15||13.7|1.9|3.8|0.509|1.2|2.1|0.581|1.5|2.5|3.9|0.9|0.1|0.1|0.6|1.9|5.1|hansela01
awtrede01|11|Dennis Awtrey|30|40||12.5|0.7|1.6|0.429|0.6|0.9|0.6940000000000001|0.7|1.9|2.6|1.2|0.3|0.2|0.8|1.7|2.0|awtrede01
snydedi01|12|Dick Snyder|34|56||9.6|1.4|3.3|0.433|0.8|0.9|0.843|0.3|0.6|0.9|1.1|0.3|0.1|0.6|0.9|3.7|snydedi01
robinja01|13|Jackie Robinson|23|12||8.8|1.6|3.4|0.46299999999999997|0.7|1.3|0.5329999999999999|0.8|0.8|1.6|1.1|0.4|0.1|0.9|0.8|3.8|robinja01
hassejo01|14|Joe Hassett|23|55||8.4|1.8|3.8|0.474|0.4|0.4|1.0|0.2|0.6|0.8|0.8|0.3|0.1|0.6|1.1|4.1|hassejo01
