|Season|Age|Tm|Lg|MP|FG|FGA|3P|3PA|2P|2PA|FT|FTA|ORB|DRB|TRB|AST|STL|BLK|TOV|PF|PTS|GmSc
0|1989-90|23.0|PHO|NBA||2|7|0|1|2|7|4|4|3|2|5|2|1|0|2|3|8|4.4
1|1990-91|24.0|DEN|NBA||6|15|2|3|4|12|4|4|3|3|4|4|1|0|1|5|14|9.1
3|1992-93|26.0|UTA|NBA||1|1|0|0|1|1|0|0|0|1|1|0|0|0|0|0|2|1.7
4|1992-93|26.0|DAL|NBA||7|14|3|5|6|10|10|12|3|3|6|5|3|1|2|4|20|17.9
5|1993-94|27.0|DAL|NBA||9|15|4|6|7|11|6|8|2|5|6|6|4|2|4|5|25|19.8
6|1994-95|28.0|GSW|NBA||10|12|5|6|6|7|8|9|4|4|7|5|3|1|3|5|24|20.4
7|1995-96|29.0|WSB|NBA||7|11|5|8|5|7|6|6|2|5|5|7|3|2|3|5|21|20.0
8|1996-97|30.0|WSB|NBA||3|6|2|5|2|3|2|2|0|4|4|1|1|2|2|5|9|5.4
9|1997-98|31.0|WAS|NBA||1|5|0|3|1|5|3|4|2|1|2|2|1|0|2|4|5|3.2
10|1998-99|32.0|WAS|NBA||5|10|3|7|4|7|1|2|2|4|4|4|1|1|2|4|13|10.8
11|1999-00|33.0|GSW|NBA||5|11|3|4|4|9|4|4|1|4|4|4|1|1|2|5|14|10.3
