|Season|Age|Tm|Lg|Pos|G|GS|MP|FG|FGA|FG%|FT|FTA|FT%|ORB|DRB|TRB|AST|STL|BLK|PF|PTS
0|1967-68|24.0|CHI|NBA|PG|76.0||1477.0|273.0|650.0|0.42|133.0|202.0|0.6579999999999999|||227.0|165.0|||175.0|679.0
1|1968-69|25.0|CHI|NBA|PG|79.0||2874.0|537.0|1275.0|0.42100000000000004|282.0|361.0|0.7809999999999999|||359.0|306.0|||230.0|1356.0
2|1969-70|26.0|CHI|NBA|SG|82.0||3214.0|668.0|1486.0|0.45|332.0|424.0|0.7829999999999999|||378.0|624.0|||237.0|1668.0
3|1970-71|27.0|PHO|NBA|PG|82.0||2764.0|562.0|1277.0|0.44|338.0|431.0|0.784|||324.0|383.0|||207.0|1462.0
4|1971-72|28.0|PHO|NBA|PG|79.0||2453.0|509.0|1054.0|0.483|220.0|258.0|0.853|||270.0|290.0|||194.0|1238.0
5|1972-73|29.0|PHO|NBA|SG|77.0||1581.0|339.0|731.0|0.46399999999999997|130.0|156.0|0.833|||173.0|203.0|||143.0|808.0
6|1973-74|30.0|PHO|NBA|SG|81.0||1822.0|364.0|792.0|0.46|171.0|203.0|0.8420000000000001|78.0|144.0|222.0|259.0|81.0|16.0|166.0|899.0
7|1974-75|31.0|WSB|NBA|SG|70.0||702.0|115.0|290.0|0.397|53.0|63.0|0.841|29.0|51.0|80.0|79.0|23.0|6.0|73.0|283.0
8|1975-76|32.0|WSB|NBA|SG|55.0||737.0|148.0|269.0|0.55|54.0|65.0|0.831|12.0|42.0|54.0|73.0|23.0|8.0|79.0|350.0
