|Season|Age|Tm|Lg|Pos|G|GS|MP|FG|FGA|FG%|3P|3PA|3P%|2P|2PA|2P%|FT|FTA|FT%|ORB|DRB|TRB|AST|STL|BLK|TOV|PF|PTS|ORtg|DRtg
0|1997-98|22.0|NJN|NBA|PF|62.0|62.0|2325.0|10.1|23.7|0.426|1.6|5.1|0.308|8.5|18.7|0.45799999999999996|5.9|6.9|0.846|3.2|6.0|9.3|2.4|1.5|0.6|3.7|4.9|27.6|106.0|108.0
1|1998-99|23.0|NJN|NBA|PF|42.0|42.0|1576.0|10.7|25.0|0.428|0.5|1.8|0.302|10.2|23.3|0.43799999999999994|8.5|9.9|0.8590000000000001|3.8|8.1|11.9|2.2|1.4|1.8|4.4|4.5|30.5|102.0|103.0
2|1999-00|24.0|NJN|NBA|PF|80.0|80.0|2782.0|10.4|23.4|0.445|1.6|4.3|0.368|8.9|19.2|0.462|6.2|7.3|0.847|3.7|8.9|12.6|2.9|1.2|1.1|4.6|4.8|28.6|103.0|106.0
3|2000-01|25.0|NJN|NBA|SF|49.0|47.0|1733.0|9.3|21.4|0.435|2.0|5.1|0.382|7.3|16.2|0.452|4.5|5.6|0.8059999999999999|2.4|8.1|10.5|2.5|1.2|0.6|3.1|4.5|25.1|102.0|106.0
4|2001-02|26.0|NJN|NBA|SF|81.0|81.0|2465.0|10.0|23.1|0.433|2.1|6.2|0.345|7.8|16.9|0.465|3.3|4.1|0.8|2.9|10.0|12.9|3.5|1.3|0.9|3.1|4.7|25.4|102.0|99.0
5|2002-03|27.0|PHI|NBA|PF|74.0|73.0|2337.0|10.3|21.4|0.48200000000000004|1.5|4.0|0.369|8.9|17.4|0.508|4.3|5.4|0.804|3.6|8.2|11.8|2.1|1.4|0.7|3.4|5.6|26.4|107.0|103.0
7|2003-04|28.0|NYK|NBA|SF|47.0|47.0|1574.0|9.3|20.9|0.445|2.0|5.5|0.373|7.3|15.4|0.47100000000000003|5.6|6.8|0.8190000000000001|3.3|8.3|11.7|2.8|1.8|0.6|4.1|5.1|26.2|104.0|103.0
8|2003-04|28.0|MIL|NBA|SF|25.0|15.0|766.0|9.4|19.8|0.47200000000000003|2.3|4.9|0.45799999999999996|7.1|14.9|0.47700000000000004|5.9|6.2|0.945|3.5|7.3|10.8|2.5|1.1|1.0|3.4|4.4|26.9|113.0|106.0
10|2004-05|29.0|MIL|NBA|SF|33.0|13.0|818.0|8.3|18.4|0.449|1.9|5.0|0.385|6.3|13.4|0.473|3.6|4.2|0.862|3.6|7.1|10.7|2.7|1.4|0.7|3.0|5.3|22.1|107.0|110.0
11|2004-05|29.0|DAL|NBA|PF|29.0|3.0|684.0|9.8|21.1|0.462|1.8|4.8|0.375|7.9|16.3|0.488|5.4|7.0|0.7829999999999999|2.6|7.2|9.8|2.6|1.1|0.8|2.6|6.7|26.8|112.0|106.0
12|2005-06|30.0|DAL|NBA|SF|53.0|0.0|1090.0|8.2|19.4|0.424|2.5|6.8|0.368|5.7|12.6|0.45399999999999996|4.7|5.7|0.8320000000000001|2.7|6.9|9.6|1.9|1.6|0.6|3.6|6.1|23.7|106.0|106.0
