|Season|Age|Tm|Lg|Pos|G|MP|FG%|Dist.|% of 2PA|% of 0-3|% of 3-10|% of 10-16|% of 16-3pt|% of 3P|2P %FG|0-3 %FG|3-10 %FG|10-16 %FG|16-3pt%FG|3P %FG|2P % Assisted|% of Dunks|Dunks Made|3P % Assisted|% of 3PA from Corner|Corner 3 %FG |Heaves Attempted|Heaves Made
0|2010-11|23.0|MIN|NBA|SG|79.0|2069.0|0.397|18.5|0.5760000000000001|0.12|0.062|0.07|0.324|0.424|0.42700000000000005|0.659|0.262|0.396|0.38|0.35600000000000004|0.595|0.047|27.0|0.845|0.24600000000000002|0.39399999999999996|0.0|0.0
1|2011-12|24.0|MIN|NBA|SF|65.0|1469.0|0.39799999999999996|17.8|0.574|0.166|0.043|0.055|0.31|0.426|0.461|0.7120000000000001|0.41200000000000003|0.455|0.33299999999999996|0.314|0.648|0.073|27.0|0.925|0.391|0.273|0.0|0.0
2|2012-13|25.0|PHO|NBA|SF|50.0|953.0|0.40700000000000003|18.4|0.609|0.10099999999999999|0.068|0.106|0.33299999999999996|0.391|0.461|0.675|0.37|0.405|0.43200000000000005|0.32299999999999995|0.64|0.02|8.0|0.94|0.32899999999999996|0.33299999999999996|0.0|0.0
3|2013-14|26.0|LAL|NBA|SF|79.0|2240.0|0.425|16.1|0.584|0.23800000000000002|0.071|0.068|0.207|0.41600000000000004|0.466|0.639|0.37|0.341|0.341|0.369|0.7909999999999999|0.1|53.0|0.96|0.34700000000000003|0.36200000000000004|0.0|0.0
4|2014-15|27.0|LAL|NBA|SF|76.0|2245.0|0.414|17.1|0.625|0.156|0.052000000000000005|0.107|0.305|0.375|0.451|0.7040000000000001|0.444|0.392|0.34600000000000003|0.35100000000000003|0.6509999999999999|0.055|35.0|0.9229999999999999|0.336|0.368|1.0|0.0
5|2015-16|28.0|LAC|NBA|SF|80.0|1666.0|0.40399999999999997|18.9|0.4|0.14|0.037000000000000005|0.047|0.177|0.6|0.51|0.708|0.474|0.45799999999999996|0.374|0.33299999999999996|0.867|0.045|20.0|0.981|0.424|0.42|0.0|0.0
6|2016-17|29.0|LAC|NBA|SF|68.0|810.0|0.365|19.5|0.41|0.15|0.035|0.04|0.185|0.59|0.537|0.633|0.7140000000000001|0.5|0.43200000000000005|0.24600000000000002|0.773|0.05|9.0|1.0|0.364|0.302|1.0|0.0
7|2017-18|30.0|LAC|NBA|SF|74.0|1486.0|0.408|17.5|0.519|0.155|0.038|0.079|0.247|0.48100000000000004|0.47100000000000003|0.649|0.28600000000000003|0.379|0.418|0.33899999999999997|0.7559999999999999|0.046|16.0|0.9|0.537|0.389|1.0|0.0
9|2018-19|31.0|NOP|NBA|SF|26.0|377.0|0.39799999999999996|19.0|0.43200000000000005|0.125|0.034|0.068|0.205|0.568|0.42100000000000004|0.818|0.0|0.16699999999999998|0.33299999999999996|0.38|0.625|0.034|3.0|0.895|0.5|0.32|0.0|0.0
10|2018-19|31.0|WAS|NBA|SF|12.0|157.0|0.25|20.8|0.35|0.05|0.025|0.125|0.15|0.65|0.28600000000000003|0.5|1.0|0.0|0.33299999999999996|0.231|0.75|0.0|0.0|1.0|0.5770000000000001|0.067|0.0|0.0
