|Season|Age|Tm|Lg|Pos|G|MP|PER|TS%|3PAr|FTr|ORB%|DRB%|TRB%|AST%|STL%|BLK%|TOV%|USG%|OWS|DWS|WS|WS/48|OBPM|DBPM|BPM|VORP
0|1981-82|22.0|POR|NBA|PG|82.0|1387.0|13.1|0.486|0.02|0.442|3.9|8.1|6.0|24.9|3.2|0.1|19.0|19.8|0.3|1.4|1.7|0.059000000000000004|-1.7|-0.1|-1.8|0.1
1|1982-83|23.0|POR|NBA|PG|47.0|1298.0|17.3|0.53|0.002|0.46299999999999997|2.9|7.2|5.1|31.6|3.7|0.2|19.1|21.4|1.7|1.7|3.4|0.124|1.3|-0.1|1.1|1.0
2|1983-84|24.0|POR|NBA|PG|68.0|1893.0|13.8|0.52|0.005|0.439|3.0|5.0|4.0|26.6|2.7|0.2|18.2|17.4|2.1|1.6|3.7|0.09300000000000001|-0.1|-1.1|-1.2|0.4
3|1984-85|25.0|POR|NBA|PG|75.0|2278.0|15.1|0.541|0.003|0.42700000000000005|2.7|8.1|5.4|28.9|2.9|0.1|19.4|17.4|2.6|2.4|5.0|0.106|0.4|-0.5|-0.1|1.1
5|1985-86|26.0|POR|NBA|PG|28.0|734.0|12.7|0.512|0.015|0.485|3.1|8.0|5.6|24.2|3.1|0.1|18.8|16.6|0.4|0.7|1.1|0.07400000000000001|-0.9|0.0|-0.9|0.2
6|1985-86|26.0|LAC|NBA|PG|34.0|483.0|11.8|0.465|0.06|0.41200000000000003|2.7|9.5|6.1|31.0|2.2|0.1|21.0|22.6|-0.3|0.2|-0.2|-0.017|-2.8|-2.5|-5.2|-0.4
7|1986-87|27.0|LAC|NBA|PG|65.0|1759.0|14.5|0.478|0.083|0.298|2.2|7.6|4.7|37.3|3.1|0.3|18.0|21.0|0.0|1.1|1.1|0.028999999999999998|-0.9|-1.6|-2.5|-0.2
8|1987-88|28.0|LAC|NBA|PG|79.0|1636.0|13.5|0.474|0.062|0.255|2.3|8.0|5.1|34.9|3.6|0.3|20.0|18.4|-0.5|2.0|1.5|0.043|-2.3|-0.1|-2.4|-0.1
9|1988-89|29.0|CLE|NBA|SG|77.0|1086.0|11.5|0.49700000000000005|0.044000000000000004|0.35100000000000003|2.4|8.0|5.3|21.3|2.6|0.4|18.4|17.7|0.1|1.5|1.7|0.07400000000000001|-2.9|0.0|-2.8|-0.2
10|1990-91|31.0|CLE|NBA|PG|65.0|1841.0|13.5|0.5329999999999999|0.05|0.34700000000000003|2.3|8.5|5.4|27.4|2.7|0.4|18.1|16.5|1.5|1.7|3.1|0.08199999999999999|-0.8|-0.2|-1.1|0.4
