|Season|Age|Tm|Lg|Pos|G|GS|MP|FG|FGA|FG%|3P|3PA|3P%|2P|2PA|2P%|FT|FTA|FT%|ORB|DRB|TRB|AST|STL|BLK|TOV|PF|PTS
0|1981-82|22.0|POR|NBA|PG|82.0|14.0|1387.0|4.9|11.8|0.413|0.0|0.2|0.0|4.9|11.5|0.42100000000000004|3.9|5.2|0.76|1.2|2.6|3.9|7.0|2.4|0.1|3.3|4.9|13.7
1|1982-83|23.0|POR|NBA|PG|47.0|36.0|1298.0|5.8|12.8|0.45399999999999996|0.0|0.0|0.0|5.8|12.7|0.455|4.7|5.9|0.7929999999999999|0.9|2.3|3.2|8.1|2.8|0.1|3.6|3.9|16.3
2|1983-84|24.0|POR|NBA|PG|68.0|60.0|1893.0|4.8|10.7|0.447|0.0|0.1|0.0|4.8|10.6|0.45|3.7|4.7|0.789|0.9|1.5|2.4|7.5|2.0|0.1|2.8|3.4|13.2
3|1984-85|25.0|POR|NBA|PG|75.0|59.0|2278.0|5.1|10.7|0.473|0.0|0.0|0.0|5.1|10.7|0.474|3.6|4.6|0.7929999999999999|0.9|2.6|3.5|8.2|2.3|0.1|3.1|3.0|13.8
5|1985-86|26.0|POR|NBA|PG|28.0|27.0|734.0|4.5|10.1|0.447|0.0|0.1|0.33299999999999996|4.5|10.0|0.44799999999999995|3.5|4.9|0.71|1.0|2.6|3.5|6.8|2.4|0.0|2.8|3.8|12.6
6|1985-86|26.0|LAC|NBA|PG|34.0|2.0|483.0|5.1|13.6|0.379|0.2|0.8|0.273|4.9|12.7|0.386|4.4|5.6|0.787|0.9|3.1|4.0|8.0|1.7|0.1|4.2|3.4|14.9
7|1986-87|27.0|LAC|NBA|PG|65.0|52.0|1759.0|5.6|13.7|0.41|0.3|1.1|0.23199999999999998|5.4|12.6|0.426|3.3|4.1|0.815|0.8|2.3|3.1|9.1|2.4|0.2|3.4|3.0|14.9
8|1987-88|28.0|LAC|NBA|PG|79.0|31.0|1636.0|4.9|11.7|0.418|0.3|0.7|0.455|4.6|11.0|0.41600000000000004|2.2|3.0|0.743|0.8|2.6|3.4|8.4|2.7|0.2|3.3|3.0|12.4
9|1988-89|29.0|CLE|NBA|SG|77.0|4.0|1086.0|4.5|10.6|0.426|0.1|0.5|0.214|4.4|10.1|0.436|3.0|3.7|0.813|0.7|2.7|3.4|5.8|1.9|0.2|2.8|2.9|12.1
10|1990-91|31.0|CLE|NBA|PG|65.0|60.0|1841.0|4.5|9.7|0.46399999999999997|0.1|0.5|0.24|4.4|9.2|0.47600000000000003|2.8|3.4|0.831|0.7|2.6|3.4|6.9|1.9|0.2|2.5|3.3|11.9
