|Season|Age|Tm|Lg|MP|FG|FGA|3P|3PA|2P|2PA|FT|FTA|ORB|DRB|TRB|AST|STL|BLK|TOV|PF|PTS|GmSc
0|1988-89|23.0|CHI|NBA||4|7|0|0|4|7|2|2|2|3|4|2|2|1|4|4|9|5.1
1|1989-90|24.0|CHI|NBA||5|10|0|1|5|10|8|12|4|6|8|3|3|2|4|5|14|13.4
2|1990-91|25.0|CHI|NBA||5|11|0|1|5|11|9|10|9|9|14|4|2|4|5|6|15|16.5
3|1991-92|26.0|CHI|NBA||8|11|1|1|8|11|3|6|6|10|14|5|2|4|4|6|16|17.3
4|1992-93|27.0|CHI|NBA||7|11|0|1|7|11|5|6|8|12|13|5|3|3|4|6|17|16.0
5|1993-94|28.0|CHI|NBA||4|9|0|1|4|9|3|4|6|6|9|4|1|2|4|5|11|11.9
6|1994-95|29.0|CHI|NBA||8|13|0|1|8|13|9|14|7|10|15|4|3|3|6|6|19|17.3
7|1995-96|30.0|SAS|NBA||8|14|0|1|8|14|5|8|7|13|17|4|2|5|4|5|18|16.1
8|1996-97|31.0|SAS|NBA||9|13|0|0|9|13|8|9|12|16|23|2|3|9|4|6|19|24.1
9|1997-98|32.0|SAS|NBA||9|13|0|1|9|13|4|9|8|13|19|4|3|4|4|5|21|21.5
10|1998-99|33.0|SAS|NBA||4|7|0|0|4|7|3|4|4|9|11|2|2|2|3|4|8|10.1
11|1999-00|34.0|CHI|NBA||4|8|0|0|4|8|5|7|6|9|11|3|2|4|4|6|13|13.7
12|2000-01|35.0|POR|NBA||2|3|0|0|2|3|2|4|2|3|5|1|1|1|0|5|6|5.9
