|Season|Age|Tm|Lg|Pos|G|GS|MP|FG|FGA|FG%|3P|3PA|3P%|2P|2PA|2P%|FT|FTA|FT%|ORB|DRB|TRB|AST|STL|BLK|TOV|PF|PTS|ORtg|DRtg
0|1988-89|23.0|CHI|NBA|C|3.0|0.0|22.0|14.4|21.6|0.667|0.0|2.4|0.0|14.4|19.2|0.75|4.8|7.2|0.667|7.2|7.2|14.4|4.8|0.0|0.0|0.0|9.6|33.5|150.0|111.0
1|1989-90|24.0|CHI|NBA|C|13.0|0.0|78.0|8.6|18.6|0.46399999999999997|0.7|1.3|0.5|8.0|17.3|0.462|8.6|11.9|0.722|4.6|8.0|12.6|1.3|0.0|3.3|2.7|8.6|26.6|114.0|106.0
2|1990-91|25.0|CHI|NBA|C|17.0|0.0|198.0|8.0|14.6|0.547|0.0|0.0||8.0|14.6|0.547|3.3|6.1|0.545|8.8|9.1|17.9|1.1|0.6|2.2|3.9|11.3|19.3|110.0|104.0
3|1991-92|26.0|CHI|NBA|C|18.0|0.0|157.0|6.2|12.7|0.486|0.0|0.3|0.0|6.2|12.4|0.5|3.1|6.9|0.45|6.2|7.6|13.7|3.1|1.0|3.4|4.1|11.7|15.5|97.0|104.0
4|1992-93|27.0|CHI|NBA|C|13.0|0.0|101.0|5.4|10.7|0.5|0.0|0.0||5.4|10.7|0.5|2.7|5.4|0.5|8.1|8.1|16.1|2.7|0.5|1.1|4.3|9.7|13.4|101.0|108.0
5|1994-95|29.0|CHI|NBA|C|10.0|2.0|176.0|5.9|11.5|0.514|0.0|0.0||5.9|11.5|0.514|3.7|6.5|0.5710000000000001|5.6|9.3|15.0|1.9|0.3|0.9|3.1|8.4|15.6|106.0|110.0
6|1995-96|30.0|SAS|NBA|C|10.0|2.0|242.0|6.6|9.6|0.69|0.0|0.0||6.6|9.6|0.69|3.7|4.6|0.8|5.9|12.1|18.0|1.1|0.5|0.9|2.5|5.5|16.9|131.0|110.0
7|1997-98|32.0|SAS|NBA|C|9.0|7.0|191.0|2.6|7.9|0.33299999999999996|0.0|0.0||2.6|7.9|0.33299999999999996|5.2|6.1|0.857|7.0|10.5|17.5|0.3|1.7|2.6|3.2|7.6|10.5|102.0|97.0
8|1998-99|33.0|SAS|NBA|C|12.0|0.0|86.0|3.9|7.2|0.545|0.0|0.0||3.9|7.2|0.545|0.7|1.3|0.5|5.9|12.4|18.3|0.0|0.0|0.7|2.0|12.4|8.5|107.0|95.0
9|2000-01|35.0|POR|NBA|C|3.0|0.0|5.0|0.0|0.0||0.0|0.0||0.0|0.0||0.0|21.0|0.0|10.5|10.5|21.0|0.0|0.0|0.0|0.0|0.0|0.0|57.0|114.0
