player_id|Rk|Unnamed: 1|Age|G|GS|MP|FG|FGA|FG%|FT|FTA|FT%|TRB|AST|PF|PTS|player_id
seymopa01|1|Paul Seymour|26|71||2727|316|838|0.377|299|368|0.813|291|364|187|931|seymopa01
schaydo01|2|Dolph Schayes|25|72||2655|370|973|0.38|488|590|0.8270000000000001|870|214|232|1228|schaydo01
kingge01|3|George King|25|72||2370|280|744|0.376|257|410|0.627|268|272|179|817|kingge01
lloydea01|4|Earl Lloyd|25|72||2206|249|666|0.374|156|209|0.746|529|115|303|654|lloydea01
osterwa01|5|Wally Osterkorn|25|70||2164|203|586|0.34600000000000003|209|361|0.579|487|151|209|615|osterwa01
kenvibi01|6|Billy Kenville|23|72||1405|149|388|0.384|136|182|0.747|247|122|138|434|kenvibi01
gaborbi01|7|Bill Gabor|31|61||1211|204|551|0.37|139|194|0.716|96|162|183|547|gaborbi01
lavoybo01|8|Bob Lavoy|27|60||1152|119|320|0.37200000000000005|85|113|0.752|287|68|196|323|lavoybo01
nealji01|9|Jim Neal|23|67||899|117|369|0.317|78|132|0.591|257|24|139|312|nealji01
govedba01|10|Bato Govedarica|25|23||258|25|79|0.316|25|37|0.6759999999999999|18|24|44|75|govedba01
masinal01|11|Al Masino|25|16||131|18|46|0.391|23|37|0.622|21|15|24|59|masinal01
knostdi01|12|Dick Knostman|22|5||47|3|10|0.3|7|11|0.636|17|6|9|13|knostdi01
novakmi01|13|Mike Novak|38|5||24|0|7|0.0|1|2|0.5|2|2|9|1|novakmi01
earleed01|14|Ed Earle|26|2||12|1|2|0.5|2|4|0.5|2|0|0|4|earleed01
