|Season|Age|Tm|Lg|Pos|G|GS|MP|FG|FGA|FG%|3P|3PA|3P%|2P|2PA|2P%|FT|FTA|FT%|ORB|DRB|TRB|AST|STL|BLK|TOV|PF|PTS|ORtg|DRtg
0|1973-74|24.0|CAR|ABA|PF|81.0||2284.0|9.0|17.1|0.527|0.0|0.1|0.33299999999999996|9.0|17.0|0.528|4.6|6.0|0.769|6.1|8.4|14.5|2.6|1.1|0.8|3.5|6.2|22.6|114.0|102.0
2|1974-75|25.0|SSL|ABA|C|5.0||89.0|7.2|13.3|0.5379999999999999|0.0|0.0||7.2|13.3|0.5379999999999999|2.6|4.6|0.556|5.6|7.7|13.3|3.6|1.0|1.5|3.1|4.6|16.9|110.0|107.0
3|1974-75|25.0|MMS|ABA|C|77.0||2558.0|9.4|17.8|0.527|0.0|0.0|0.0|9.4|17.8|0.528|4.0|5.3|0.757|5.4|11.2|16.6|3.8|0.6|1.5|2.8|4.8|22.7|114.0|105.0
5|1975-76|26.0|KEN|ABA|C|19.0||326.0|6.4|14.6|0.43799999999999994|0.0|0.0||6.4|14.6|0.43799999999999994|3.6|6.1|0.591|4.6|8.3|12.9|2.6|0.8|2.4|3.6|7.0|16.4|96.0|101.0
6|1975-76|26.0|INA|ABA|C|16.0||243.0|7.7|15.0|0.512|0.0|0.0||7.7|15.0|0.512|3.7|4.6|0.8|5.1|7.5|12.7|1.7|0.4|2.0|3.5|9.7|19.1|106.0|105.0
7|1975-76|26.0|SAA|ABA|C|39.0||538.0|7.5|15.2|0.495|0.0|0.0||7.5|15.2|0.495|3.8|5.0|0.767|4.5|8.4|13.0|3.4|0.3|1.1|2.4|8.1|18.9|114.0|105.0
8|1976-77|27.0|HOU|NBA|C|46.0||462.0|7.0|13.8|0.504||||7.0|13.8|0.504|5.3|7.8|0.684|4.8|9.7|14.6|1.8|0.4|1.3||9.8|19.3||102.0
9|1977-78|28.0|POR|NBA|C|82.0||1714.0|8.4|17.2|0.49||||8.4|17.2|0.49|5.5|7.5|0.741|5.2|9.3|14.5|4.3|0.9|1.0|4.1|7.1|22.4|107.0|97.0
10|1978-79|29.0|POR|NBA|C|82.0||2791.0|10.0|18.2|0.5479999999999999||||10.0|18.2|0.5479999999999999|5.3|6.7|0.794|4.4|7.9|12.3|5.0|1.0|1.0|4.1|5.5|25.3|115.0|104.0
11|1979-80|30.0|POR|NBA|C|76.0||2337.0|10.8|21.0|0.514|0.0|0.0|0.5|10.8|21.0|0.514|4.4|5.9|0.753|3.9|8.0|11.9|4.0|0.9|1.1|3.6|5.6|26.0|110.0|104.0
12|1980-81|31.0|POR|NBA|PF|79.0||1843.0|8.1|15.9|0.511|0.0|0.1|0.0|8.1|15.8|0.514|4.8|6.3|0.764|4.2|7.4|11.5|3.5|0.9|1.2|3.3|6.9|21.1|111.0|106.0
13|1981-82|32.0|IND|NBA|PF|74.0|40.0|1599.0|9.1|19.3|0.47|0.0|0.1|0.5|9.1|19.3|0.47|5.5|6.9|0.8009999999999999|4.3|7.0|11.3|3.9|1.2|1.1|4.2|7.9|23.7|103.0|105.0
14|1982-83|33.0|DET|NBA|C|49.0|4.0|725.0|5.1|12.0|0.42200000000000004|0.0|0.0||5.1|12.0|0.42200000000000004|2.8|4.1|0.682|4.1|7.5|11.6|2.8|0.8|0.9|3.0|7.2|12.9|96.0|106.0
