|Season|Age|Tm|Lg|Pos|G|GS|MP|FG|FGA|FG%|3P|3PA|3P%|2P|2PA|2P%|eFG%|FT|FTA|FT%|ORB|DRB|TRB|AST|STL|BLK|TOV|PF|PTS
0|1972-73|23.0|CAR|ABA|C|12.0||377.0|65.0|127.0|0.512|0.0|0.0||65.0|127.0|0.512|0.512|45.0|60.0|0.75|53.0|84.0|137.0|19.0|||19.0|49.0|175.0
1|1973-74|24.0|CAR|ABA|PF|4.0||78.0|15.0|36.0|0.41700000000000004|0.0|0.0||15.0|36.0|0.41700000000000004|0.41700000000000004|1.0|3.0|0.33299999999999996|7.0|8.0|15.0|5.0|1.0|0.0|4.0|18.0|31.0
2|1974-75|25.0|MMS|ABA|C|5.0||207.0|48.0|87.0|0.552|0.0|0.0||48.0|87.0|0.552|0.552|13.0|19.0|0.684|19.0|43.0|62.0|10.0|3.0|1.0|7.0|20.0|109.0
3|1975-76|26.0|SAA|ABA|C|7.0||89.0|8.0|24.0|0.33299999999999996|0.0|1.0|0.0|8.0|23.0|0.348|0.33299999999999996|7.0|14.0|0.5|11.0|13.0|24.0|2.0|2.0|2.0|3.0|15.0|23.0
4|1976-77|27.0|HOU|NBA|C|3.0||7.0|0.0|1.0|0.0||||0.0|1.0|0.0|0.0|0.0|0.0||0.0|2.0|2.0|0.0|1.0|0.0||1.0|0.0
5|1977-78|28.0|POR|NBA|C|6.0||200.0|38.0|69.0|0.551||||38.0|69.0|0.551|0.551|15.0|21.0|0.7140000000000001|13.0|26.0|39.0|26.0|5.0|7.0|7.0|30.0|91.0
6|1978-79|29.0|POR|NBA|C|3.0||80.0|15.0|31.0|0.484||||15.0|31.0|0.484|0.484|5.0|8.0|0.625|9.0|10.0|19.0|5.0|4.0|1.0|7.0|16.0|35.0
7|1979-80|30.0|POR|NBA|C|3.0||83.0|14.0|26.0|0.5379999999999999|0.0|0.0||14.0|26.0|0.5379999999999999|0.5379999999999999|5.0|8.0|0.625|13.0|8.0|21.0|2.0|1.0|2.0|5.0|14.0|33.0
8|1980-81|31.0|POR|NBA|PF|1.0||5.0|0.0|0.0||0.0|0.0||0.0|0.0|||0.0|0.0||0.0|1.0|1.0|0.0|0.0|0.0|0.0|1.0|0.0
