|Season|Age|Tm|Lg|MP|FG|FGA|3P|3PA|2P|2PA|FT|FTA|ORB|DRB|TRB|AST|STL|BLK|TOV|PF|PTS|GmSc
0|1990-91|21.0|SEA|NBA||6|15|0|1|6|15|9|10|4|7|11|2|2|2|5|6|19|13.6
1|1991-92|22.0|SEA|NBA||10|16|0|0|10|16|12|15|8|12|20|1|1|4|5|5|28|24.9
2|1992-93|23.0|SEA|NBA||13|24|0|0|13|24|10|10|11|13|18|5|4|7|5|6|33|31.5
3|1993-94|24.0|SEA|NBA||7|17|0|0|7|17|7|10|7|11|13|6|2|4|3|5|19|16.4
4|1994-95|25.0|SEA|NBA||10|16|1|1|9|16|12|13|5|13|18|4|4|4|5|5|30|27.8
5|1995-96|26.0|SEA|NBA||13|19|0|1|13|19|14|16|8|13|18|5|6|5|9|6|32|26.5
6|1996-97|27.0|SEA|NBA||11|21|1|2|11|20|14|16|8|17|20|5|2|3|8|6|28|24.4
7|1997-98|28.0|CLE|NBA||11|22|0|0|11|22|13|16|7|8|13|4|3|1|6|4|31|22.3
8|2001-02|32.0|POR|NBA||1|3|0|0|1|3|5|6|2|4|4|0|1|0|2|5|7|5.1
9|2002-03|33.0|ORL|NBA||3|6|0|0|3|6|3|4|1|4|4|0|0|0|2|4|6|3.3
