|Season|Age|Tm|Lg|Pos|G|MP|FG%|Dist.|% of 2PA|% of 0-3|% of 3-10|% of 10-16|% of 16-3pt|% of 3P|2P %FG|0-3 %FG|3-10 %FG|10-16 %FG|16-3pt%FG|3P %FG|2P % Assisted|% of Dunks|Dunks Made|3P % Assisted|% of 3PA from Corner|Corner 3 %FG |Heaves Attempted|Heaves Made
0|2000-01|26.0|DAL|NBA|PG|70.0|2387.0|0.48700000000000004|12.7|0.723|0.284|0.138|0.135|0.16699999999999998|0.27699999999999997|0.518|0.627|0.321|0.486|0.523|0.406|0.209|0.0|0.0|0.618|0.196|0.349|0.0|0.0
1|2001-02|27.0|DAL|NBA|PG|82.0|2837.0|0.483|14.8|0.685|0.222|0.09699999999999999|0.14|0.226|0.315|0.495|0.618|0.368|0.474|0.44299999999999995|0.455|0.20600000000000002|0.0|0.0|0.564|0.12|0.46299999999999997|0.0|0.0
2|2002-03|28.0|DAL|NBA|PG|82.0|2711.0|0.465|12.8|0.759|0.259|0.154|0.152|0.195|0.24100000000000002|0.48200000000000004|0.625|0.386|0.408|0.424|0.413|0.18899999999999997|0.0|0.0|0.613|0.08199999999999999|0.591|0.0|0.0
3|2003-04|29.0|DAL|NBA|PG|78.0|2612.0|0.47|14.4|0.696|0.226|0.127|0.138|0.205|0.304|0.498|0.55|0.467|0.513|0.451|0.405|0.16699999999999998|0.0|0.0|0.5579999999999999|0.054000000000000006|0.5710000000000001|2.0|0.0
4|2004-05|30.0|PHO|NBA|PG|75.0|2573.0|0.502|14.6|0.746|0.201|0.083|0.18|0.282|0.254|0.526|0.605|0.465|0.461|0.529|0.431|0.10099999999999999|0.0|0.0|0.564|0.11|0.33299999999999996|0.0|0.0
5|2005-06|31.0|PHO|NBA|PG|79.0|2796.0|0.512|15.0|0.6759999999999999|0.233|0.092|0.11|0.24100000000000002|0.324|0.5479999999999999|0.703|0.45399999999999996|0.457|0.475|0.439|0.138|0.0|0.0|0.473|0.038|0.385|3.0|0.0
6|2006-07|32.0|PHO|NBA|PG|76.0|2682.0|0.532|15.1|0.647|0.226|0.085|0.146|0.18899999999999997|0.353|0.575|0.6759999999999999|0.5539999999999999|0.5|0.522|0.455|0.102|0.001|0.0|0.532|0.076|0.654|0.0|0.0
7|2007-08|33.0|PHO|NBA|PG|81.0|2780.0|0.504|17.2|0.604|0.14|0.071|0.153|0.24|0.396|0.527|0.607|0.382|0.517|0.528|0.47|0.105|0.0|0.0|0.425|0.06|0.478|0.0|0.0
8|2008-09|34.0|PHO|NBA|PG|74.0|2484.0|0.503|15.2|0.711|0.165|0.127|0.184|0.235|0.289|0.529|0.6709999999999999|0.546|0.433|0.495|0.439|0.106|0.0|0.0|0.361|0.049|0.41700000000000004|0.0|0.0
9|2009-10|35.0|PHO|NBA|PG|81.0|2660.0|0.507|15.9|0.705|0.155|0.091|0.177|0.281|0.295|0.54|0.725|0.456|0.54|0.466|0.426|0.061|0.0|0.0|0.266|0.031|0.556|2.0|0.0
10|2010-11|36.0|PHO|NBA|PG|75.0|2497.0|0.49200000000000005|14.8|0.747|0.147|0.163|0.18899999999999997|0.249|0.253|0.525|0.7390000000000001|0.49200000000000005|0.49|0.446|0.395|0.094|0.0|0.0|0.321|0.02|0.25|1.0|0.0
11|2011-12|37.0|PHO|NBA|PG|62.0|1961.0|0.532|15.1|0.746|0.187|0.10300000000000001|0.168|0.28800000000000003|0.254|0.58|0.74|0.544|0.495|0.5379999999999999|0.39|0.1|0.0|0.0|0.4|0.05|0.429|1.0|0.0
12|2012-13|38.0|LAL|NBA|PG|50.0|1627.0|0.49700000000000005|15.1|0.726|0.145|0.16|0.204|0.217|0.27399999999999997|0.519|0.6809999999999999|0.434|0.474|0.515|0.43799999999999994|0.201|0.0|0.0|0.86|0.077|0.4|1.0|0.0
13|2013-14|39.0|LAL|NBA|PG|15.0|313.0|0.38299999999999995|15.7|0.745|0.11699999999999999|0.085|0.33|0.213|0.255|0.4|0.455|0.5|0.387|0.35|0.33299999999999996|0.14300000000000002|0.0|0.0|0.75|0.0||0.0|0.0
