|Season|Age|Tm|Lg|Pos|G|GS|MP|FG|FGA|FG%|3P|3PA|3P%|2P|2PA|2P%|FT|FTA|FT%|ORB|DRB|TRB|AST|STL|BLK|TOV|PF|PTS|ORtg|DRtg
0|1973-74|24.0|NYK|NBA|PG|66.0||986.0|9.9|21.9|0.452||||9.9|21.9|0.452|3.4|4.1|0.83|2.3|4.0|6.3|4.3|3.1|0.1||5.8|23.2||93.0
2|1974-75|25.0|NYK|NBA|PG|47.0||876.0|9.5|21.3|0.44799999999999995||||9.5|21.3|0.44799999999999995|3.7|5.1|0.7190000000000001|1.5|3.1|4.6|5.6|1.5|0.2||5.1|22.7||101.0
3|1974-75|25.0|NOJ|NBA|PG|28.0||524.0|7.6|18.3|0.41600000000000004||||7.6|18.3|0.41600000000000004|5.7|7.8|0.731|1.5|2.7|4.2|6.4|2.1|0.0||5.1|20.9||101.0
4|1975-76|26.0|NOJ|NBA|PG|79.0||1772.0|6.8|15.8|0.428||||6.8|15.8|0.428|5.1|6.4|0.797|1.5|3.1|4.5|5.7|1.6|0.1||4.2|18.6||100.0
5|1976-77|27.0|PHI|NBA|PG|81.0||2639.0|5.1|11.8|0.43||||5.1|11.8|0.43|3.7|4.7|0.784|1.4|3.1|4.6|6.0|1.8|0.1||3.4|13.8||101.0
6|1977-78|28.0|PHI|NBA|PG|82.0||2518.0|5.0|11.6|0.434||||5.0|11.6|0.434|3.0|3.9|0.7809999999999999|1.1|3.3|4.4|8.2|1.6|0.1|2.7|3.6|13.1|105.0|104.0
7|1978-79|29.0|PHI|NBA|PG|82.0||2538.0|6.5|15.4|0.423||||6.5|15.4|0.423|4.7|5.9|0.794|1.3|3.0|4.3|6.6|1.3|0.1|3.5|3.5|17.8|100.0|105.0
8|1979-80|30.0|PHI|NBA|PG|82.0||2035.0|5.7|14.3|0.401|0.3|1.2|0.212|5.5|13.1|0.418|5.2|6.5|0.79|1.5|3.3|4.8|7.0|1.4|0.1|3.4|3.7|16.9|102.0|105.0
9|1980-81|31.0|SDC|NBA|PG|73.0||1112.0|5.1|13.2|0.386|1.4|4.1|0.337|3.7|9.1|0.408|2.9|4.2|0.684|1.1|2.1|3.2|8.6|2.0|0.1|3.3|3.7|14.4|101.0|110.0
