player_id|Rk|Unnamed: 1|Age|G|MP|PER|TS%|3PAr|FTr|ORB%|DRB%|TRB%|AST%|STL%|BLK%|TOV%|USG%|Unnamed: 17|OWS|DWS|WS|WS/48|Unnamed: 22|OBPM|DBPM|BPM|VORP|player_id
iversal01|1|Allen Iverson|30|72|3103|25.9|0.5429999999999999|0.122|0.455|1.7|7.1|4.4|34.9|2.3|0.2|10.2|35.8||8.8|1.8|10.6|0.165||6.0|-2.5|3.5|4.3|iversal01
iguodan01|2|Andre Iguodala|22|82|3086|14.8|0.598|0.23|0.507|4.4|13.8|9.1|12.9|2.3|0.5|15.4|14.7||4.9|2.6|7.5|0.11599999999999999||1.2|0.9|2.1|3.2|iguodan01
webbech01|3|Chris Webber|32|75|2893|18.4|0.48200000000000004|0.054000000000000006|0.245|7.4|22.6|15.0|16.4|1.8|1.6|10.4|27.7||1.1|3.3|4.4|0.07400000000000001||-0.9|0.5|-0.4|1.2|webbech01
korveky01|4|Kyle Korver|24|82|2563|12.3|0.5770000000000001|0.5760000000000001|0.156|1.2|11.1|6.2|10.2|1.3|0.8|10.8|16.2||3.2|1.3|4.6|0.086||1.2|-1.4|-0.2|1.1|korveky01
salmojo01|5|John Salmons|26|82|2059|10.7|0.508|0.16699999999999998|0.384|2.7|9.8|6.3|16.7|1.8|0.5|17.0|16.3||0.5|1.2|1.7|0.04||-2.1|-0.9|-3.0|-0.5|salmojo01
dalemsa01|6|Samuel Dalembert|24|66|1761|14.2|0.568|0.003|0.358|10.6|25.4|18.0|2.2|1.0|6.9|20.0|13.8||0.9|2.6|3.6|0.09699999999999999||-3.8|2.2|-1.6|0.2|dalemsa01
huntest01|7|Steven Hunter|24|69|1312|13.9|0.598|0.0|0.474|9.8|14.4|12.1|2.1|0.5|4.4|15.4|14.4||1.5|1.0|2.5|0.09||-2.4|-0.5|-2.9|-0.3|huntest01
ollieke01|8|Kevin Ollie|33|70|1069|7.8|0.491|0.017|0.282|1.4|9.3|5.4|13.8|1.6|0.2|12.9|9.6||0.5|0.5|1.1|0.048||-3.4|-0.9|-4.3|-0.6|ollieke01
barnema02|9|Matt Barnes|25|50|538|10.8|0.578|0.1|0.391|8.9|12.2|10.5|6.3|1.5|1.0|15.7|13.0||0.6|0.4|1.0|0.09||-1.6|-1.0|-2.6|-0.1|barnema02
randosh01|10|Shavlik Randolph|22|57|487|12.6|0.511|0.0|0.732|13.2|18.8|16.0|5.9|2.0|1.9|14.1|14.0||0.5|0.5|1.1|0.105||-2.4|0.0|-2.4|0.0|randosh01
bradlmi01|11|Michael Bradley|26|46|367|8.4|0.41700000000000004|0.063|0.038|12.7|21.4|17.1|6.9|0.7|1.4|19.1|12.3||-0.2|0.3|0.1|0.019||-4.7|-0.7|-5.4|-0.3|bradlmi01
nailole01|12|Lee Nailon|30|22|237|14.5|0.537|0.0|0.188|11.3|9.4|10.4|5.0|1.7|1.3|10.4|18.6||0.3|0.2|0.5|0.096||-1.4|-2.2|-3.5|-0.1|nailole01
greenwi01|13|Willie Green|24|10|153|8.6|0.513|0.28800000000000003|0.076|0.8|10.7|5.7|5.7|0.7|0.0|15.0|23.9||-0.2|0.0|-0.1|-0.038||-4.5|-4.8|-9.3|-0.3|greenwi01
willilo02|14|Lou Williams|19|30|145|9.0|0.485|0.17300000000000001|0.25|2.4|12.9|7.7|11.6|1.8|0.0|18.4|22.2||-0.2|0.1|-0.1|-0.036000000000000004||-5.3|-2.8|-8.1|-0.2|willilo02
thomaja02|15|James Thomas|25|15|124|4.1|0.574|0.0|1.077|7.5|21.7|14.6|1.2|0.0|1.8|26.8|9.6||0.0|0.1|0.1|0.033||-6.1|-2.2|-8.3|-0.2|thomaja02
gaide01|16|Deng Gai|23|2|5|0.0||||0.0|0.0|0.0|0.0|0.0|0.0||0.0||0.0|0.0|0.0|-0.015||-6.3|-0.7|-7.0|0.0|gaide01
hamilze01|17|Zendon Hamilton|30|1|3|8.2|0.266|0.0|2.0|0.0|0.0|0.0|0.0|17.3|0.0|0.0|28.6||0.0|0.0|0.0|-0.057||-8.4|6.5|-1.9|0.0|hamilze01
