|Season|Age|Tm|Lg|Pos|G|GS|MP|FG|FGA|FG%|3P|3PA|3P%|2P|2PA|2P%|FT|FTA|FT%|ORB|DRB|TRB|AST|STL|BLK|TOV|PF|PTS|ORtg|DRtg
0|1974-75|22.0|INA|ABA|C|77.0||1414.0|7.0|16.9|0.41700000000000004|0.0|0.0|1.0|7.0|16.9|0.41600000000000004|2.3|3.0|0.774|4.8|8.0|12.8|1.1|2.2|2.9|2.7|7.8|16.4|98.0|102.0
1|1975-76|23.0|INA|ABA|PF|76.0||2591.0|8.3|20.5|0.402|0.0|0.1|0.0|8.3|20.5|0.40299999999999997|2.6|3.5|0.738|4.2|9.9|14.1|2.1|2.3|3.1|3.0|5.3|19.1|92.0|99.0
2|1976-77|24.0|IND|NBA|C|6.0||46.0|6.8|16.6|0.41200000000000003||||6.8|16.6|0.41200000000000003|3.9|4.9|0.8|6.8|7.8|14.6|1.9|0.0|3.9||10.7|17.5||101.0
3|1977-78|25.0|IND|NBA|C|69.0||1327.0|4.7|12.9|0.368||||4.7|12.9|0.368|2.9|4.4|0.667|4.6|9.4|14.0|2.7|2.5|2.4|2.4|5.8|12.4|93.0|97.0
4|1978-79|26.0|IND|NBA|C|80.0||1264.0|5.0|12.3|0.406||||5.0|12.3|0.406|2.0|2.8|0.718|4.1|10.3|14.5|2.7|2.2|2.8|2.6|6.6|12.0|95.0|98.0
5|1979-80|27.0|KCK|NBA|C|58.0||915.0|5.3|12.3|0.43|0.0|0.0||5.3|12.3|0.43|2.6|3.8|0.6890000000000001|3.8|9.3|13.1|3.3|2.1|2.0|3.4|7.8|13.2|93.0|97.0
6|1980-81|28.0|MIL|NBA|C|72.0||925.0|3.8|10.6|0.358|0.0|0.0||3.8|10.6|0.358|2.7|3.8|0.72|3.4|7.0|10.4|3.5|1.9|2.6|2.2|8.9|10.3|97.0|100.0
7|1981-82|29.0|NJN|NBA|C|81.0|70.0|2100.0|6.7|14.5|0.46|0.0|0.0||6.7|14.5|0.46|3.0|3.8|0.794|3.7|6.1|9.8|2.2|2.0|2.0|3.0|6.2|16.3|101.0|101.0
8|1982-83|30.0|NJN|NBA|C|74.0|0.0|975.0|4.6|11.6|0.39799999999999996|0.0|0.0|0.0|4.6|11.5|0.39899999999999997|2.6|4.0|0.643|3.8|7.4|11.3|1.8|2.1|1.8|3.9|5.9|11.7|85.0|97.0
9|1983-84|31.0|NYK|NBA|PF|65.0|5.0|832.0|3.7|9.1|0.408|0.0|0.0||3.7|9.1|0.408|1.6|2.2|0.711|3.6|6.0|9.6|1.7|1.7|1.7|2.7|8.9|9.0|91.0|102.0
