player_id|Rk|Unnamed: 1|Age|G|GS|MP|FG|FGA|FG%|3P|3PA|3P%|2P|2PA|2P%|eFG%|FT|FTA|FT%|ORB|DRB|TRB|AST|TOV|PF|PTS|player_id
beasljo01|1|John Beasley|26|83||2691|532|1070|0.49700000000000005|16|58|0.276|516|1012|0.51|0.505|236|285|0.828|303|462|765|147|109|206|1316|beasljo01
hamiljo01|2|Joe Hamilton|22|84||2564|500|1184|0.42200000000000004|85|285|0.298|415|899|0.462|0.45799999999999996|233|279|0.835|96|189|285|365|138|279|1318|hamiljo01
moorege01|3|Gene Moore|25|84||2243|467|972|0.48|2|6|0.33299999999999996|465|966|0.48100000000000004|0.48100000000000004|189|280|0.675|285|565|850|101|231|303|1125|moorege01
jonesri01|4|Rich Jones|24|79||2074|371|910|0.408|33|95|0.34700000000000003|338|815|0.415|0.426|175|230|0.7609999999999999|172|353|525|182|174|246|950|jonesri01
freemdo01|5|Donnie Freeman|26|42||1613|391|807|0.485|0|3|0.0|391|804|0.486|0.485|210|270|0.778|82|105|187|215|94|114|992|freemdo01
combsgl01|6|Glen Combs|24|42||1605|300|690|0.435|46|129|0.35700000000000004|254|561|0.45299999999999996|0.46799999999999997|213|272|0.7829999999999999|36|96|132|188|132|124|859|combsgl01
boonero01|7|Ron Boone|24|42||1313|345|755|0.457|25|65|0.385|320|690|0.46399999999999997|0.474|139|180|0.772|112|199|311|142|154|133|854|boonero01
hightwa01|8|Wayne Hightower|31|33||1220|172|421|0.409|0|2|0.0|172|419|0.41100000000000003|0.409|134|182|0.736|116|212|328|90|61|97|478|hightwa01
leaksma01|9|Manny Leaks|25|40||1187|236|527|0.44799999999999995|0|0||236|527|0.44799999999999995|0.44799999999999995|149|202|0.738|181|289|470|55|70|103|621|leaksma01
bedelbo01|10|Bob Bedell|26|71||970|176|441|0.39899999999999997|9|42|0.214|167|399|0.419|0.409|93|113|0.823|138|172|310|85|79|124|454|bedelbo01
tartle01|11|Levern Tart|28|33||821|165|409|0.40299999999999997|6|25|0.24|159|384|0.414|0.41100000000000003|96|120|0.8|51|82|133|101|80|87|432|tartle01
haganto01|12|Tom Hagan|24|45||656|98|236|0.415|12|40|0.3|86|196|0.439|0.441|43|61|0.705|33|49|82|102|52|76|251|haganto01
croftbo01|13|Bobby Croft|24|29||517|91|234|0.389|0|0||91|234|0.389|0.389|48|70|0.6859999999999999|61|80|141|26|27|70|230|croftbo01
beaslch01|14|Charles Beasley|25|43||486|52|125|0.41600000000000004|7|24|0.292|45|101|0.446|0.444|39|47|0.83|13|32|45|80|44|67|150|beaslch01
braddga01|15|Gary Bradds|28|19||207|35|82|0.42700000000000005|0|1|0.0|35|81|0.43200000000000005|0.42700000000000005|29|40|0.725|26|37|63|12|13|26|99|braddga01
johnsed01|16|Ed Johnson|26|8||159|22|47|0.46799999999999997|0|0||22|47|0.46799999999999997|0.46799999999999997|8|20|0.4|17|31|48|8|10|21|52|johnsed01
wittmgr01|17|Greg Wittman|23|5||30|4|13|0.308|0|1|0.0|4|12|0.33299999999999996|0.308|0|2|0.0|4|5|9|0|4|7|8|wittmgr01
daviswi01|18|Willie Davis|25|8||29|7|15|0.467|0|0||7|15|0.467|0.467|4|8|0.5|7|6|13|2|3|10|18|daviswi01
