player_id|Rk|Unnamed: 1|Age|G|GS|MP|FG|FGA|FG%|FT|FTA|FT%|TRB|AST|PF|PTS/G|player_id
reedwi01|1|Willis Reed|25|81||35.5|8.1|16.6|0.49|4.5|6.3|0.721|13.2|2.0|4.2|20.8|reedwi01
bellawa01|2|Walt Bellamy|28|82||32.9|6.2|11.5|0.541|4.3|6.5|0.662|11.7|2.0|3.2|16.7|bellawa01
barnedi01|3|Dick Barnett|31|81||30.7|6.9|14.3|0.48200000000000004|4.2|5.4|0.78|2.9|3.0|2.7|18.0|barnedi01
vanardi01|4|Dick Van Arsdale|24|78||30.1|4.1|9.3|0.436|2.9|4.3|0.67|5.4|2.9|2.9|11.0|vanardi01
russeca01|5|Cazzie Russell|23|82||28.0|6.7|14.5|0.462|3.4|4.3|0.8079999999999999|4.6|2.4|2.7|16.9|russeca01
fraziwa01|6|Walt Frazier|22|74||21.5|3.5|7.7|0.451|2.1|3.2|0.655|4.2|4.1|2.7|9.0|fraziwa01
komivho01|7|Howard Komives|26|78||21.3|3.0|8.1|0.369|1.7|2.1|0.82|2.2|3.2|2.2|7.7|komivho01
bradlbi01|8|Bill Bradley|24|45||19.4|3.2|7.6|0.41600000000000004|1.7|2.3|0.731|2.5|3.0|3.1|8.0|bradlbi01
jacksph01|9|Phil Jackson|22|75||14.6|2.4|6.1|0.4|1.3|2.2|0.589|4.5|0.7|2.8|6.2|jacksph01
crawffr01|10|Freddie Crawford|26|31||13.7|2.1|5.7|0.36700000000000005|1.2|1.9|0.627|2.7|1.5|2.2|5.4|crawffr01
bryanem01|11|Em Bryant|29|77||12.6|1.5|3.8|0.385|0.8|1.1|0.6859999999999999|1.7|1.7|2.2|3.7|bryanem01
johnsne02|12|Neil Johnson|24|43||6.7|1.0|2.5|0.415|0.5|1.1|0.479|1.7|0.8|1.5|2.6|johnsne02
bowmana01|13|Nate Bowman|24|42||6.5|1.2|3.2|0.38799999999999996|0.2|0.4|0.667|2.7|0.5|1.6|2.7|bowmana01
caldwji01|14|Jim Caldwell|25|2||3.5|0.0|0.5|0.0|0.0|0.0||0.5|0.5|0.5|0.0|caldwji01
