|Season|Age|Tm|Lg|Pos|G|MP|PER|TS%|3PAr|FTr|ORB%|DRB%|TRB%|AST%|STL%|BLK%|TOV%|USG%|OWS|DWS|WS|WS/48|OBPM|DBPM|BPM|VORP
0|2006-07|21.0|UTA|NBA|SG|56.0|675.0|15.2|0.5660000000000001|0.047|0.43|6.7|6.8|6.7|5.7|2.9|0.7|9.5|16.8|1.1|0.7|1.7|0.124|0.1|-0.2|-0.2|0.3
1|2007-08|22.0|UTA|NBA|SG|76.0|2088.0|18.4|0.612|0.079|0.405|5.7|7.0|6.4|9.7|3.2|0.7|8.5|17.5|5.4|2.4|7.8|0.17800000000000002|3.0|0.9|3.9|3.1
2|2008-09|23.0|UTA|NBA|SF|81.0|2605.0|16.1|0.565|0.10300000000000001|0.425|4.6|9.1|6.9|10.9|2.7|0.9|10.1|18.8|3.9|2.9|6.8|0.126|1.0|1.0|2.0|2.7
4|2009-10|24.0|UTA|NBA|SG|53.0|1662.0|12.8|0.53|0.075|0.308|3.2|9.4|6.4|13.1|2.6|0.7|9.7|14.1|1.7|2.1|3.8|0.10800000000000001|-0.3|1.6|1.3|1.4
5|2009-10|24.0|MEM|NBA|SG|5.0|80.0|5.9|0.32899999999999996|0.0|0.385|1.5|8.8|5.1|4.9|3.8|0.0|11.6|9.4|-0.1|0.1|0.0|-0.01|-5.2|1.5|-3.7|0.0
6|2010-11|25.0|CHI|NBA|SG|81.0|1781.0|13.8|0.518|0.063|0.311|3.7|13.2|8.6|12.1|3.2|0.9|10.2|13.9|1.7|3.8|5.4|0.147|-1.4|3.2|1.8|1.7
7|2011-12|26.0|CHI|NBA|SG|66.0|1635.0|12.3|0.465|0.155|0.225|5.0|10.6|7.9|12.7|2.4|0.9|10.8|15.3|1.0|2.9|3.9|0.113|-1.0|2.3|1.2|1.3
9|2012-13|27.0|NYK|NBA|SF|46.0|711.0|10.2|0.43200000000000005|0.406|0.223|4.6|12.1|8.2|8.4|2.6|0.7|6.8|13.6|0.1|0.7|0.8|0.057|-1.6|0.7|-0.9|0.2
10|2012-13|27.0|OKC|NBA|SF|14.0|142.0|9.1|0.28300000000000003|0.217|0.0|11.3|20.3|16.2|9.4|3.3|0.0|14.8|8.6|0.0|0.3|0.2|0.07200000000000001|-2.7|2.6|-0.1|0.1
12|2013-14|28.0|HOU|NBA|SF|23.0|158.0|3.5|0.22|0.5329999999999999|0.133|1.5|8.0|4.9|8.2|1.9|0.5|11.2|5.0|-0.1|0.1|0.0|0.004|-4.6|1.2|-3.4|-0.1
13|2013-14|28.0|CHI|NBA|SF|1.0|2.0|0.0||||0.0|0.0|0.0|0.0|0.0|0.0||0.0|0.0|0.0|0.0|0.028999999999999998|-7.3|1.0|-6.3|0.0
