|Season|Age|Tm|Lg|MP|FG|FGA|3P|3PA|2P|2PA|FT|FTA|ORB|DRB|TRB|AST|STL|BLK|TOV|PF|PTS|GmSc
1|1997-98|23.0|POR|NBA||7|16|2|3|7|15|5|6|3|4|7|9|3|1|3|4|19|12.7
2|1997-98|23.0|TOR|NBA||3|6|1|2|3|6|2|2|2|3|4|3|2|1|2|5|6|5.6
3|1998-99|24.0|TOR|NBA||5|9|2|3|4|7|4|6|3|4|5|9|3|2|4|6|11|11.6
4|1999-00|25.0|TOR|NBA||6|16|2|4|6|12|5|6|2|4|5|12|4|3|4|5|17|17.5
5|2000-01|26.0|TOR|NBA||10|19|2|6|9|18|7|9|4|8|10|14|4|2|4|6|23|23.6
6|2001-02|27.0|TOR|NBA||12|21|3|6|9|19|7|10|4|11|11|14|4|2|6|6|28|26.4
7|2002-03|28.0|TOR|NBA||12|21|3|6|11|17|12|12|3|7|8|11|5|2|5|5|32|28.1
8|2003-04|29.0|TOR|NBA||8|18|3|4|7|14|5|8|1|7|8|9|4|1|4|6|20|17.1
9|2005-06|31.0|TOR|NBA|9:45|0|3|0|2|0|1|1|2|0|3|3|0|0|0|0|0|1|-0.6
10|2006-07|32.0|LAC|NBA|5:01|0|1|0|1|0|1|2|4|1|0|1|3|1|0|2|0|2|1.4
