|Season|Age|Tm|Lg|Pos|G|GS|MP|FG|FGA|FG%|3P|3PA|3P%|2P|2PA|2P%|FT|FTA|FT%|ORB|DRB|TRB|AST|STL|BLK|TOV|PF|PTS|ORtg|DRtg
0|1973-74|25.0|NYA|ABA|C|77.0||2596.0|9.1|18.5|0.494|0.0|0.0|0.0|9.1|18.5|0.494|3.9|5.4|0.721|3.7|10.1|13.8|2.9|1.1|2.6|3.1|4.2|22.2|107.0|96.0
1|1974-75|26.0|NYA|ABA|C|80.0||2826.0|8.6|17.7|0.485|0.0|0.0|0.0|8.6|17.7|0.48700000000000004|3.5|4.7|0.748|2.9|9.8|12.7|2.9|1.0|2.3|2.4|4.5|20.7|107.0|98.0
2|1975-76|27.0|SAA|ABA|C|83.0||2958.0|8.6|17.1|0.504|0.0|0.0|0.0|8.6|17.1|0.504|3.6|4.9|0.735|3.2|9.9|13.1|5.2|0.9|3.8|3.5|3.5|20.8|108.0|100.0
3|1976-77|28.0|SAS|NBA|C|82.0||2694.0|8.3|17.6|0.473||||8.3|17.6|0.473|3.8|5.1|0.7440000000000001|3.1|7.9|10.9|3.6|0.9|2.8||4.2|20.4||101.0
4|1977-78|29.0|SAS|NBA|C|80.0||2479.0|9.2|17.4|0.529||||9.2|17.4|0.529|4.1|5.4|0.752|3.1|8.9|12.0|3.8|0.7|3.4|3.0|3.9|22.5|111.0|100.0
5|1978-79|30.0|SAS|NBA|C|79.0||2122.0|8.2|15.5|0.526||||8.2|15.5|0.526|2.3|4.0|0.588|3.5|9.3|12.8|3.6|0.7|2.6|3.2|4.2|18.7|104.0|101.0
7|1979-80|31.0|SAS|NBA|C|47.0||1213.0|6.8|13.8|0.496|0.0|0.0|0.0|6.8|13.7|0.49700000000000005|2.4|3.6|0.66|3.4|8.2|11.6|4.3|1.7|1.6|2.1|4.6|16.0|111.0|107.0
8|1979-80|31.0|HOU|NBA|C|37.0||980.0|6.7|14.1|0.473|0.0|0.0||6.7|14.1|0.473|2.1|4.0|0.524|4.5|8.4|12.8|3.4|1.1|1.9|2.8|4.2|15.4|103.0|107.0
9|1980-81|32.0|HOU|NBA|PF|81.0||1659.0|7.5|14.9|0.507|0.0|0.1|0.0|7.5|14.8|0.51|2.2|4.4|0.49|3.2|8.1|11.3|3.0|0.8|2.1|2.6|5.2|17.2|103.0|106.0
10|1981-82|33.0|HOU|NBA|C|65.0|3.0|807.0|5.4|13.8|0.39399999999999996|0.0|0.0||5.4|13.8|0.39399999999999996|2.1|4.0|0.523|3.3|7.7|11.0|2.5|0.9|1.3|2.8|6.1|13.0|90.0|108.0
12|1982-83|34.0|HOU|NBA|C|57.0|0.0|695.0|6.0|13.5|0.445|0.0|0.0||6.0|13.5|0.445|1.8|3.9|0.456|3.7|7.6|11.3|3.9|0.8|0.8|2.8|6.4|13.8|93.0|108.0
13|1982-83|34.0|SAS|NBA|C|7.0|0.0|125.0|4.5|10.0|0.444|0.0|0.0||4.5|10.0|0.444|0.4|0.7|0.5|3.7|8.5|12.3|1.5|1.9|2.2|2.2|5.2|9.3|94.0|103.0
14|1983-84|35.0|ATL|NBA|C|40.0|4.0|486.0|3.7|9.1|0.409|0.0|0.0||3.7|9.1|0.409|1.8|3.4|0.515|3.6|8.1|11.7|1.9|0.8|0.7|2.3|5.9|9.2|91.0|107.0
15|1984-85|36.0|UTA|NBA|C|62.0|0.0|370.0|3.9|10.7|0.368|0.0|0.0||3.9|10.7|0.368|2.2|3.5|0.643|3.0|8.9|11.8|2.0|0.7|1.4|3.7|6.3|10.1|79.0|103.0
