|Season|Age|Tm|Lg|Pos|G|GS|MP|FG|FGA|FG%|3P|3PA|3P%|2P|2PA|2P%|eFG%|FT|FTA|FT%|ORB|DRB|TRB|AST|STL|BLK|TOV|PF|PTS
0|1970-71|22.0|NYA|ABA|C|6.0||39.8|7.5|12.7|0.5920000000000001|0.2|0.2|1.0|7.3|12.5|0.5870000000000001|0.599|5.0|6.7|0.75|2.8|12.2|15.0|3.0|||4.2|4.8|20.2
1|1971-72|23.0|NYA|ABA|C|19.0||42.6|7.4|14.5|0.507|0.0|0.1|0.0|7.4|14.4|0.511|0.507|3.0|4.7|0.633|||15.2|1.5|||2.7|3.9|17.7
2|1972-73|24.0|NYA|ABA|C|5.0||34.4|6.8|11.2|0.607|0.0|0.0||6.8|11.2|0.607|0.607|5.4|8.6|0.628|2.4|8.6|11.0|2.0|||2.8|3.4|19.0
3|1973-74|25.0|NYA|ABA|C|14.0||37.1|5.8|12.1|0.479|0.0|0.0||5.8|12.1|0.479|0.479|3.2|4.1|0.789|1.9|7.5|9.4|2.0|0.7|1.4|1.8|3.5|14.8
4|1974-75|26.0|NYA|ABA|C|5.0||35.6|5.8|11.8|0.49200000000000005|0.0|0.0||5.8|11.8|0.49200000000000005|0.49200000000000005|2.4|3.0|0.8|2.0|7.0|9.0|2.2|0.2|3.2|2.2|3.6|14.0
5|1975-76|27.0|SAA|ABA|C|7.0||36.3|6.1|13.9|0.44299999999999995|0.0|0.0||6.1|13.9|0.44299999999999995|0.44299999999999995|5.0|5.7|0.875|2.1|8.1|10.3|2.7|0.3|2.3|2.0|4.1|17.3
6|1976-77|28.0|SAS|NBA|C|2.0||37.0|6.0|12.0|0.5||||6.0|12.0|0.5|0.5|5.0|6.5|0.769|0.5|8.0|8.5|2.5|1.0|0.5||1.5|17.0
7|1977-78|29.0|SAS|NBA|C|6.0||31.8|4.8|10.5|0.46||||4.8|10.5|0.46|0.46|1.8|2.8|0.647|1.2|5.7|6.8|2.3|0.8|0.8|1.0|1.7|11.5
8|1978-79|30.0|SAS|NBA|C|13.0||23.0|2.3|6.2|0.375||||2.3|6.2|0.375|0.375|1.7|2.5|0.667|1.8|5.7|7.5|2.3|0.3|1.0|1.1|2.5|6.3
9|1979-80|31.0|HOU|NBA|C|7.0||18.3|1.9|5.7|0.325|0.0|0.0||1.9|5.7|0.325|0.325|0.6|1.0|0.5710000000000001|1.7|3.0|4.7|1.1|0.1|0.4|1.6|1.9|4.3
10|1980-81|32.0|HOU|NBA|PF|21.0||34.3|5.3|11.7|0.451|0.0|0.0|0.0|5.3|11.7|0.45299999999999996|0.451|1.5|2.3|0.667|2.5|4.5|7.0|1.7|0.6|1.3|1.3|3.3|12.1
11|1981-82|33.0|HOU|NBA|C|3.0||11.3|1.0|3.0|0.33299999999999996|0.0|0.0||1.0|3.0|0.33299999999999996|0.33299999999999996|0.3|1.0|0.33299999999999996|0.7|0.7|1.3|0.3|0.0|0.7|0.3|1.3|2.3
12|1982-83|34.0|SAS|NBA|C|11.0||12.1|1.2|2.9|0.406|0.0|0.0||1.2|2.9|0.406|0.406|0.4|0.4|1.0|1.0|1.9|2.9|1.0|0.4|0.2|0.5|1.6|2.7
13|1983-84|35.0|ATL|NBA|C|2.0||3.5|0.5|1.5|0.33299999999999996|0.0|0.0||0.5|1.5|0.33299999999999996|0.33299999999999996|0.0|0.0||0.0|0.0|0.0|0.0|0.0|0.0|0.0|0.0|1.0
14|1984-85|36.0|UTA|NBA|C|5.0|0.0|6.0|0.6|1.6|0.375|0.0|0.0||0.6|1.6|0.375|0.375|0.2|0.8|0.25|0.6|1.0|1.6|0.4|0.2|0.2|0.4|1.4|1.4
