|Season|Age|Tm|Lg|Pos|G|MP|PER|TS%|3PAr|FTr|ORB%|DRB%|TRB%|AST%|STL%|BLK%|TOV%|USG%|OWS|DWS|WS|WS/48|OBPM|DBPM|BPM|VORP
0|1984-85|22.0|HOU|NBA|C|5.0|187.0|19.7|0.49|0.0|0.523|15.2|17.1|16.1|5.6|1.7|4.3|9.2|23.8|0.1|0.5|0.6|0.16|-0.2|4.0|3.8|0.3
1|1985-86|23.0|HOU|NBA|C|20.0|766.0|25.6|0.5660000000000001|0.003|0.514|14.2|18.9|16.5|7.8|2.5|5.2|8.3|27.3|2.0|1.7|3.7|0.231|4.1|3.3|7.4|1.8
2|1986-87|24.0|HOU|NBA|C|10.0|389.0|28.5|0.659|0.006|0.542|12.0|20.7|16.5|11.7|1.7|6.4|14.0|28.1|1.2|0.8|2.0|0.251|4.8|4.3|9.2|1.1
3|1987-88|25.0|HOU|NBA|C|4.0|162.0|39.0|0.6409999999999999|0.01|0.439|13.2|33.2|22.9|9.3|2.8|4.2|7.1|32.7|1.0|0.3|1.3|0.385|9.3|2.7|12.0|0.6
4|1988-89|26.0|HOU|NBA|C|4.0|162.0|24.1|0.5489999999999999|0.0|0.309|9.9|26.8|18.4|12.9|3.0|4.2|9.8|26.2|0.3|0.4|0.6|0.182|1.5|5.1|6.5|0.4
5|1989-90|27.0|HOU|NBA|C|4.0|161.0|20.5|0.478|0.0|0.243|10.2|27.8|17.8|8.2|3.2|10.3|12.4|23.7|0.0|0.3|0.3|0.081|-2.9|7.7|4.7|0.3
6|1990-91|28.0|HOU|NBA|C|3.0|129.0|23.2|0.629|0.022000000000000002|0.37799999999999995|11.4|31.3|21.2|7.8|1.6|4.6|13.2|21.3|0.3|0.3|0.5|0.20199999999999999|1.4|4.6|6.1|0.3
7|1992-93|30.0|HOU|NBA|C|12.0|518.0|26.7|0.568|0.004|0.315|12.8|23.4|18.7|20.6|2.1|7.0|14.2|27.8|1.2|1.2|2.4|0.221|3.6|6.5|10.2|1.6
8|1993-94|31.0|HOU|NBA|C|23.0|989.0|27.7|0.568|0.008|0.313|6.8|21.2|14.5|20.4|2.2|6.5|12.4|31.4|2.3|2.0|4.3|0.20800000000000002|3.8|5.3|9.1|2.8
9|1994-95|32.0|HOU|NBA|C|22.0|929.0|26.7|0.56|0.006999999999999999|0.28300000000000003|5.6|22.7|14.3|22.6|1.5|5.1|9.6|35.9|1.5|1.3|2.8|0.14300000000000002|1.6|3.7|5.3|1.7
10|1995-96|33.0|HOU|NBA|C|8.0|329.0|20.0|0.544|0.006999999999999999|0.272|5.8|20.6|12.9|18.1|2.3|4.3|15.0|26.9|0.1|0.4|0.5|0.079|-0.2|3.8|3.6|0.5
11|1996-97|34.0|HOU|NBA|C|16.0|629.0|27.6|0.628|0.012|0.418|9.0|23.1|16.3|17.3|2.8|4.8|13.5|25.0|2.0|1.0|3.0|0.22899999999999998|4.5|5.1|9.6|1.8
12|1997-98|35.0|HOU|NBA|C|5.0|190.0|18.8|0.449|0.01|0.33299999999999996|5.0|27.9|15.8|15.8|1.4|6.3|10.3|31.5|-0.2|0.4|0.2|0.049|-4.0|5.7|1.6|0.2
13|1998-99|36.0|HOU|NBA|C|4.0|123.0|13.8|0.461|0.0|0.14800000000000002|4.5|21.5|13.1|3.2|2.1|1.8|8.0|22.9|0.0|0.1|0.1|0.039|-4.9|-0.7|-5.6|-0.1
14|2001-02|39.0|TOR|NBA|C|5.0|86.0|18.1|0.568|0.0|0.273|13.0|13.8|13.4|4.3|4.6|4.3|19.6|16.7|0.1|0.2|0.2|0.139|0.0|4.5|4.4|0.1
