|Season|Age|Tm|Lg|Pos|G|GS|MP|FG|FGA|FG%|3P|3PA|3P%|2P|2PA|2P%|eFG%|FT|FTA|FT%|ORB|DRB|TRB|AST|STL|BLK|TOV|PF|PTS
0|1987-88|24.0|CLE|NBA|SG|4.0|4.0|134.0|30.0|63.0|0.47600000000000003|0.0|2.0|0.0|30.0|61.0|0.49200000000000005|0.47600000000000003|11.0|16.0|0.688|4.0|16.0|20.0|15.0|11.0|4.0|11.0|9.0|71.0
1|1988-89|25.0|CLE|NBA|SG|5.0|5.0|189.0|39.0|69.0|0.565|0.0|2.0|0.0|39.0|67.0|0.5820000000000001|0.565|20.0|26.0|0.769|7.0|14.0|21.0|20.0|11.0|4.0|7.0|20.0|98.0
2|1991-92|28.0|LAC|NBA|SG|5.0|5.0|206.0|39.0|87.0|0.44799999999999995|1.0|9.0|0.111|38.0|78.0|0.48700000000000004|0.45399999999999996|11.0|14.0|0.7859999999999999|10.0|22.0|32.0|23.0|5.0|4.0|15.0|13.0|90.0
3|1992-93|29.0|LAC|NBA|SG|5.0|5.0|174.0|37.0|78.0|0.474|5.0|10.0|0.5|32.0|68.0|0.47100000000000003|0.506|11.0|17.0|0.647|4.0|16.0|20.0|16.0|15.0|10.0|11.0|7.0|90.0
4|1994-95|31.0|CHI|NBA|SG|6.0|0.0|40.0|6.0|14.0|0.429|0.0|2.0|0.0|6.0|12.0|0.5|0.429|0.0|0.0||2.0|4.0|6.0|4.0|3.0|1.0|1.0|6.0|12.0
5|1995-96|32.0|CHI|NBA|PG|18.0|16.0|494.0|57.0|134.0|0.425|15.0|47.0|0.319|42.0|87.0|0.483|0.48100000000000004|29.0|42.0|0.69|26.0|41.0|67.0|45.0|25.0|7.0|18.0|38.0|158.0
6|1996-97|33.0|CHI|NBA|PG|19.0|19.0|515.0|50.0|125.0|0.4|21.0|61.0|0.344|29.0|64.0|0.45299999999999996|0.484|21.0|28.0|0.75|20.0|61.0|81.0|57.0|24.0|14.0|11.0|43.0|142.0
7|1997-98|34.0|CHI|NBA|PG|21.0|21.0|563.0|56.0|122.0|0.45899999999999996|5.0|19.0|0.263|51.0|103.0|0.495|0.48|24.0|39.0|0.615|22.0|55.0|77.0|48.0|20.0|18.0|18.0|42.0|141.0
8|1999-00|36.0|LAL|NBA|PG|23.0|23.0|643.0|78.0|181.0|0.431|9.0|39.0|0.231|69.0|142.0|0.486|0.456|33.0|47.0|0.7020000000000001|30.0|55.0|85.0|73.0|23.0|13.0|28.0|63.0|198.0
9|2000-01|37.0|LAL|NBA|PG|6.0|0.0|42.0|5.0|10.0|0.5|1.0|4.0|0.25|4.0|6.0|0.667|0.55|2.0|3.0|0.667|1.0|7.0|8.0|4.0|4.0|1.0|1.0|4.0|13.0
