|Season|Age|Tm|Lg|Pos|G|GS|MP|FG|FGA|FG%|3P|3PA|3P%|2P|2PA|2P%|FT|FTA|FT%|ORB|DRB|TRB|AST|STL|BLK|TOV|PF|PTS|ORtg|DRtg
0|1987-88|24.0|CLE|NBA|SG|4.0|4.0|134.0|11.6|24.3|0.47600000000000003|0.0|0.8|0.0|11.6|23.5|0.49200000000000005|4.2|6.2|0.688|1.5|6.2|7.7|5.8|4.2|1.5|4.2|3.5|27.4|99.0|104.0
1|1988-89|25.0|CLE|NBA|SG|5.0|5.0|189.0|11.0|19.4|0.565|0.0|0.6|0.0|11.0|18.8|0.5820000000000001|5.6|7.3|0.769|2.0|3.9|5.9|5.6|3.1|1.1|2.0|5.6|27.5|124.0|105.0
2|1991-92|28.0|LAC|NBA|SG|5.0|5.0|206.0|10.0|22.4|0.44799999999999995|0.3|2.3|0.111|9.8|20.1|0.48700000000000004|2.8|3.6|0.7859999999999999|2.6|5.7|8.2|5.9|1.3|1.0|3.9|3.3|23.1|99.0|113.0
3|1992-93|29.0|LAC|NBA|SG|5.0|5.0|174.0|10.8|22.8|0.474|1.5|2.9|0.5|9.4|19.9|0.47100000000000003|3.2|5.0|0.647|1.2|4.7|5.8|4.7|4.4|2.9|3.2|2.0|26.3|103.0|98.0
4|1994-95|31.0|CHI|NBA|SG|6.0|0.0|40.0|8.2|19.2|0.429|0.0|2.7|0.0|8.2|16.5|0.5|0.0|0.0||2.7|5.5|8.2|5.5|4.1|1.4|1.4|8.2|16.5|102.0|105.0
5|1995-96|32.0|CHI|NBA|PG|18.0|16.0|494.0|6.4|15.0|0.425|1.7|5.3|0.319|4.7|9.7|0.483|3.2|4.7|0.69|2.9|4.6|7.5|5.0|2.8|0.8|2.0|4.3|17.7|116.0|99.0
6|1996-97|33.0|CHI|NBA|PG|19.0|19.0|515.0|5.4|13.6|0.4|2.3|6.6|0.344|3.2|7.0|0.45299999999999996|2.3|3.1|0.75|2.2|6.6|8.8|6.2|2.6|1.5|1.2|4.7|15.5|122.0|100.0
7|1997-98|34.0|CHI|NBA|PG|21.0|21.0|563.0|5.7|12.4|0.45899999999999996|0.5|1.9|0.263|5.2|10.4|0.495|2.4|4.0|0.615|2.2|5.6|7.8|4.9|2.0|1.8|1.8|4.3|14.3|110.0|102.0
8|1999-00|36.0|LAL|NBA|PG|23.0|23.0|643.0|6.5|15.0|0.431|0.7|3.2|0.231|5.7|11.7|0.486|2.7|3.9|0.7020000000000001|2.5|4.5|7.0|6.0|1.9|1.1|2.3|5.2|16.4|107.0|109.0
9|2000-01|37.0|LAL|NBA|PG|6.0|0.0|42.0|6.2|12.4|0.5|1.2|5.0|0.25|5.0|7.5|0.667|2.5|3.7|0.667|1.2|8.7|9.9|5.0|5.0|1.2|1.2|5.0|16.1|124.0|91.0
