|Season|Age|Tm|Lg|Pos|G|MP|PER|TS%|3PAr|FTr|ORB%|DRB%|TRB%|AST%|STL%|BLK%|TOV%|USG%|OWS|DWS|WS|WS/48|OBPM|DBPM|BPM|VORP
0|1988-89|23.0|SEA|NBA|PG|43.0|291.0|10.8|0.37799999999999995|0.10800000000000001|0.193|4.1|5.2|4.6|31.3|3.5|0.6|16.7|14.8|0.0|0.3|0.3|0.045|-2.6|-1.3|-3.9|-0.1
1|1989-90|24.0|SEA|NBA|PG|53.0|575.0|11.6|0.439|0.027999999999999997|0.282|4.1|4.7|4.4|36.4|2.3|0.1|23.1|15.1|0.2|0.3|0.5|0.043|-2.1|-2.6|-4.7|-0.4
3|1990-91|25.0|DEN|NBA|PG|21.0|217.0|14.2|0.48100000000000004|0.059000000000000004|0.47100000000000003|3.6|5.8|4.6|41.5|2.7|0.5|24.8|17.7|0.0|0.0|0.1|0.013999999999999999|-2.5|-3.7|-6.2|-0.2
4|1990-91|25.0|SAS|NBA|PG|47.0|742.0|13.2|0.517|0.024|0.263|2.0|6.1|4.2|28.5|2.2|0.2|16.8|15.7|0.7|0.9|1.6|0.10099999999999999|-1.6|-1.3|-2.8|-0.2
6|1991-92|26.0|SAS|NBA|PG|20.0|463.0|11.4|0.5529999999999999|0.046|0.29600000000000004|1.2|7.0|4.1|29.4|2.3|0.4|26.9|15.2|0.1|0.6|0.6|0.066|-2.6|-1.0|-3.6|-0.2
7|1991-92|26.0|HOU|NBA|PG|49.0|772.0|12.3|0.49700000000000005|0.045|0.311|1.2|5.2|3.2|31.2|2.6|0.5|20.5|17.8|0.0|0.6|0.7|0.042|-3.2|-2.3|-5.5|-0.7
8|1992-93|27.0|SAS|NBA|PG|75.0|2030.0|15.8|0.556|0.016|0.35700000000000004|1.2|6.8|4.1|39.1|2.1|0.5|19.7|15.9|3.3|1.9|5.2|0.122|0.1|-1.9|-1.8|0.1
9|1993-94|28.0|GSW|NBA|PG|82.0|2332.0|13.9|0.5329999999999999|0.017|0.349|1.9|6.2|4.1|25.3|2.3|0.2|17.1|17.8|2.6|1.5|4.1|0.085|-0.7|-1.6|-2.3|-0.2
10|1994-95|29.0|SAS|NBA|PG|82.0|3011.0|15.7|0.5539999999999999|0.025|0.342|1.9|5.7|3.9|33.4|1.9|0.3|17.3|17.5|5.1|3.0|8.0|0.128|0.8|-0.8|-0.1|1.5
11|1995-96|30.0|SAS|NBA|PG|82.0|3084.0|16.3|0.534|0.035|0.295|1.4|5.9|3.7|39.1|2.0|0.5|16.3|17.5|5.6|3.5|9.1|0.141|0.6|-1.1|-0.4|1.2
12|1996-97|31.0|SAS|NBA|PG|76.0|2472.0|15.0|0.517|0.038|0.29600000000000004|1.5|5.8|3.6|35.5|2.1|0.5|15.9|17.3|3.4|0.0|3.4|0.066|-0.2|-3.0|-3.2|-0.8
13|1997-98|32.0|SAS|NBA|PG|75.0|2674.0|14.1|0.514|0.019|0.25|1.4|4.9|3.2|36.2|1.7|0.5|18.1|16.0|3.5|3.2|6.7|0.12|-0.7|-1.3|-2.0|0.0
14|1998-99|33.0|SAS|NBA|PG|50.0|1672.0|14.0|0.48700000000000004|0.026000000000000002|0.191|1.6|6.1|4.0|37.4|1.7|0.5|18.3|17.0|1.7|2.2|3.9|0.111|-0.5|-0.8|-1.4|0.3
15|1999-00|34.0|SAS|NBA|PG|82.0|2571.0|14.8|0.5|0.011000000000000001|0.182|1.5|5.3|3.5|32.5|1.6|0.5|13.2|19.0|3.3|3.0|6.3|0.11699999999999999|0.1|-1.2|-1.0|0.6
16|2000-01|35.0|SAS|NBA|PG|55.0|1290.0|11.5|0.475|0.02|0.2|1.9|5.3|3.7|29.5|1.4|0.2|15.5|14.1|1.3|1.3|2.6|0.098|-1.4|-1.3|-2.6|-0.2
18|2001-02|36.0|DEN|NBA|PG|51.0|1200.0|17.3|0.5379999999999999|0.013000000000000001|0.381|1.3|5.0|3.0|37.0|1.5|0.5|13.0|19.2|2.7|0.1|2.8|0.114|0.5|-4.2|-3.7|-0.5
19|2001-02|36.0|DAL|NBA|PG|17.0|152.0|11.8|0.478|0.0|0.34700000000000003|0.0|3.6|1.8|27.6|1.7|0.5|13.7|19.5|0.1|0.0|0.1|0.044000000000000004|-3.1|-4.5|-7.6|-0.2
20|2002-03|37.0|DAL|NBA|PG|48.0|430.0|12.2|0.467|0.013000000000000001|0.26|2.6|5.4|4.0|22.8|1.8|0.2|14.8|20.7|0.1|0.3|0.4|0.044000000000000004|-3.0|-2.4|-5.4|-0.4
21|2003-04|38.0|GSW|NBA|PG|46.0|637.0|11.7|0.45399999999999996|0.015|0.392|0.5|5.3|2.9|29.1|2.2|0.3|17.9|20.6|-0.2|0.4|0.2|0.016|-3.8|-2.9|-6.6|-0.7
