|Season|Age|Tm|Lg|Pos|G|GS|MP|FG|FGA|FG%|3P|3PA|3P%|2P|2PA|2P%|eFG%|FT|FTA|FT%|ORB|DRB|TRB|AST|STL|BLK|TOV|PF|PTS
0|2002-03|23.0|MIA|NBA|SG|72.0|28.0|1514.0|207.0|572.0|0.36200000000000004|50.0|171.0|0.292|157.0|401.0|0.392|0.406|76.0|104.0|0.731|29.0|157.0|186.0|93.0|21.0|43.0|77.0|105.0|540.0
1|2003-04|24.0|MIA|NBA|SF|45.0|0.0|675.0|119.0|250.0|0.47600000000000003|50.0|108.0|0.46299999999999997|69.0|142.0|0.486|0.5760000000000001|16.0|21.0|0.762|4.0|57.0|61.0|23.0|10.0|13.0|28.0|72.0|304.0
2|2004-05|25.0|MIA|NBA|SF|65.0|15.0|1203.0|163.0|409.0|0.39899999999999997|57.0|153.0|0.373|106.0|256.0|0.414|0.46799999999999997|37.0|48.0|0.7709999999999999|15.0|136.0|151.0|62.0|18.0|29.0|37.0|104.0|420.0
3|2005-06|26.0|NOK|NBA|SF|79.0|20.0|1875.0|257.0|633.0|0.406|92.0|242.0|0.38|165.0|391.0|0.42200000000000004|0.479|79.0|114.0|0.693|51.0|181.0|232.0|40.0|33.0|45.0|65.0|142.0|685.0
4|2006-07|27.0|NOK|NBA|SF|81.0|38.0|2223.0|314.0|788.0|0.39799999999999996|134.0|363.0|0.369|180.0|425.0|0.424|0.484|56.0|87.0|0.644|42.0|214.0|256.0|63.0|40.0|54.0|67.0|148.0|818.0
5|2007-08|28.0|NOH|NBA|SF|51.0|8.0|875.0|91.0|260.0|0.35|44.0|133.0|0.331|47.0|127.0|0.37|0.435|26.0|31.0|0.8390000000000001|16.0|84.0|100.0|36.0|15.0|21.0|10.0|66.0|252.0
6|2008-09|29.0|NOH|NBA|SF|82.0|74.0|2614.0|348.0|803.0|0.433|140.0|359.0|0.39|208.0|444.0|0.46799999999999997|0.521|86.0|110.0|0.782|49.0|222.0|271.0|75.0|51.0|61.0|59.0|159.0|922.0
7|2009-10|30.0|LAC|NBA|SF|82.0|64.0|2702.0|356.0|870.0|0.409|145.0|432.0|0.336|211.0|438.0|0.48200000000000004|0.493|122.0|145.0|0.841|39.0|201.0|240.0|116.0|36.0|68.0|79.0|121.0|979.0
9|2010-11|31.0|LAC|NBA|SG|41.0|2.0|744.0|73.0|226.0|0.32299999999999995|42.0|129.0|0.326|31.0|97.0|0.32|0.41600000000000004|18.0|27.0|0.667|10.0|66.0|76.0|27.0|8.0|15.0|22.0|34.0|206.0
10|2010-11|31.0|CHI|NBA|SG|6.0|0.0|26.0|6.0|11.0|0.545|4.0|7.0|0.5710000000000001|2.0|4.0|0.5|0.727|0.0|0.0||0.0|1.0|1.0|0.0|0.0|0.0|2.0|3.0|16.0
11|2011-12|32.0|TOR|NBA|SF|34.0|14.0|453.0|41.0|133.0|0.308|21.0|77.0|0.273|20.0|56.0|0.35700000000000004|0.387|7.0|12.0|0.583|6.0|60.0|66.0|19.0|7.0|5.0|15.0|39.0|110.0
12|2013-14|34.0|IND|NBA|SG|50.0|2.0|378.0|51.0|110.0|0.46399999999999997|26.0|62.0|0.419|25.0|48.0|0.521|0.5820000000000001|8.0|14.0|0.5710000000000001|6.0|35.0|41.0|17.0|7.0|9.0|11.0|30.0|136.0
13|2014-15|35.0|WAS|NBA|SF|75.0|1.0|1505.0|218.0|517.0|0.42200000000000004|91.0|235.0|0.387|127.0|282.0|0.45|0.51|53.0|67.0|0.7909999999999999|27.0|170.0|197.0|63.0|29.0|22.0|48.0|98.0|580.0
14|2015-16|36.0|SAS|NBA|SF|46.0|0.0|432.0|49.0|104.0|0.47100000000000003|15.0|49.0|0.306|34.0|55.0|0.618|0.5429999999999999|11.0|16.0|0.688|3.0|53.0|56.0|24.0|13.0|23.0|8.0|11.0|124.0
