player_id|Rk|Unnamed: 1|Age|G|GS|MP|FG|FGA|FG%|3P|3PA|3P%|2P|2PA|2P%|eFG%|FT|FTA|FT%|ORB|DRB|TRB|AST|STL|BLK|TOV|PF|PTS|player_id
matthwe02|1|Wesley Matthews|25|66|53|2228|314|763|0.41200000000000003|129|337|0.38299999999999995|185|426|0.434|0.496|147|171|0.86|56|168|224|113|96|15|73|148|904|matthwe02
aldrila01|2|LaMarcus Aldridge|26|55|55|1994|483|943|0.512|2|11|0.182|481|932|0.516|0.513|223|274|0.8140000000000001|150|292|442|134|51|45|111|153|1191|aldrila01
feltora01|3|Raymond Felton|27|60|56|1906|261|642|0.40700000000000003|62|203|0.305|199|439|0.45299999999999996|0.455|100|124|0.8059999999999999|27|122|149|390|78|10|170|122|684|feltora01
batumni01|4|Nicolas Batum|23|59|34|1791|289|641|0.451|107|274|0.391|182|367|0.496|0.534|133|159|0.836|81|190|271|84|57|60|90|105|818|batumni01
crawfja01|5|Jamal Crawford|31|60|6|1613|283|737|0.384|80|260|0.308|203|477|0.426|0.43799999999999994|191|206|0.927|16|102|118|191|55|14|111|74|837|crawfja01
wallage01|6|Gerald Wallace|29|42|42|1503|203|430|0.47200000000000003|26|98|0.265|177|332|0.5329999999999999|0.502|125|161|0.7759999999999999|63|214|277|115|62|25|84|107|557|wallage01
cambyma01|7|Marcus Camby|37|40|40|894|67|161|0.41600000000000004|0|0||67|161|0.41600000000000004|0.41600000000000004|18|38|0.474|105|249|354|75|33|56|47|88|152|cambyma01
thomaku01|8|Kurt Thomas|39|53|3|803|73|157|0.465|0|0||73|157|0.465|0.465|14|20|0.7|39|149|188|46|24|31|31|123|160|thomaku01
hicksjj01|9|J.J. Hickson|23|19|10|600|119|219|0.5429999999999999|0|1|0.0|119|218|0.546|0.5429999999999999|49|76|0.645|66|92|158|23|12|18|31|41|287|hicksjj01
smithno01|10|Nolan Smith|23|44|4|541|67|180|0.37200000000000005|13|45|0.289|54|135|0.4|0.408|20|28|0.7140000000000001|17|39|56|62|18|3|42|55|167|smithno01
babbilu01|11|Luke Babbitt|22|40|4|537|71|173|0.41|43|100|0.43|28|73|0.384|0.535|17|20|0.85|16|79|95|16|10|4|27|46|202|babbilu01
smithcr01|12|Craig Smith|28|47|0|464|59|117|0.504|0|1|0.0|59|116|0.509|0.504|38|53|0.7170000000000001|33|77|110|19|16|5|24|55|156|smithcr01
przybjo01|13|Joel Przybilla|32|27|19|449|22|48|0.45799999999999996|0|0||22|48|0.45799999999999996|0.45799999999999996|11|18|0.611|29|109|138|6|4|16|22|66|55|przybjo01
flynnjo01|14|Jonny Flynn|22|18|1|281|34|90|0.37799999999999995|8|25|0.32|26|65|0.4|0.42200000000000004|18|25|0.72|7|24|31|68|3|1|27|15|94|flynnjo01
williel01|15|Elliot Williams|22|24|0|149|37|74|0.5|8|27|0.29600000000000004|29|47|0.617|0.5539999999999999|6|18|0.33299999999999996|7|12|19|6|6|3|5|18|88|williel01
thabeha01|16|Hasheem Thabeet|24|15|3|116|8|18|0.444|0|0||8|18|0.444|0.444|13|20|0.65|15|20|35|0|1|8|8|15|29|thabeha01
johnsch03|17|Chris Johnson|26|20|0|93|11|23|0.478|0|0||11|23|0.478|0.478|10|12|0.833|8|10|18|1|1|8|7|20|32|johnsch03
johnsar02|18|Armon Johnson|22|1|0|5|1|1|1.0|0|0||1|1|1.0|1.0|0|0||0|1|1|0|1|0|1|0|2|johnsar02
