player_id|Rk|Unnamed: 1|Age|G|GS|MP|FG|FGA|FG%|3P|3PA|3P%|2P|2PA|2P%|eFG%|FT|FTA|FT%|ORB|DRB|TRB|AST|STL|BLK|TOV|PF|PTS|player_id
schrede01|1|Detlef Schrempf|30|82|60|3098|517|1085|0.47600000000000003|8|52|0.154|509|1033|0.493|0.48|525|653|0.804|210|570|780|493|79|27|243|305|1567|schrede01
millere01|2|Reggie Miller|27|82|82|2954|571|1193|0.479|167|419|0.39899999999999997|404|774|0.522|0.5489999999999999|427|485|0.88|67|191|258|262|120|26|145|182|1736|millere01
richapo01|3|Pooh Richardson|26|74|73|2396|337|703|0.479|3|29|0.10300000000000001|334|674|0.496|0.48200000000000004|92|124|0.742|63|204|267|573|94|12|167|132|769|richapo01
davisda01|4|Dale Davis|23|82|82|2264|304|535|0.568|0|0||304|535|0.568|0.568|119|225|0.529|291|432|723|69|63|148|79|274|727|davisda01
smitsri01|5|Rik Smits|26|81|81|2072|494|1017|0.486|0|0||494|1017|0.486|0.486|167|228|0.732|126|306|432|121|27|75|147|285|1155|smitsri01
flemive01|6|Vern Fleming|30|75|8|1503|280|554|0.505|7|36|0.19399999999999998|273|518|0.527|0.512|143|197|0.726|63|106|169|224|63|9|121|126|710|flemive01
mccloge01|7|George McCloud|25|78|21|1500|216|525|0.41100000000000003|58|181|0.32|158|344|0.45899999999999996|0.467|75|102|0.735|60|145|205|192|53|11|107|165|565|mccloge01
mitchsa01|8|Sam Mitchell|29|81|1|1402|215|483|0.445|4|23|0.174|211|460|0.45899999999999996|0.449|150|185|0.8109999999999999|93|155|248|76|23|10|51|207|584|mitchsa01
willike03|9|Kenny Williams|23|57|0|844|150|282|0.532|0|3|0.0|150|279|0.5379999999999999|0.532|48|68|0.706|102|126|228|38|21|45|28|87|348|willike03
thompla01|10|LaSalle Thompson|31|63|0|730|104|213|0.488|0|1|0.0|104|212|0.491|0.488|29|39|0.7440000000000001|55|123|178|34|29|24|47|137|237|thompla01
sealyma01|11|Malik Sealy|22|58|2|672|136|319|0.426|7|31|0.226|129|288|0.44799999999999995|0.43700000000000006|51|74|0.6890000000000001|60|52|112|47|36|7|58|74|330|sealyma01
dreilgr01|12|Greg Dreiling|30|43|0|239|19|58|0.32799999999999996|0|4|0.0|19|54|0.35200000000000004|0.32799999999999996|8|15|0.5329999999999999|26|40|66|8|5|8|9|60|46|dreilgr01
greense01|13|Sean Green|22|13|0|81|28|55|0.509|3|10|0.3|25|45|0.556|0.536|3|4|0.75|4|5|9|7|2|1|9|11|62|greense01
