player_id|Rk|Unnamed: 1|Age|G|GS|MP|FG|FGA|FG%|FT|FTA|FT%|TRB|AST|PF|PTS/G|player_id
abdulka01|1|Kareem Abdul-Jabbar|24|81||44.2|14.3|24.9|0.574|6.2|9.0|0.6890000000000001|16.6|4.6|2.9|34.8|abdulka01
roberos01|2|Oscar Robertson|33|64||37.3|6.5|13.9|0.47200000000000003|4.3|5.2|0.836|5.0|7.7|1.8|17.4|roberos01
dandrbo01|3|Bob Dandridge|24|80||37.0|7.9|15.8|0.498|2.7|3.6|0.7390000000000001|7.7|3.1|3.7|18.4|dandrbo01
perrycu01|4|Curtis Perry|23|50||29.4|2.9|7.4|0.385|1.3|1.9|0.674|9.4|1.6|4.3|7.0|perrycu01
allenlu01|5|Lucius Allen|24|80||29.0|5.5|10.9|0.505|2.5|3.2|0.764|3.2|4.2|2.7|13.5|allenlu01
mcglojo01|6|Jon McGlocklin|28|80||27.7|4.7|9.2|0.51|1.4|1.6|0.865|2.3|2.9|1.8|10.7|mcglojo01
smithgr01|7|Greg Smith|25|28||26.3|3.5|7.1|0.49|1.5|2.1|0.7070000000000001|5.8|2.3|3.3|8.4|smithgr01
joneswa02|8|Wali Jones|29|48||21.5|3.0|7.4|0.40700000000000003|1.5|1.9|0.8220000000000001|1.6|2.9|2.3|7.5|joneswa02
blockjo01|9|John Block|27|79||19.3|2.9|6.7|0.44|2.6|3.5|0.7490000000000001|5.2|1.2|2.7|8.5|blockjo01
kimbato01|10|Toby Kimball|29|74||13.1|1.4|3.1|0.467|0.6|1.1|0.5429999999999999|4.2|0.8|1.9|3.5|kimbato01
mclemmc01|11|McCoy McLemore|29|10||9.9|0.9|2.8|0.321|1.1|1.2|0.917|3.4|1.2|1.8|2.9|mclemmc01
lowerch01|12|Charlie Lowery|22|20||6.7|0.9|1.9|0.447|0.6|0.9|0.611|1.0|0.7|0.8|2.3|lowerch01
dinwibi01|13|Bill Dinwiddie|28|23||6.3|0.7|2.5|0.281|0.2|0.4|0.556|1.4|0.4|1.0|1.6|dinwibi01
webbje01|14|Jeff Webb|23|19||5.7|0.5|1.8|0.257|0.6|0.7|0.846|0.9|0.4|0.4|1.5|webbje01
nelsoba01|15|Barry Nelson|22|28||3.6|0.5|1.3|0.41700000000000004|0.2|0.4|0.5|0.7|0.3|0.8|1.3|nelsoba01
