|Season|Age|Tm|Lg|MP|FG|FGA|3P|3PA|2P|2PA|FT|FTA|ORB|DRB|TRB|AST|STL|BLK|TOV|PF|PTS|GmSc
0|2006-07|22.0|NOK|NBA|29:21|7|13|0|0|7|13|5|6|5|7|9|1|2|2|4|4|17|13.8
1|2007-08|23.0|NOH|NBA|32:05|5|8|0|0|5|8|4|5|5|6|7|2|1|3|5|6|11|9.2
2|2008-09|24.0|NOH|NBA|31:24|6|9|0|1|6|9|6|6|6|7|11|2|2|4|4|6|17|16.2
4|2009-10|25.0|NOH|NBA|23:02|4|7|0|0|4|7|4|6|3|5|6|3|3|2|2|6|12|13.6
5|2009-10|25.0|SAC|NBA|12:11|2|3|0|0|2|3|2|2|2|3|4|1|1|1|2|3|4|4.3
6|2009-10|25.0|HOU|NBA|9:38|1|4|0|1|1|4|0|2|1|1|2|1|2|0|2|3|2|2.7
8|2010-11|26.0|WAS|NBA|28:51|5|8|1|1|5|8|4|4|5|8|13|2|2|2|2|5|10|11.6
9|2010-11|26.0|ATL|NBA|14:35|2|4|1|1|2|4|1|4|1|3|4|2|2|2|2|2|4|4.2
10|2013-14|29.0|GSW|NBA|31:35|3|6|0|0|3|6|4|7|6|8|10|2|2|2|2|6|10|8.0
