|Season|Age|Tm|Lg|MP|FG|FGA|3P|3PA|2P|2PA|FT|FTA|ORB|DRB|TRB|AST|STL|BLK|TOV|PF|PTS|GmSc
0|1975-76|22.0|POR|NBA||11|24.0|||||9|12|3.0|6.0|6.0|10.0|6.0|3.0||6.0|25|
1|1976-77|23.0|POR|NBA||20|31.0|||||12|14|4.0|5.0|7.0|10.0|7.0|3.0||6.0|43|
2|1977-78|24.0|POR|NBA||15|26.0|||||9|12|5.0|6.0|10.0|11.0|8.0|2.0|9.0|6.0|38|29.5
3|1978-79|25.0|POR|NBA||14||||||9|11|||||||||33|
5|1979-80|26.0|POR|NBA||9|17.0|1.0|2.0|9.0|16.0|6|8|2.0|3.0|3.0|6.0|5.0|1.0|6.0|4.0|24|16.5
6|1979-80|26.0|PHI|NBA||10||1.0||||8|11|||||||||26|
7|1980-81|27.0|PHI|NBA||10||1.0||||7|10|||||||||23|
8|1981-82|28.0|PHI|NBA||10|17.0|1.0|2.0|10.0|17.0|8|12|||10.0|11.0||2.0||6.0|25|
9|1982-83|29.0|SDC|NBA||12|24.0|1.0||12.0||8|10|||||||||25|
10|1983-84|30.0|DET|NBA||4|8.0|0.0|1.0|4.0|8.0|2|2|1.0|2.0|2.0|12.0|2.0|1.0|2.0|3.0|8|10.9
11|1984-85|31.0|HOU|NBA||9|19.0|1.0|2.0|9.0|19.0|9|11|5.0|8.0|8.0|15.0|5.0|2.0|6.0|6.0|23|20.2
