|Season|Age|Tm|Lg|Pos|G|GS|MP|FG|FGA|FG%|3P|3PA|3P%|2P|2PA|2P%|FT|FTA|FT%|ORB|DRB|TRB|AST|STL|BLK|TOV|PF|PTS|ORtg|DRtg
0|1991-92|23.0|WSB|NBA|PF|1.0|0.0|12.0|0.0|16.4|0.0|0.0|0.0||0.0|16.4|0.0|12.3|16.4|0.75|4.1|16.4|20.5|4.1|0.0|0.0|4.1|4.1|12.3|66.0|105.0
1|1992-93|24.0|MIL|NBA|PF|23.0|0.0|339.0|6.2|13.6|0.457|0.6|1.2|0.5|5.6|12.4|0.452|10.0|12.5|0.8|5.9|11.1|16.9|2.1|1.6|0.1|1.9|2.9|23.0|129.0|108.0
2|1993-94|25.0|MIL|NBA|PF|67.0|11.0|1131.0|6.3|15.3|0.413|0.1|0.6|0.231|6.2|14.7|0.42100000000000004|7.1|9.3|0.772|4.9|7.7|12.6|2.2|1.7|0.6|2.7|3.1|19.9|108.0|109.0
3|1994-95|26.0|BOS|NBA|PF|70.0|24.0|1344.0|5.7|12.5|0.45299999999999996|0.1|0.3|0.28600000000000003|5.6|12.2|0.457|5.4|6.5|0.82|5.2|9.1|14.2|1.7|0.9|0.5|3.0|5.4|16.8|110.0|110.0
4|1995-96|27.0|LAL|NBA|PF|63.0|0.0|746.0|5.0|11.8|0.426|0.1|0.6|0.111|4.9|11.1|0.444|4.8|5.9|0.812|4.2|8.2|12.4|2.2|1.3|0.8|1.4|5.6|14.9|117.0|107.0
5|1996-97|28.0|ORL|NBA|PF|82.0|21.0|2004.0|7.1|15.9|0.447|0.0|0.4|0.0|7.1|15.5|0.457|4.7|5.9|0.8029999999999999|4.7|9.4|14.1|2.0|1.3|0.5|2.8|5.3|19.0|106.0|105.0
6|1997-98|29.0|ORL|NBA|PF|58.0|8.0|1638.0|8.7|20.8|0.42|0.0|0.1|0.0|8.7|20.6|0.423|7.3|9.4|0.7809999999999999|5.1|9.2|14.4|1.7|1.0|0.8|2.5|4.1|24.8|108.0|104.0
7|1998-99|30.0|ORL|NBA|PF|44.0|0.0|695.0|5.9|14.0|0.42200000000000004|0.0|0.2|0.0|5.9|13.8|0.42700000000000005|5.5|7.7|0.7170000000000001|5.1|7.4|12.5|1.3|1.2|0.5|2.9|5.0|17.3|102.0|99.0
8|1999-00|31.0|ORL|NBA|PF|20.0|0.0|148.0|7.0|16.0|0.43799999999999994|0.3|1.3|0.25|6.7|14.7|0.455|3.7|4.7|0.7859999999999999|3.7|11.0|14.7|1.3|1.7|0.7|4.0|5.0|18.0|94.0|99.0
9|2000-01|32.0|LAC|NBA|PF|28.0|8.0|491.0|4.9|12.8|0.385|0.0|0.1|0.0|4.9|12.6|0.38799999999999996|3.1|4.0|0.757|3.7|8.1|11.8|0.8|1.5|0.1|2.4|3.3|12.9|92.0|105.0
