|Season|Age|Tm|Lg|MP|FG|FGA|3P|3PA|2P|2PA|FT|FTA|ORB|DRB|TRB|AST|STL|BLK|TOV|PF|PTS|GmSc
0|2001-02|23.0|WAS|NBA||6|10|0|0|6|10|8|14|7|8|15|1|3|3|3|5|14|20.4
1|2002-03|24.0|WAS|NBA||5|8|0|0|5|8|5|8|6|8|12|1|1|3|3|5|14|13.3
2|2003-04|25.0|WAS|NBA||7|13|0|0|7|13|9|14|7|12|16|4|3|4|5|6|21|18.7
3|2004-05|26.0|WAS|NBA||9|12|0|0|9|12|6|8|7|10|14|2|2|3|4|6|23|20.3
4|2005-06|27.0|WAS|NBA|28:58|6|10|0|0|6|10|6|7|5|7|11|2|2|3|3|6|14|12.5
5|2006-07|28.0|WAS|NBA|37:06|9|14|0|0|9|14|3|7|9|10|15|2|2|6|4|6|19|19.2
6|2008-09|30.0|WAS|NBA|18:45|3|6|0|0|3|6|4|6|5|5|8|1|1|3|3|3|10|9.8
7|2009-10|31.0|OKC|NBA|34:53|4|7|0|0|4|7|2|3|3|8|11|1|1|3|3|5|9|10.3
8|2010-11|32.0|ATL|NBA|22:41|3|6|0|0|3|6|3|4|2|4|6|1|1|4|2|2|8|8.7
