player_id|Rk|Unnamed: 1|Age|G|MP|PER|TS%|3PAr|FTr|ORB%|DRB%|TRB%|AST%|STL%|BLK%|TOV%|USG%|Unnamed: 17|OWS|DWS|WS|WS/48|Unnamed: 22|OBPM|DBPM|BPM|VORP|player_id
duranke01|1|Kevin Durant|22|78|3038|23.6|0.589|0.26899999999999996|0.439|2.3|17.7|10.3|13.2|1.5|1.8|10.6|30.6||8.6|3.3|12.0|0.18899999999999997||3.7|-0.8|2.9|3.7|duranke01
westbru01|2|Russell Westbrook|22|82|2847|23.6|0.5379999999999999|0.07400000000000001|0.45399999999999996|5.2|10.3|7.8|42.7|2.8|0.8|15.9|31.6||6.3|3.1|9.4|0.159||4.4|0.5|5.0|5.0|westbru01
ibakase01|3|Serge Ibaka|21|82|2216|17.7|0.579|0.002|0.298|11.7|20.8|16.4|1.6|0.7|6.5|9.2|15.7||4.3|3.2|7.6|0.16399999999999998||-1.1|1.2|0.1|1.1|ibakase01
hardeja01|4|James Harden|21|82|2189|16.4|0.598|0.474|0.501|2.3|11.0|6.8|12.8|2.2|0.8|11.3|19.5||5.0|2.1|7.1|0.156||2.9|-0.6|2.3|2.4|hardeja01
sefolth01|5|Thabo Sefolosha|26|79|2049|10.4|0.545|0.306|0.237|3.8|15.5|9.9|7.9|2.5|1.4|13.0|9.4||1.6|2.5|4.1|0.09699999999999999||-0.6|2.6|2.0|2.0|sefolth01
greenje02|6|Jeff Green|24|49|1815|12.9|0.5329999999999999|0.298|0.293|3.8|13.5|8.8|7.9|1.1|0.8|9.8|19.3||1.9|1.4|3.3|0.087||0.2|-0.7|-0.6|0.7|greenje02
collini01|7|Nick Collison|30|71|1524|10.8|0.6|0.0|0.302|9.5|14.6|12.1|6.7|1.4|1.5|16.7|9.8||2.1|1.5|3.6|0.113||-0.3|1.4|1.0|1.2|collini01
maynoer01|8|Eric Maynor|23|82|1200|11.7|0.485|0.28800000000000003|0.177|2.5|9.1|5.9|30.3|1.5|0.4|17.7|16.5||0.7|0.8|1.5|0.061||-1.2|-2.1|-3.4|-0.4|maynoer01
krstine01|9|Nenad Krstić|27|47|1018|12.5|0.534|0.0|0.21600000000000003|9.2|14.4|11.9|3.0|0.9|1.2|9.0|16.4||1.2|0.8|2.0|0.096||-1.8|-1.5|-3.2|-0.3|krstine01
cookda02|10|Daequan Cook|23|43|598|12.8|0.63|0.851|0.11|1.6|12.1|7.0|5.3|1.2|0.1|8.2|15.7||1.2|0.4|1.6|0.126||2.5|-2.7|-0.2|0.3|cookda02
mohamna01|11|Nazr Mohammed|33|24|429|16.0|0.583|0.0|0.183|13.0|18.5|15.8|2.4|1.9|1.7|11.8|17.0||0.7|0.5|1.2|0.139||-0.7|-1.0|-1.7|0.0|mohamna01
perkike01|12|Kendrick Perkins|26|17|429|9.1|0.511|0.0|0.451|11.0|25.3|18.4|5.4|0.8|2.7|26.7|12.3||-0.1|0.6|0.4|0.046||-3.9|1.6|-2.3|0.0|perkike01
whitedj01|13|D.J. White|24|23|219|10.1|0.46799999999999997|0.0|0.154|6.6|20.7|13.9|2.9|1.4|2.7|9.2|15.8||0.0|0.3|0.3|0.055999999999999994||-5.0|-0.5|-5.5|-0.2|whitedj01
iveyro01|14|Royal Ivey|29|25|155|8.2|0.527|0.42100000000000004|0.053|1.6|10.2|6.0|6.8|2.0|0.5|11.4|12.8||0.1|0.1|0.2|0.06||-2.1|-0.9|-3.0|0.0|iveyro01
aldrico01|15|Cole Aldrich|22|18|142|7.0|0.537|0.0|0.267|11.1|17.5|14.4|4.0|1.8|3.6|32.3|7.9||0.0|0.2|0.2|0.066||-3.4|2.6|-0.8|0.0|aldrico01
mulleby01|16|Byron Mullens|21|13|85|3.5|0.366|0.0|0.5|8.6|24.0|16.5|0.0|1.2|2.6|19.0|22.5||-0.3|0.1|-0.2|-0.113||-12.5|-4.7|-17.2|-0.3|mulleby01
robinna01|17|Nate Robinson|26|4|30|3.3|0.38799999999999996|0.5329999999999999|0.267|0.0|3.8|2.0|31.6|0.0|0.0|10.7|28.4||0.0|0.0|0.0|-0.063||-3.1|-7.9|-11.0|-0.1|robinna01
petermo01|18|Morris Peterson|33|4|23|1.7|0.4|0.2|0.0|0.0|14.8|7.6|6.4|0.0|0.0|0.0|9.9||0.0|0.0|0.0|0.015||-5.1|-2.1|-7.3|0.0|petermo01
