player_id|Rk|Unnamed: 1|Age|G|GS|MP|FG|FGA|FG%|3P|3PA|3P%|2P|2PA|2P%|eFG%|FT|FTA|FT%|ORB|DRB|TRB|AST|STL|BLK|TOV|PF|PTS|player_id
bogdabo01|1|Bogdan Bogdanović|25|78|53|2175|344|772|0.446|129|329|0.392|215|443|0.485|0.529|100|119|0.84|31|192|223|258|72|16|125|172|917|bogdabo01
caulewi01|2|Willie Cauley-Stein|24|73|58|2044|388|773|0.502|3|12|0.25|385|761|0.506|0.504|153|247|0.619|131|379|510|172|77|67|109|185|932|caulewi01
foxde01|3|De'Aaron Fox|20|73|60|2026|328|797|0.41200000000000003|47|153|0.307|281|644|0.436|0.441|141|195|0.723|33|171|204|320|70|20|173|163|844|foxde01
hieldbu01|4|Buddy Hield|25|80|12|2024|416|933|0.446|176|408|0.431|240|525|0.457|0.54|71|81|0.877|55|252|307|155|85|22|124|148|1079|hieldbu01
templga01|5|Garrett Temple|31|65|35|1615|199|476|0.418|89|227|0.392|110|249|0.442|0.512|60|78|0.769|22|130|152|124|57|27|79|135|547|templga01
randoza01|6|Zach Randolph|36|59|57|1508|361|763|0.473|51|147|0.34700000000000003|310|616|0.503|0.507|84|107|0.785|97|300|397|127|42|10|116|119|857|randoza01
jacksju01|7|Justin Jackson|22|68|41|1506|185|419|0.442|57|185|0.308|128|234|0.547|0.51|26|36|0.722|27|160|187|74|28|13|40|81|453|jacksju01
koufoko01|8|Kosta Koufos|28|71|13|1391|222|389|0.5710000000000001|0|0||222|389|0.5710000000000001|0.5710000000000001|33|74|0.446|149|323|472|87|47|32|49|146|477|koufoko01
labissk01|9|Skal Labissière|21|60|28|1240|205|458|0.44799999999999995|18|51|0.353|187|407|0.45899999999999996|0.467|95|118|0.805|99|189|288|72|25|49|73|132|523|labissk01
hillge01|10|George Hill|31|43|36|1143|153|326|0.469|58|128|0.45299999999999996|95|198|0.48|0.5579999999999999|77|99|0.778|22|95|117|119|39|12|60|75|441|hillge01
cartevi01|11|Vince Carter|41|58|5|1026|114|283|0.40299999999999997|57|165|0.345|57|118|0.483|0.504|28|37|0.757|18|130|148|69|42|26|36|96|313|cartevi01
masonfr01|12|Frank Mason|23|52|2|984|144|380|0.379|31|86|0.36|113|294|0.384|0.42|94|115|0.8170000000000001|30|100|130|147|34|10|65|72|413|masonfr01
sampsja02|13|JaKarr Sampson|24|22|6|344|44|81|0.5429999999999999|5|10|0.5|39|71|0.5489999999999999|0.574|10|16|0.625|21|57|78|9|8|22|8|48|103|sampsja02
richama01|14|Malachi Richardson|22|25|4|319|29|88|0.33|12|39|0.308|17|49|0.34700000000000003|0.39799999999999996|17|22|0.773|5|28|33|13|10|1|10|27|87|richama01
papagge01|15|Georgios Papagiannis|20|16|0|118|17|41|0.415|0|0||17|41|0.415|0.415|0|0||12|24|36|9|2|6|8|12|34|papagge01
hayesni01|16|Nigel Hayes|23|5|0|105|8|28|0.28600000000000003|2|12|0.16699999999999998|6|16|0.375|0.321|0|2|0.0|4|18|22|4|2|3|1|8|18|hayesni01
cabocbr01|17|Bruno Caboclo|22|10|0|100|9|29|0.31|3|15|0.2|6|14|0.429|0.36200000000000004|5|6|0.833|7|14|21|3|2|4|4|7|26|cabocbr01
cooleja01|18|Jack Cooley|26|7|0|87|13|27|0.48100000000000004|0|0||13|27|0.48100000000000004|0.48100000000000004|14|19|0.737|14|16|30|6|1|0|3|13|40|cooleja01
