|Season|Age|Tm|Lg|MP|FG|FGA|3P|3PA|2P|2PA|FT|FTA|ORB|DRB|TRB|AST|STL|BLK|TOV|PF|PTS|GmSc
0|1988-89|23.0|LAC|NBA||13|23|1|3|13|22|9|10|5|6|9|20|6|2|10|6|31|28.1
1|1989-90|24.0|LAC|NBA||13|23|2|4|13|23|7|8|6|8|11|21|5|1|8|6|27|27.7
2|1990-91|25.0|LAC|NBA||11|19|2|4|9|16|6|7|4|6|9|16|5|2|9|6|24|23.2
3|1991-92|26.0|LAC|NBA||9|19|2|4|9|19|5|5|3|5|6|16|6|3|7|6|20|22.8
4|1992-93|27.0|LAC|NBA||8|17|2|3|8|15|4|5|2|5|7|13|8|2|5|6|18|17.8
5|1993-94|28.0|LAC|NBA||12|20|3|5|11|17|4|5|3|4|5|10|8|2|6|6|26|25.3
6|1994-95|29.0|LAC|NBA||7|10|1|3|7|10|5|6|2|3|4|11|4|2|4|5|19|18.8
7|1995-96|30.0|NYK|NBA||7|12|1|2|7|11|7|7|2|5|6|6|4|1|3|5|16|13.8
8|1996-97|31.0|MIA|NBA||5|11|3|9|3|8|2|2|2|5|7|6|2|0|3|5|12|9.9
9|1997-98|32.0|POR|NBA||6|11|2|3|6|9|2|2|1|6|6|9|3|1|5|4|12|10.9
10|1998-99|33.0|POR|NBA||0|1|0|0|0|1|0|0|0|0|0|3|1|0|0|0|0|2.4
11|1999-00|34.0|POR|NBA||3|5|0|0|3|5|0|0|0|3|3|1|1|0|1|3|6|4.4
12|2000-01|35.0|POR|NBA||2|2|0|0|2|2|0|0|0|0|0|1|0|0|0|1|4|4.1
