|Season|Age|Tm|Lg|Pos|G|GS|MP|FG|FGA|FG%|3P|3PA|3P%|2P|2PA|2P%|eFG%|FT|FTA|FT%|ORB|DRB|TRB|AST|STL|BLK|TOV|PF|PTS
0|1988-89|23.0|LAC|NBA|PG|71.0|48.0|27.1|5.1|11.7|0.435|0.1|0.3|0.22699999999999998|5.0|11.4|0.441|0.43799999999999994|1.7|2.3|0.735|1.1|2.2|3.4|7.1|2.0|0.1|3.6|2.4|11.9
1|1989-90|24.0|LAC|NBA|PG|44.0|44.0|34.8|5.5|11.8|0.466|0.1|0.5|0.23800000000000002|5.4|11.3|0.47600000000000003|0.47100000000000003|2.0|2.6|0.779|1.3|3.1|4.4|10.0|2.5|0.1|4.7|2.7|13.1
2|1990-91|25.0|LAC|NBA|PG|68.0|65.0|31.0|3.9|8.6|0.451|0.1|0.6|0.231|3.8|8.1|0.467|0.45899999999999996|0.8|1.1|0.6890000000000001|1.0|2.1|3.1|8.6|1.5|0.2|3.1|2.8|8.7
3|1991-92|26.0|LAC|NBA|PG|78.0|53.0|26.3|3.5|7.6|0.462|0.2|0.7|0.294|3.3|7.0|0.478|0.475|0.6|0.7|0.815|0.4|1.9|2.4|6.9|1.8|0.2|2.4|2.3|7.8
4|1992-93|27.0|LAC|NBA|PG|74.0|8.0|21.9|2.8|6.4|0.441|0.1|0.6|0.262|2.7|5.9|0.45899999999999996|0.45299999999999996|0.7|1.0|0.743|0.4|1.5|1.9|4.8|1.4|0.1|1.7|2.3|6.6
5|1993-94|28.0|LAC|NBA|PG|78.0|8.0|19.7|3.2|7.2|0.449|0.2|0.8|0.27399999999999997|3.0|6.4|0.47100000000000003|0.46399999999999997|0.8|1.0|0.855|0.5|1.3|1.8|3.7|1.5|0.2|1.7|1.8|7.5
6|1994-95|29.0|LAC|NBA|PG|33.0|2.0|14.2|2.4|5.0|0.47|0.1|0.5|0.25|2.2|4.5|0.493|0.48200000000000004|1.4|1.7|0.818|0.2|0.8|1.1|2.8|0.9|0.1|1.3|2.0|6.2
7|1995-96|30.0|NYK|NBA|PG|47.0|1.0|12.7|1.9|3.9|0.486|0.2|0.5|0.33299999999999996|1.7|3.3|0.51|0.508|1.0|1.2|0.828|0.3|0.9|1.1|1.5|0.8|0.1|1.0|1.9|4.9
8|1996-97|31.0|MIA|NBA|PG|28.0|0.0|13.0|1.4|3.9|0.355|0.5|1.6|0.304|0.9|2.3|0.391|0.418|0.6|0.8|0.818|0.3|1.1|1.4|1.6|0.6|0.0|1.0|1.4|3.9
9|1997-98|32.0|POR|NBA|PG|22.0|2.0|16.3|2.0|4.2|0.462|0.3|0.9|0.368|1.6|3.4|0.486|0.5|0.5|0.6|0.857|0.4|1.8|2.2|3.8|0.8|0.1|1.1|1.4|4.8
10|1998-99|33.0|POR|NBA|PG|2.0|0.0|3.5|0.0|0.5|0.0|0.0|0.0||0.0|0.5|0.0|0.0|0.0|0.0||0.0|0.0|0.0|1.5|0.5|0.0|0.0|0.0|0.0
11|1999-00|34.0|POR|NBA|PG|3.0|0.0|8.0|2.0|4.7|0.429|0.0|0.0||2.0|4.7|0.429|0.429|0.0|0.0||0.0|1.0|1.0|0.3|0.3|0.0|0.7|1.0|4.0
12|2000-01|35.0|POR|NBA|PG|4.0|0.0|4.3|1.3|1.8|0.7140000000000001|0.0|0.0||1.3|1.8|0.7140000000000001|0.7140000000000001|0.0|0.0||0.0|0.0|0.0|0.3|0.0|0.0|0.0|0.3|2.5
