|Season|Age|Tm|Lg|Pos|G|GS|MP|FG|FGA|FG%|3P|3PA|3P%|2P|2PA|2P%|FT|FTA|FT%|ORB|DRB|TRB|AST|STL|BLK|TOV|PF|PTS
0|1988-89|23.0|LAC|NBA|PG|71.0|48.0|1924.0|6.8|15.5|0.435|0.1|0.4|0.22699999999999998|6.7|15.1|0.441|2.2|3.0|0.735|1.5|3.0|4.5|9.5|2.7|0.2|4.8|3.2|15.8
1|1989-90|24.0|LAC|NBA|PG|44.0|44.0|1529.0|5.7|12.2|0.466|0.1|0.5|0.23800000000000002|5.6|11.7|0.47600000000000003|2.1|2.7|0.779|1.4|3.2|4.6|10.4|2.5|0.1|4.9|2.8|13.5
2|1990-91|25.0|LAC|NBA|PG|68.0|65.0|2105.0|4.5|10.0|0.451|0.2|0.7|0.231|4.4|9.4|0.467|0.9|1.3|0.6890000000000001|1.2|2.4|3.6|10.0|1.8|0.2|3.6|3.3|10.1
3|1991-92|26.0|LAC|NBA|PG|78.0|53.0|2049.0|4.8|10.5|0.462|0.3|0.9|0.294|4.6|9.6|0.478|0.8|0.9|0.815|0.6|2.6|3.2|9.5|2.4|0.2|3.3|3.2|10.7
4|1992-93|27.0|LAC|NBA|PG|74.0|8.0|1624.0|4.7|10.6|0.441|0.2|0.9|0.262|4.4|9.6|0.45899999999999996|1.2|1.6|0.743|0.6|2.5|3.1|7.8|2.3|0.2|2.9|3.7|10.8
5|1993-94|28.0|LAC|NBA|PG|78.0|8.0|1533.0|5.9|13.2|0.449|0.4|1.5|0.27399999999999997|5.5|11.8|0.47100000000000003|1.5|1.8|0.855|1.0|2.3|3.3|6.8|2.8|0.3|3.2|3.3|13.8
6|1994-95|29.0|LAC|NBA|PG|33.0|2.0|470.0|6.0|12.7|0.47|0.3|1.2|0.25|5.7|11.5|0.493|3.4|4.2|0.818|0.6|2.1|2.7|7.1|2.2|0.2|3.4|5.1|15.7
7|1995-96|30.0|NYK|NBA|PG|47.0|1.0|596.0|5.3|10.9|0.486|0.5|1.4|0.33299999999999996|4.8|9.5|0.51|2.9|3.5|0.828|0.7|2.4|3.1|4.2|2.4|0.2|2.7|5.5|14.0
8|1996-97|31.0|MIA|NBA|PG|28.0|0.0|365.0|3.8|10.8|0.355|1.4|4.5|0.304|2.5|6.3|0.391|1.8|2.2|0.818|0.8|3.0|3.7|4.4|1.6|0.0|2.7|3.8|10.8
9|1997-98|32.0|POR|NBA|PG|22.0|2.0|359.0|4.3|9.3|0.462|0.7|1.9|0.368|3.6|7.4|0.486|1.2|1.4|0.857|0.8|4.0|4.8|8.4|1.7|0.2|2.4|3.0|10.5
10|1998-99|33.0|POR|NBA|PG|2.0|0.0|7.0|0.0|5.1|0.0|0.0|0.0||0.0|5.1|0.0|0.0|0.0||0.0|0.0|0.0|15.4|5.1|0.0|0.0|0.0|0.0
11|1999-00|34.0|POR|NBA|PG|3.0|0.0|24.0|9.0|21.0|0.429|0.0|0.0||9.0|21.0|0.429|0.0|0.0||0.0|4.5|4.5|1.5|1.5|0.0|3.0|4.5|18.0
12|2000-01|35.0|POR|NBA|PG|4.0|0.0|17.0|10.6|14.8|0.7140000000000001|0.0|0.0||10.6|14.8|0.7140000000000001|0.0|0.0||0.0|0.0|0.0|2.1|0.0|0.0|0.0|2.1|21.2
