|Season|Age|Tm|Lg|Pos|G|GS|MP|FG|FGA|FG%|3P|3PA|3P%|2P|2PA|2P%|FT|FTA|FT%|ORB|DRB|TRB|AST|STL|BLK|TOV|PF|PTS
0|1988-89|23.0|PHO|NBA|SG|54.0|5.0|1354.0|4.8|11.5|0.419|0.7|2.2|0.32899999999999996|4.1|9.3|0.44|2.1|3.4|0.614|1.6|3.9|5.6|3.5|1.7|0.4|1.3|3.7|12.4
1|1989-90|24.0|PHO|NBA|SG|73.0|23.0|2244.0|4.7|11.2|0.424|0.3|1.3|0.23800000000000002|4.4|9.9|0.44799999999999995|3.2|4.2|0.762|2.3|4.6|6.9|3.0|1.6|0.5|1.3|2.8|13.0
2|1990-91|25.0|PHO|NBA|SF|77.0|7.0|2281.0|6.3|13.0|0.484|0.5|1.4|0.349|5.8|11.6|0.499|3.6|4.7|0.762|2.7|3.9|6.6|3.4|1.7|0.6|1.8|2.6|16.6
3|1991-92|26.0|PHO|NBA|SF|82.0|15.0|2853.0|7.0|14.5|0.478|1.1|2.9|0.382|5.9|11.7|0.502|2.9|3.8|0.7559999999999999|1.9|4.2|6.1|3.5|1.7|0.5|1.3|2.0|17.9
4|1992-93|27.0|PHO|NBA|SG|82.0|82.0|3199.0|5.7|12.3|0.46399999999999997|1.9|4.9|0.381|3.8|7.4|0.52|2.3|2.9|0.778|1.4|3.0|4.3|3.5|1.6|0.4|1.5|2.0|15.6
5|1993-94|28.0|PHO|NBA|SG|80.0|76.0|3207.0|5.3|12.8|0.418|2.2|5.6|0.382|3.2|7.1|0.447|2.0|2.7|0.7390000000000001|1.3|2.6|3.9|3.1|1.4|0.5|1.5|1.7|14.8
6|1994-95|29.0|PHO|NBA|SF|82.0|46.0|3091.0|5.1|12.0|0.425|2.3|6.4|0.363|2.8|5.6|0.495|2.4|3.3|0.73|1.2|3.2|4.4|4.0|1.1|0.4|1.2|1.8|14.9
7|1995-96|30.0|CLE|NBA|SF|82.0|15.0|2367.0|4.6|11.4|0.405|2.2|6.3|0.353|2.4|5.1|0.47|1.8|2.6|0.71|1.1|3.6|4.6|3.3|1.2|0.5|1.4|2.0|13.3
8|1996-97|31.0|MIA|NBA|SF|36.0|26.0|1264.0|4.0|9.9|0.406|1.9|5.7|0.33799999999999997|2.1|4.2|0.5|1.1|1.7|0.6779999999999999|1.3|3.3|4.6|3.3|1.5|0.4|1.4|2.1|11.1
9|1997-98|32.0|MIA|NBA|SG|72.0|22.0|1928.0|3.4|8.2|0.419|2.1|5.5|0.376|1.4|2.7|0.507|0.7|1.0|0.784|0.9|4.1|5.0|2.9|1.3|0.3|1.2|2.6|9.7
10|1998-99|33.0|MIA|NBA|SG|48.0|48.0|1624.0|2.6|6.6|0.396|1.5|4.5|0.335|1.1|2.1|0.526|0.7|1.0|0.7170000000000001|0.5|4.1|4.6|3.3|0.8|0.2|1.2|2.2|7.5
11|1999-00|34.0|MIA|NBA|SG|69.0|69.0|2308.0|2.7|6.6|0.40299999999999997|1.7|4.7|0.36200000000000004|0.9|1.8|0.508|0.9|1.1|0.812|0.4|4.8|5.2|3.2|1.4|0.3|1.0|2.4|7.9
12|2000-01|35.0|MIA|NBA|SG|53.0|19.0|1306.0|2.4|7.1|0.336|1.6|5.0|0.315|0.8|2.2|0.385|1.0|1.2|0.818|0.6|4.0|4.6|2.4|1.5|0.4|1.0|2.7|7.4
13|2001-02|36.0|PHO|NBA|SG|65.0|1.0|1180.0|3.0|8.8|0.34299999999999997|2.4|7.2|0.336|0.6|1.6|0.37|0.7|1.2|0.59|0.9|4.5|5.4|2.7|1.5|0.5|1.1|3.2|9.2
