|Season|Age|Tm|Lg|Pos|G|MP|PER|TS%|3PAr|FTr|ORB%|DRB%|TRB%|AST%|STL%|BLK%|TOV%|USG%|OWS|DWS|WS|WS/48|OBPM|DBPM|BPM|VORP
0|2004-05|21.0|SAC|NBA|PG|45.0|455.0|8.7|0.46399999999999997|0.214|0.47|7.1|7.1|7.1|6.8|1.8|0.5|14.5|16.1|-0.1|0.2|0.1|0.016|-3.2|-1.7|-5.0|-0.3
1|2005-06|22.0|SAC|NBA|SG|72.0|1913.0|14.8|0.604|0.32799999999999996|0.40700000000000003|3.6|12.3|8.0|8.3|1.5|0.3|11.2|17.4|3.6|1.9|5.5|0.13699999999999998|0.8|-0.7|0.1|1.0
2|2006-07|23.0|SAC|NBA|SG|80.0|2818.0|20.1|0.614|0.312|0.534|2.8|11.6|7.1|10.9|1.8|0.3|9.3|23.2|8.3|1.9|10.2|0.17300000000000001|3.8|-1.4|2.4|3.2
3|2007-08|24.0|SAC|NBA|SG|61.0|2216.0|21.0|0.618|0.29100000000000004|0.632|2.6|11.8|7.3|10.1|1.4|0.2|10.1|26.2|7.4|1.1|8.4|0.183|3.9|-2.8|1.1|1.7
4|2008-09|25.0|SAC|NBA|SG|51.0|1947.0|19.2|0.601|0.342|0.65|1.7|9.3|5.5|12.3|1.6|0.3|12.3|27.4|4.7|0.1|4.7|0.11699999999999999|3.1|-3.4|-0.3|0.8
6|2009-10|26.0|SAC|NBA|SG|22.0|774.0|17.0|0.535|0.324|0.457|2.9|11.1|7.0|11.9|1.5|0.4|7.9|25.3|1.5|0.4|1.9|0.11599999999999999|1.9|-2.2|-0.4|0.3
7|2009-10|26.0|HOU|NBA|SG|24.0|859.0|17.1|0.586|0.282|0.523|1.2|8.4|4.7|10.5|1.4|0.2|11.6|25.4|1.8|0.5|2.3|0.129|1.2|-2.3|-1.0|0.2
8|2010-11|27.0|HOU|NBA|SG|80.0|2603.0|21.4|0.601|0.36200000000000004|0.528|1.2|10.0|5.6|13.0|1.6|0.4|10.5|29.6|8.0|1.5|9.5|0.175|4.4|-2.8|1.6|2.3
9|2011-12|28.0|HOU|NBA|SG|40.0|1264.0|16.5|0.5539999999999999|0.419|0.33299999999999996|1.2|8.6|4.9|14.5|1.2|0.2|10.2|24.7|2.7|0.6|3.3|0.125|2.7|-2.5|0.2|0.7
10|2012-13|29.0|OKC|NBA|SG|77.0|2136.0|16.0|0.608|0.47700000000000004|0.316|1.8|7.4|4.8|7.9|1.7|0.3|10.2|21.0|5.0|2.0|7.0|0.157|2.7|-2.3|0.5|1.3
11|2013-14|30.0|MIN|NBA|SG|68.0|2177.0|16.3|0.5529999999999999|0.29|0.332|1.7|8.7|5.1|9.2|1.5|0.2|8.3|25.0|3.8|1.5|5.3|0.11699999999999999|1.4|-2.0|-0.6|0.8
12|2014-15|31.0|MIN|NBA|SG|39.0|1302.0|16.7|0.5489999999999999|0.306|0.309|1.6|11.1|6.2|12.5|1.3|0.1|9.7|26.6|2.0|-0.1|1.9|0.069|1.8|-3.9|-2.1|0.0
14|2015-16|32.0|MIN|NBA|SG|39.0|834.0|11.9|0.523|0.308|0.425|1.4|9.8|5.6|8.8|1.0|0.1|9.4|23.5|0.7|0.1|0.8|0.045|-1.2|-4.0|-5.2|-0.7
15|2015-16|32.0|SAS|NBA|SG|16.0|261.0|10.1|0.504|0.38799999999999996|0.353|1.8|10.6|6.3|6.4|1.8|0.6|11.7|19.5|0.0|0.4|0.4|0.08199999999999999|-2.2|-0.2|-2.4|0.0
