|Season|Age|Tm|Lg|Pos|G|MP|FG%|Dist.|% of 2PA|% of 0-3|% of 3-10|% of 10-16|% of 16-3pt|% of 3P|2P %FG|0-3 %FG|3-10 %FG|10-16 %FG|16-3pt%FG|3P %FG|2P % Assisted|% of Dunks|Dunks Made|3P % Assisted|% of 3PA from Corner|Corner 3 %FG |Heaves Attempted|Heaves Made
0|2004-05|21.0|SAC|NBA|PG|45.0|455.0|0.385|11.9|0.7859999999999999|0.282|0.179|0.188|0.13699999999999998|0.214|0.435|0.545|0.33299999999999996|0.364|0.43799999999999994|0.2|0.45|0.051|6.0|0.6|0.24|0.16699999999999998|0.0|0.0
1|2005-06|22.0|SAC|NBA|SG|72.0|1913.0|0.48|13.2|0.672|0.32799999999999996|0.08199999999999999|0.086|0.17600000000000002|0.32799999999999996|0.534|0.637|0.42200000000000004|0.617|0.354|0.369|0.5710000000000001|0.075|40.0|0.909|0.34600000000000003|0.419|0.0|0.0
2|2006-07|23.0|SAC|NBA|SG|80.0|2818.0|0.473|14.2|0.688|0.256|0.10099999999999999|0.106|0.225|0.312|0.515|0.645|0.48100000000000004|0.442|0.41700000000000004|0.381|0.495|0.051|51.0|0.882|0.237|0.43|1.0|0.0
3|2007-08|24.0|SAC|NBA|SG|61.0|2216.0|0.456|14.0|0.7090000000000001|0.275|0.092|0.098|0.244|0.29100000000000004|0.478|0.602|0.39299999999999996|0.42200000000000004|0.395|0.402|0.45799999999999996|0.059000000000000004|51.0|0.8320000000000001|0.233|0.435|0.0|0.0
4|2008-09|25.0|SAC|NBA|SG|51.0|1947.0|0.42|15.8|0.6579999999999999|0.2|0.083|0.1|0.276|0.342|0.423|0.5429999999999999|0.40299999999999997|0.37|0.36200000000000004|0.415|0.442|0.03|22.0|0.809|0.256|0.507|0.0|0.0
6|2009-10|26.0|SAC|NBA|SG|22.0|774.0|0.39799999999999996|15.3|0.6759999999999999|0.201|0.109|0.1|0.265|0.324|0.419|0.544|0.43200000000000005|0.294|0.36700000000000005|0.355|0.51|0.012|3.0|0.846|0.282|0.484|0.0|0.0
7|2009-10|26.0|HOU|NBA|SG|24.0|859.0|0.435|14.8|0.718|0.22899999999999998|0.079|0.113|0.297|0.282|0.484|0.58|0.5|0.4|0.43799999999999994|0.31|0.569|0.031|11.0|0.8390000000000001|0.18|0.389|0.0|0.0
8|2010-11|27.0|HOU|NBA|SG|80.0|2603.0|0.436|15.7|0.638|0.18600000000000003|0.128|0.105|0.21899999999999997|0.36200000000000004|0.467|0.703|0.377|0.42100000000000004|0.33899999999999997|0.38299999999999995|0.48|0.035|44.0|0.8690000000000001|0.129|0.40700000000000003|0.0|0.0
9|2011-12|28.0|HOU|NBA|SG|40.0|1264.0|0.413|17.1|0.581|0.11|0.136|0.145|0.19|0.419|0.462|0.695|0.35600000000000004|0.385|0.461|0.34700000000000003|0.368|0.017|9.0|0.8079999999999999|0.196|0.386|0.0|0.0
10|2012-13|29.0|OKC|NBA|SG|77.0|2136.0|0.45|17.0|0.523|0.152|0.10800000000000001|0.10800000000000001|0.156|0.47700000000000004|0.47200000000000003|0.6859999999999999|0.33299999999999996|0.405|0.405|0.426|0.568|0.033|24.0|0.943|0.294|0.514|0.0|0.0
11|2013-14|30.0|MIN|NBA|SG|68.0|2177.0|0.43|14.5|0.71|0.201|0.135|0.174|0.19899999999999998|0.29|0.44799999999999995|0.631|0.406|0.326|0.397|0.387|0.585|0.032|32.0|0.887|0.222|0.39399999999999996|0.0|0.0
12|2014-15|31.0|MIN|NBA|SG|39.0|1302.0|0.42700000000000005|16.3|0.6940000000000001|0.099|0.11199999999999999|0.17600000000000002|0.29100000000000004|0.306|0.442|0.6609999999999999|0.34299999999999997|0.46399999999999997|0.40700000000000003|0.39299999999999996|0.547|0.013000000000000001|8.0|0.853|0.19399999999999998|0.568|0.0|0.0
14|2015-16|32.0|MIN|NBA|SG|39.0|834.0|0.377|15.2|0.6920000000000001|0.153|0.12300000000000001|0.156|0.26|0.308|0.381|0.608|0.341|0.308|0.31|0.369|0.557|0.039|12.0|0.9470000000000001|0.146|0.467|0.0|0.0
15|2015-16|32.0|SAS|NBA|SG|16.0|261.0|0.353|14.9|0.612|0.188|0.141|0.165|0.129|0.38799999999999996|0.365|0.5|0.33299999999999996|0.214|0.364|0.33299999999999996|0.474|0.012|1.0|0.909|0.212|0.5710000000000001|0.0|0.0
