|Season|Age|Tm|Lg|Pos|G|GS|MP|FG|FGA|FG%|3P|3PA|3P%|2P|2PA|2P%|FT|FTA|FT%|ORB|DRB|TRB|AST|STL|BLK|TOV|PF|PTS
0|1996-97|21.0|MIL|NBA|SG|82.0|81.0|2532.0|5.5|12.9|0.43|1.7|4.2|0.39299999999999996|3.9|8.7|0.44799999999999995|2.9|3.5|0.823|1.4|3.3|4.6|3.0|1.1|0.1|2.1|3.1|15.7
1|1997-98|22.0|MIL|NBA|SG|82.0|82.0|3287.0|6.2|14.4|0.428|1.5|4.0|0.364|4.7|10.4|0.45299999999999996|3.7|4.3|0.875|1.4|3.0|4.4|3.9|1.2|0.1|2.9|2.7|17.5
2|1998-99|23.0|MIL|NBA|SG|50.0|50.0|1719.0|6.3|14.1|0.45|1.5|4.4|0.35600000000000004|4.8|9.7|0.49200000000000005|3.7|4.1|0.903|1.2|3.2|4.4|3.7|1.1|0.1|2.6|2.5|17.9
3|1999-00|24.0|MIL|NBA|SG|82.0|82.0|3070.0|7.5|16.5|0.455|2.0|4.8|0.423|5.5|11.8|0.46799999999999997|4.1|4.7|0.887|1.0|3.2|4.2|3.6|1.3|0.2|2.1|2.2|21.2
4|2000-01|25.0|MIL|NBA|SG|82.0|82.0|3129.0|7.2|15.1|0.48|2.3|5.4|0.433|4.9|9.7|0.506|4.0|4.5|0.888|1.2|3.8|4.9|4.3|1.4|0.2|2.3|2.2|20.8
5|2001-02|26.0|MIL|NBA|SG|69.0|67.0|2525.0|7.6|16.4|0.462|3.3|7.5|0.434|4.3|8.8|0.485|3.1|3.5|0.873|1.2|3.3|4.4|3.9|1.3|0.3|2.3|2.2|21.4
7|2002-03|27.0|MIL|NBA|SG|47.0|46.0|1683.0|7.5|17.2|0.43700000000000006|2.6|6.7|0.395|4.9|10.5|0.46299999999999997|3.8|4.2|0.9129999999999999|1.0|3.7|4.7|3.5|1.2|0.2|2.5|3.2|21.5
8|2002-03|27.0|SEA|NBA|SG|29.0|29.0|1197.0|7.4|16.8|0.441|2.3|6.7|0.35100000000000003|5.1|10.2|0.5|4.2|4.5|0.92|1.5|3.4|4.9|5.1|1.4|0.1|2.4|2.1|21.4
9|2003-04|28.0|SEA|NBA|SG|56.0|56.0|2152.0|7.5|17.0|0.44|2.5|6.3|0.392|5.0|10.7|0.46799999999999997|4.1|4.5|0.904|1.2|3.6|4.8|4.5|1.2|0.2|2.6|2.2|21.5
10|2004-05|29.0|SEA|NBA|SG|78.0|78.0|3064.0|7.5|17.6|0.428|2.5|6.5|0.376|5.1|11.0|0.45899999999999996|4.4|5.0|0.883|0.9|3.1|4.1|3.4|1.0|0.1|2.0|2.0|21.9
11|2005-06|30.0|SEA|NBA|SG|78.0|78.0|3022.0|8.1|17.9|0.45399999999999996|3.2|7.8|0.41200000000000003|4.9|10.1|0.486|3.9|4.3|0.903|0.8|3.1|4.0|3.4|1.3|0.2|2.2|1.8|23.3
12|2006-07|31.0|SEA|NBA|SG|55.0|55.0|2219.0|8.2|18.7|0.43799999999999994|2.7|7.2|0.37200000000000005|5.5|11.5|0.479|4.5|5.0|0.903|0.9|3.1|4.0|3.7|1.3|0.2|2.5|1.8|23.6
13|2007-08|32.0|BOS|NBA|SG|73.0|73.0|2624.0|6.0|13.5|0.445|2.5|6.2|0.39799999999999996|3.6|7.3|0.485|2.9|3.3|0.907|1.0|2.6|3.7|3.1|0.9|0.2|1.7|2.0|17.5
14|2008-09|33.0|BOS|NBA|SG|79.0|79.0|2876.0|6.2|13.0|0.48|2.5|6.1|0.409|3.8|6.9|0.542|3.0|3.1|0.9520000000000001|0.8|2.7|3.5|2.7|0.9|0.2|1.7|2.0|17.9
15|2009-10|34.0|BOS|NBA|SG|80.0|80.0|2819.0|5.9|12.4|0.47700000000000004|1.9|5.1|0.363|4.1|7.3|0.556|2.9|3.2|0.9129999999999999|0.6|2.7|3.2|2.7|0.8|0.3|1.6|2.3|16.7
16|2010-11|35.0|BOS|NBA|SG|80.0|80.0|2890.0|6.0|12.2|0.491|2.1|4.7|0.444|3.9|7.5|0.52|2.4|2.7|0.8809999999999999|0.6|2.8|3.4|2.7|1.0|0.2|1.5|1.8|16.5
17|2011-12|36.0|BOS|NBA|SG|46.0|42.0|1565.0|5.2|11.3|0.45799999999999996|2.4|5.4|0.45299999999999996|2.8|6.0|0.46299999999999997|2.2|2.4|0.915|0.3|2.9|3.3|2.5|1.1|0.2|1.6|1.9|15.1
18|2012-13|37.0|MIA|NBA|SG|79.0|0.0|2035.0|5.2|11.5|0.449|2.5|5.9|0.419|2.7|5.6|0.48|2.5|2.8|0.8859999999999999|0.7|3.1|3.8|2.4|1.2|0.3|1.8|2.3|15.3
19|2013-14|38.0|MIA|NBA|SG|73.0|9.0|1936.0|4.5|10.1|0.442|2.2|5.7|0.375|2.3|4.4|0.53|2.0|2.2|0.905|0.4|3.4|3.8|2.7|1.0|0.1|1.6|2.1|13.0
