|Season|Age|Tm|Lg|Pos|G|MP|PG%|SG%|SF%|PF%|C%|OnCourt|On-Off|BadPass|LostBall|Shoot|Off.|Shoot.1|Off..1|PGA|And1|Blkd
0|2000-01|25.0|MIL|NBA|SG|18.0|768.0|0|97|3|0|0|4.6|25.0|20.0|17.0|17.0|6.0|31.0|0.0|236.0|6.0|12.0
1|2004-05|29.0|SEA|NBA|SG|11.0|436.0|0|66|34|0|0|-0.4|4.8|16.0|13.0|9.0|5.0|23.0|0.0|92.0|4.0|7.0
2|2007-08|32.0|BOS|NBA|SG|26.0|987.0|0|98|2|0|0|7.8|8.0|17.0|14.0|28.0|3.0|19.0|9.0|159.0|2.0|11.0
3|2008-09|33.0|BOS|NBA|SG|14.0|565.0|0|72|28|1|0|2.3|9.6|9.0|13.0|22.0|2.0|18.0|2.0|80.0|3.0|11.0
4|2009-10|34.0|BOS|NBA|SG|24.0|925.0|0|85|15|0|0|2.9|-0.7|19.0|11.0|40.0|4.0|28.0|7.0|137.0|7.0|12.0
5|2010-11|35.0|BOS|NBA|SG|9.0|361.0|0|90|10|0|0|7.7|36.7|7.0|2.0|11.0|0.0|6.0|2.0|48.0|3.0|7.0
6|2011-12|36.0|BOS|NBA|SG|18.0|616.0|0|87|13|0|0|-1.5|-6.2|9.0|6.0|16.0|2.0|14.0|1.0|39.0|1.0|6.0
7|2012-13|37.0|MIA|NBA|SG|23.0|573.0|0|57|43|0|0|13.3|12.6|14.0|6.0|16.0|4.0|16.0|1.0|69.0|6.0|6.0
8|2013-14|38.0|MIA|NBA|SG|20.0|527.0|1|50|49|0|0|4.8|5.0|14.0|5.0|24.0|4.0|10.0|3.0|73.0|1.0|4.0
