player_id|Rk|Unnamed: 1|Age|G|GS|MP|FG|FGA|FG%|3P|3PA|3P%|2P|2PA|2P%|eFG%|FT|FTA|FT%|ORB|DRB|TRB|AST|STL|BLK|TOV|PF|PTS/G|player_id
wilkido01|1|Dominique Wilkins|31|81|81|38.0|9.5|20.2|0.47|1.0|3.1|0.341|8.5|17.2|0.49200000000000005|0.495|5.9|7.1|0.8290000000000001|3.2|5.8|9.0|3.3|1.5|0.8|2.5|1.9|25.9|wilkido01
riverdo01|2|Doc Rivers|29|79|79|32.7|5.6|12.9|0.435|1.1|3.3|0.336|4.5|9.6|0.47|0.478|2.8|3.3|0.8440000000000001|0.6|2.6|3.2|4.3|1.9|0.6|1.6|2.7|15.2|riverdo01
willike02|3|Kevin Willis|28|80|80|29.7|5.6|11.0|0.504|0.1|0.1|0.4|5.5|10.9|0.505|0.506|2.0|3.0|0.6679999999999999|3.2|5.6|8.8|1.2|0.8|0.5|1.9|2.9|13.1|willike02
webbsp01|4|Spud Webb|27|75|64|29.3|4.8|10.7|0.447|0.7|2.2|0.321|4.1|8.5|0.48|0.48100000000000004|3.1|3.5|0.868|0.5|1.8|2.3|5.6|1.6|0.1|1.9|2.4|13.4|webbsp01
koncajo01|5|Jon Koncak|27|77|61|25.1|1.8|4.2|0.436|0.0|0.1|0.125|1.8|4.1|0.444|0.43799999999999994|0.4|0.7|0.593|1.3|3.6|4.9|1.6|1.0|1.0|0.6|3.4|4.1|koncajo01
battljo01|6|John Battle|28|79|2|23.6|5.0|10.9|0.461|0.2|0.6|0.28600000000000003|4.8|10.3|0.47100000000000003|0.469|3.4|4.0|0.8540000000000001|0.4|1.6|2.0|2.7|0.6|0.1|1.4|1.8|13.6|battljo01
malonmo01|7|Moses Malone|35|82|15|23.3|3.4|7.3|0.46799999999999997|0.0|0.1|0.0|3.4|7.2|0.474|0.46799999999999997|3.8|4.5|0.831|3.3|4.8|8.1|0.8|0.4|0.9|1.7|1.6|10.6|malonmo01
moncrsi01|8|Sidney Moncrief|33|72|3|15.2|1.6|3.3|0.488|0.3|0.9|0.32799999999999996|1.3|2.4|0.545|0.531|1.1|1.5|0.7809999999999999|0.4|1.3|1.8|1.4|0.7|0.1|0.9|1.6|4.7|moncrsi01
ferredu01|9|Duane Ferrell|25|78|2|14.9|2.2|4.6|0.489|0.0|0.0|0.667|2.2|4.5|0.48700000000000004|0.49200000000000005|1.6|2.0|0.8009999999999999|1.2|1.1|2.3|0.7|0.4|0.3|1.0|1.9|6.1|ferredu01
robinru01|10|Rumeal Robinson|24|47|16|14.3|2.3|5.1|0.446|0.0|0.2|0.182|2.3|4.9|0.45899999999999996|0.45|1.0|1.7|0.588|0.4|1.1|1.5|2.8|0.7|0.2|1.6|1.4|5.6|robinru01
mccorti01|11|Tim McCormick|28|56|7|12.3|1.7|3.3|0.49700000000000005|0.0|0.1|0.0|1.7|3.3|0.505|0.49700000000000005|1.2|1.6|0.733|1.0|1.9|2.9|0.6|0.2|0.3|0.8|1.6|4.5|mccorti01
wilsotr01|12|Trevor Wilson|22|25|0|6.5|0.8|2.8|0.3|0.0|0.1|0.0|0.8|2.7|0.309|0.3|0.5|1.0|0.5|0.6|1.0|1.6|0.4|0.2|0.0|0.7|0.5|2.2|wilsotr01
wrighho02|13|Howard Wright|23|4|0|5.0|0.5|0.8|0.667|0.0|0.0||0.5|0.8|0.667|0.667|0.3|0.3|1.0|0.3|1.3|1.5|0.0|0.0|0.0|0.5|0.8|1.3|wrighho02
leonaga01|14|Gary Leonard|23|4|0|2.3|0.0|0.0||0.0|0.0||0.0|0.0|||0.5|1.0|0.5|0.0|0.5|0.5|0.0|0.0|0.3|0.0|0.5|0.5|leonaga01
