|Season|Age|Tm|Lg|Pos|G|GS|MP|FG|FGA|FG%|3P|3PA|3P%|2P|2PA|2P%|eFG%|FT|FTA|FT%|ORB|DRB|TRB|AST|STL|BLK|TOV|PF|PTS
0|1998-99|23.0|IND|NBA|PF|1.0|0.0|1.0|0.0|1.0|0.0|0.0|0.0||0.0|1.0|0.0|0.0|2.0|2.0|1.0|1.0|0.0|1.0|0.0|0.0|0.0|0.0|0.0|2.0
1|1999-00|24.0|IND|NBA|PF|23.0|2.0|490.0|64.0|153.0|0.418|15.0|37.0|0.405|49.0|116.0|0.42200000000000004|0.467|73.0|87.0|0.8390000000000001|31.0|78.0|109.0|19.0|9.0|16.0|25.0|51.0|216.0
2|2000-01|25.0|IND|NBA|PF|4.0|0.0|129.0|14.0|35.0|0.4|2.0|10.0|0.2|12.0|25.0|0.48|0.429|13.0|15.0|0.867|5.0|15.0|20.0|6.0|4.0|2.0|9.0|15.0|43.0
3|2001-02|26.0|IND|NBA|PF|4.0|0.0|59.0|8.0|20.0|0.4|2.0|6.0|0.33299999999999996|6.0|14.0|0.429|0.45|6.0|8.0|0.75|4.0|10.0|14.0|2.0|1.0|1.0|6.0|7.0|24.0
4|2002-03|27.0|IND|NBA|PF|4.0|0.0|46.0|5.0|19.0|0.263|0.0|6.0|0.0|5.0|13.0|0.385|0.263|6.0|7.0|0.857|8.0|9.0|17.0|3.0|0.0|1.0|3.0|5.0|16.0
5|2003-04|28.0|IND|NBA|PF|13.0|2.0|214.0|19.0|55.0|0.345|8.0|24.0|0.33299999999999996|11.0|31.0|0.355|0.418|17.0|21.0|0.81|13.0|27.0|40.0|12.0|4.0|3.0|6.0|17.0|63.0
6|2004-05|29.0|IND|NBA|PF|10.0|0.0|88.0|4.0|10.0|0.4|2.0|4.0|0.5|2.0|6.0|0.33299999999999996|0.5|15.0|18.0|0.833|7.0|10.0|17.0|0.0|4.0|1.0|6.0|10.0|25.0
7|2005-06|30.0|IND|NBA|PF|6.0|2.0|175.0|12.0|38.0|0.316|9.0|23.0|0.391|3.0|15.0|0.2|0.434|16.0|18.0|0.889|5.0|17.0|22.0|7.0|5.0|0.0|6.0|11.0|49.0
8|2006-07|31.0|DAL|NBA|PF|3.0|0.0|34.0|4.0|12.0|0.33299999999999996|3.0|4.0|0.75|1.0|8.0|0.125|0.45799999999999996|4.0|4.0|1.0|3.0|3.0|6.0|0.0|0.0|0.0|2.0|5.0|15.0
