|Season|Age|Tm|Lg|Pos|G|MP|FG%|Dist.|% of 2PA|% of 0-3|% of 3-10|% of 10-16|% of 16-3pt|% of 3P|2P %FG|0-3 %FG|3-10 %FG|10-16 %FG|16-3pt%FG|3P %FG|2P % Assisted|% of Dunks|Dunks Made|3P % Assisted|% of 3PA from Corner|Corner 3 %FG |Heaves Attempted|Heaves Made
0|2000-01|25.0|IND|NBA|PF|81.0|1874.0|0.39399999999999996|13.0|0.705|0.27|0.171|0.11|0.154|0.295|0.41700000000000004|0.513|0.317|0.377|0.389|0.33799999999999997|0.529|0.046|30.0|0.943|0.353|0.35600000000000004|1.0|0.0
1|2001-02|26.0|IND|NBA|PF|76.0|1286.0|0.413|14.9|0.6759999999999999|0.23|0.10300000000000001|0.109|0.23399999999999999|0.324|0.449|0.5920000000000001|0.217|0.36700000000000005|0.44799999999999995|0.33799999999999997|0.596|0.054000000000000006|21.0|0.98|0.359|0.34600000000000003|1.0|0.0
2|2002-03|27.0|IND|NBA|PF|49.0|633.0|0.41100000000000003|15.1|0.67|0.225|0.077|0.124|0.244|0.33|0.42100000000000004|0.617|0.313|0.26899999999999996|0.353|0.391|0.61|0.043|9.0|0.889|0.29|0.3|0.0|0.0
3|2003-04|28.0|IND|NBA|PF|77.0|1051.0|0.38799999999999996|15.6|0.531|0.28|0.049|0.059000000000000004|0.14300000000000002|0.469|0.387|0.47700000000000004|0.267|0.111|0.364|0.389|0.619|0.052000000000000005|13.0|0.929|0.40299999999999997|0.431|0.0|0.0
4|2004-05|29.0|IND|NBA|PF|73.0|1827.0|0.37799999999999995|13.7|0.65|0.34|0.064|0.08|0.165|0.35|0.44299999999999995|0.556|0.375|0.2|0.354|0.259|0.58|0.064|28.0|0.956|0.22399999999999998|0.33299999999999996|0.0|0.0
5|2005-06|30.0|IND|NBA|PF|50.0|1148.0|0.46299999999999997|16.7|0.509|0.242|0.06|0.039|0.168|0.491|0.5379999999999999|0.623|0.47100000000000003|0.545|0.43799999999999994|0.386|0.6920000000000001|0.06|17.0|0.981|0.207|0.31|1.0|0.0
6|2006-07|31.0|DAL|NBA|PF|61.0|727.0|0.35100000000000003|14.8|0.59|0.27899999999999997|0.063|0.10400000000000001|0.14400000000000002|0.41|0.397|0.419|0.5|0.261|0.406|0.28600000000000003|0.635|0.040999999999999995|8.0|0.9620000000000001|0.231|0.23800000000000002|0.0|0.0
7|2007-08|32.0|GSW|NBA|PF|44.0|457.0|0.445|15.7|0.555|0.285|0.066|0.073|0.131|0.445|0.513|0.667|0.222|0.4|0.389|0.361|0.5379999999999999|0.066|8.0|1.0|0.213|0.385|1.0|0.0
9|2008-09|33.0|MIL|NBA|PF|11.0|77.0|0.4|12.0|0.633|0.433|0.067|0.033|0.1|0.36700000000000005|0.368|0.308|1.0|0.0|0.33299999999999996|0.455|0.429|0.067|1.0|1.0|0.182|0.5|0.0|0.0
10|2008-09|33.0|SAS|NBA|PF|3.0|23.0|0.222|16.4|0.556|0.222|0.111|0.0|0.222|0.444|0.4|0.5|1.0||0.0|0.0|1.0|0.111|1.0||0.0||0.0|0.0
