|Season|Age|Tm|Lg|Pos|G|MP|PER|TS%|3PAr|FTr|ORB%|DRB%|TRB%|AST%|STL%|BLK%|TOV%|USG%|OWS|DWS|WS|WS/48|OBPM|DBPM|BPM|VORP
0|1988-89|22.0|SAS|NBA|SF|81.0|2738.0|16.6|0.534|0.016|0.225|5.8|11.1|8.4|21.1|2.5|1.4|15.6|23.8|2.1|2.8|4.9|0.085|0.9|0.6|1.5|2.4
1|1989-90|23.0|SAS|NBA|SG|82.0|2788.0|15.2|0.532|0.024|0.268|4.8|10.1|7.5|19.6|1.9|1.3|14.1|20.9|2.8|3.7|6.5|0.111|0.6|0.8|1.4|2.4
2|1990-91|24.0|SAS|NBA|SG|75.0|2592.0|13.0|0.499|0.035|0.215|3.1|11.5|7.5|20.2|1.5|1.1|13.3|20.1|1.3|3.5|4.8|0.08900000000000001|-0.8|0.9|0.1|1.4
3|1991-92|25.0|SAS|NBA|SG|57.0|1889.0|13.8|0.499|0.08199999999999999|0.201|3.6|13.6|8.7|23.2|1.4|1.7|15.8|19.8|0.7|2.6|3.3|0.083|-0.6|1.3|0.7|1.3
4|1992-93|26.0|SAS|NBA|SG|38.0|560.0|8.7|0.461|0.043|0.151|1.5|9.8|5.8|20.4|1.3|0.7|18.2|19.0|-0.6|0.5|-0.1|-0.006999999999999999|-4.2|-1.0|-5.2|-0.5
5|1993-94|27.0|SAS|NBA|SG|80.0|2488.0|14.2|0.523|0.081|0.204|3.2|7.5|5.5|21.6|1.5|1.2|14.4|19.2|3.2|2.3|5.6|0.107|0.3|-0.3|0.0|1.3
6|1994-95|28.0|SAS|NBA|SG|38.0|556.0|10.3|0.514|0.11699999999999999|0.253|3.2|7.8|5.6|13.8|2.4|1.2|17.4|17.3|0.0|0.7|0.7|0.061|-2.5|0.8|-1.7|0.0
8|1995-96|29.0|TOR|NBA|SG|49.0|1564.0|11.9|0.518|0.18|0.25|2.7|11.6|7.1|15.1|1.9|2.5|16.9|19.8|0.1|0.8|0.9|0.027000000000000003|-2.1|-0.4|-2.5|-0.2
9|1995-96|29.0|NYK|NBA|SG|27.0|496.0|9.2|0.46399999999999997|0.188|0.233|3.2|10.9|7.2|15.0|1.8|1.2|14.1|16.0|-0.2|0.7|0.5|0.052000000000000005|-3.4|0.8|-2.6|-0.1
10|1996-97|30.0|MIA|NBA|SG|28.0|303.0|12.6|0.57|0.297|0.313|6.0|10.4|8.2|18.2|2.5|1.0|20.7|14.2|0.4|0.5|0.9|0.142|-1.0|1.7|0.8|0.2
