|Season|Age|Tm|Lg|Pos|G|MP|FG%|Dist.|% of 2PA|% of 0-3|% of 3-10|% of 10-16|% of 16-3pt|% of 3P|2P %FG|0-3 %FG|3-10 %FG|10-16 %FG|16-3pt%FG|3P %FG|2P % Assisted|% of Dunks|Dunks Made|3P % Assisted|% of 3PA from Corner|Corner 3 %FG |Heaves Attempted|Heaves Made
0|2006-07|19.0|MIL|NBA|PF|66.0|973.0|0.38299999999999995|15.1|0.5920000000000001|0.248|0.11|0.08|0.154|0.408|0.395|0.522|0.35|0.172|0.33899999999999997|0.365|0.6709999999999999|0.011000000000000001|4.0|0.833|0.203|0.267|0.0|0.0
1|2009-10|22.0|MIL|NBA|PF|81.0|1898.0|0.44299999999999995|14.3|0.669|0.292|0.073|0.09300000000000001|0.21100000000000002|0.331|0.496|0.601|0.491|0.33799999999999997|0.42200000000000004|0.336|0.69|0.015|9.0|0.988|0.091|0.22699999999999998|0.0|0.0
2|2010-11|23.0|MIL|NBA|PF|60.0|1505.0|0.436|14.3|0.7609999999999999|0.268|0.09300000000000001|0.091|0.31|0.239|0.479|0.581|0.23399999999999999|0.28300000000000003|0.522|0.298|0.703|0.004|2.0|1.0|0.132|0.5|2.0|0.0
3|2011-12|24.0|MIL|NBA|PF|60.0|1655.0|0.49200000000000005|10.8|0.812|0.40399999999999997|0.136|0.075|0.198|0.188|0.501|0.614|0.321|0.444|0.415|0.455|0.7120000000000001|0.013000000000000001|7.0|0.98|0.134|0.467|1.0|0.0
4|2012-13|25.0|MIL|NBA|PF|73.0|2012.0|0.462|13.7|0.733|0.28800000000000003|0.102|0.121|0.223|0.267|0.469|0.5670000000000001|0.32899999999999996|0.495|0.391|0.444|0.736|0.006|4.0|0.9890000000000001|0.079|0.353|1.0|0.0
5|2013-14|26.0|MIL|NBA|PF|55.0|1478.0|0.409|13.5|0.774|0.299|0.092|0.102|0.282|0.226|0.446|0.5489999999999999|0.302|0.33899999999999997|0.423|0.282|0.775|0.013999999999999999|7.0|1.0|0.107|0.214|0.0|0.0
6|2014-15|27.0|MIL|NBA|PF|58.0|1319.0|0.47200000000000003|13.9|0.659|0.34299999999999997|0.068|0.054000000000000006|0.19399999999999998|0.341|0.515|0.597|0.263|0.4|0.491|0.389|0.7140000000000001|0.006999999999999999|3.0|0.973|0.126|0.5|0.0|0.0
8|2015-16|28.0|DET|NBA|PF|52.0|1434.0|0.425|14.6|0.5770000000000001|0.266|0.126|0.049|0.136|0.423|0.47100000000000003|0.593|0.297|0.44|0.406|0.363|0.638|0.002|0.0|0.9359999999999999|0.14|0.33299999999999996|0.0|0.0
9|2015-16|28.0|ORL|NBA|PF|22.0|447.0|0.418|11.8|0.7120000000000001|0.379|0.11800000000000001|0.052000000000000005|0.17|0.28800000000000003|0.42200000000000004|0.517|0.389|0.25|0.26899999999999996|0.409|0.652|0.006999999999999999|1.0|0.889|0.091|0.5|0.0|0.0
11|2016-17|29.0|OKC|NBA|PF|3.0|62.0|0.375|18.7|0.25|0.25|0.0|0.0|0.0|0.75|0.75|0.75||||0.25|0.33299999999999996|0.0|0.0|1.0|0.25|0.33299999999999996|0.0|0.0
12|2016-17|29.0|PHI|NBA|PF|53.0|1447.0|0.44|16.0|0.54|0.235|0.1|0.077|0.128|0.46|0.509|0.6579999999999999|0.369|0.32|0.45799999999999996|0.359|0.736|0.011000000000000001|7.0|0.925|0.185|0.455|0.0|0.0
13|2016-17|29.0|ATL|NBA|PF|26.0|633.0|0.41200000000000003|14.5|0.593|0.27399999999999997|0.09699999999999999|0.09699999999999999|0.11900000000000001|0.40700000000000003|0.455|0.452|0.364|0.5|0.519|0.348|0.754|0.004|1.0|0.938|0.261|0.375|0.0|0.0
15|2017-18|30.0|ATL|NBA|PF|46.0|1175.0|0.45899999999999996|14.1|0.5760000000000001|0.299|0.085|0.08|0.11199999999999999|0.424|0.532|0.617|0.441|0.469|0.42200000000000004|0.359|0.797|0.015|6.0|0.9670000000000001|0.365|0.484|0.0|0.0
16|2017-18|30.0|PHI|NBA|PF|23.0|554.0|0.439|13.6|0.608|0.297|0.142|0.094|0.075|0.392|0.488|0.635|0.3|0.25|0.563|0.361|0.667|0.009000000000000001|1.0|0.9670000000000001|0.07200000000000001|0.5|0.0|0.0
17|2018-19|31.0|MIL|NBA|PF|67.0|1231.0|0.43799999999999994|13.8|0.58|0.354|0.115|0.057999999999999996|0.052000000000000005|0.42|0.493|0.615|0.25|0.364|0.35|0.363|0.6970000000000001|0.013000000000000001|4.0|1.0|0.244|0.33299999999999996|1.0|0.0
