player_id|Rk|Unnamed: 1|Age|G|GS|MP|FG|FGA|FG%|FT|FTA|FT%|ORB|DRB|TRB|AST|STL|BLK|PF|PTS|Unnamed: 20|ORtg|DRtg|player_id
vanlino01|1|Norm Van Lier|28|76||3026|5.7|15.6|0.366|3.7|5.0|0.737|2.2|4.3|6.5|7.9|2.4|0.4|4.7|15.1|||98|vanlino01
lovebo01|2|Bob Love|33|76||2823|9.2|23.6|0.39|6.1|7.7|0.8009999999999999|3.2|5.4|8.6|2.5|1.1|0.2|4.0|24.6|||100|lovebo01
johnsmi01|3|Mickey Johnson|23|81||2390|9.6|20.7|0.46299999999999997|5.7|7.2|0.7859999999999999|5.6|9.6|15.2|2.6|1.9|1.3|5.8|24.8|||95|johnsmi01
boerwto01|4|Tom Boerwinkle|30|74||2045|6.2|12.4|0.5|2.8|4.1|0.667|6.2|12.4|18.5|6.6|1.1|1.2|6.2|15.2|||95|boerwto01
marinja01|5|Jack Marin|31|67||1631|8.9|21.1|0.42100000000000004|3.9|4.6|0.865|1.7|4.5|6.2|3.5|1.1|0.1|3.9|21.7|||100|marinja01
benbole01|6|Leon Benbow|25|76||1586|6.6|16.6|0.397|3.2|4.2|0.75|2.0|3.4|5.3|4.8|1.9|0.3|5.6|16.4|||99|benbole01
laskojo01|7|John Laskowski|22|71||1570|8.7|21.0|0.41200000000000003|2.7|3.7|0.725|1.6|5.1|6.7|1.7|1.7|0.3|2.7|20.0|||99|laskojo01
pondecl01|8|Cliff Pondexter|21|75||1326|5.6|13.7|0.41100000000000003|4.4|6.6|0.67|4.1|9.7|13.8|3.2|1.0|0.9|4.8|15.7|||97|pondecl01
wilsobo03|9|Bobby Wilson|25|58||856|11.0|27.4|0.40299999999999997|2.4|3.2|0.741|1.8|3.5|5.3|2.9|1.4|0.1|5.4|24.4|||100|wilsobo03
pattest01|10|Steve Patterson|27|52||782|4.2|11.1|0.379|1.6|2.7|0.591|4.5|7.8|12.2|4.3|0.8|0.7|5.0|10.0|||99|pattest01
sloanje01|11|Jerry Sloan|33|22||617|6.5|16.3|0.4|4.3|6.1|0.705|3.1|5.9|9.0|1.7|2.1|0.4|6.0|17.3|||97|sloanje01
garrero01|12|Rowland Garrett|25|14||324|8.4|19.4|0.435|5.6|6.5|0.8640000000000001|4.0|7.1|11.1|1.0|1.2|0.6|4.7|22.5|||98|garrero01
guokama02|13|Matt Guokas|31|18||278|6.2|12.7|0.486|1.6|1.9|0.818|0.7|2.1|2.8|4.8|0.9|0.2|4.0|14.0|||102|guokama02
thurmna01|14|Nate Thurmond|34|13||260|3.7|8.3|0.444|1.5|3.3|0.444|2.6|10.5|13.1|4.8|0.7|2.2|2.8|8.8|||96|thurmna01
fernser01|15|Eric Fernsten|22|33||259|6.1|15.5|0.39299999999999996|4.8|6.8|0.703|4.6|8.1|12.8|3.5|1.3|2.6|3.7|17.0|||96|fernser01
blockjo01|16|John Block|31|2||7|13.7|27.4|0.5|0.0|13.7|0.0|0.0|13.7|13.7|0.0|6.8|0.0|13.7|27.4|||84|blockjo01
