player_id|Rk|Unnamed: 1|Age|G|GS|MP|FG|FGA|FG%|FT|FTA|FT%|TRB|AST|PF|PTS|player_id
westje01|1|Jerry West|27|79||3218|818|1731|0.473|840|977|0.86|562|480|243|2476|westje01
larusru01|2|Rudy LaRusso|28|76||2316|410|897|0.457|350|445|0.787|660|165|261|1170|larusru01
ellisle01|3|Leroy Ellis|25|80||2219|393|927|0.424|186|256|0.727|735|74|232|972|ellisle01
abdulma01|4|Walt Hazzard|23|80||2198|458|1003|0.457|182|257|0.708|219|393|224|1098|abdulma01
bayloel01|5|Elgin Baylor|31|65||1975|415|1034|0.401|249|337|0.7390000000000001|621|224|157|1079|bayloel01
boozebo01|6|Bob Boozer|28|78||1847|365|754|0.484|225|289|0.779|548|87|196|955|boozebo01
kingji01|7|Jim King|24|76||1499|238|545|0.43700000000000006|94|115|0.8170000000000001|204|223|181|570|kingji01
imhofda01|8|Darrall Imhoff|27|77||1413|151|337|0.44799999999999995|77|136|0.5660000000000001|509|113|234|379|imhofda01
wileyge01|9|Gene Wiley|28|67||1386|123|289|0.426|43|76|0.5660000000000001|490|63|171|289|wileyge01
goodrga01|10|Gail Goodrich|22|65||1008|203|503|0.40399999999999997|103|149|0.691|130|103|103|509|goodrga01
faircjo01|11|John Fairchild|22|30||171|23|89|0.258|14|20|0.7|45|11|33|60|faircjo01
