|Season|Age|Tm|Lg|Pos|G|GS|MP|FG|FGA|FG%|FT|FTA|FT%|TRB|AST|PF|PTS
0|1957-58|24.0|BOS|NBA|SG|56||594|100|233|0.429|60|84|0.7140000000000001|160|37|42|260
1|1958-59|25.0|BOS|NBA|SF|71||1466|305|703|0.434|151|196|0.77|428|101|102|761
2|1959-60|26.0|BOS|NBA|SF|74||1512|355|782|0.45399999999999996|168|220|0.764|375|125|101|878
3|1960-61|27.0|BOS|NBA|SG|78||2028|480|1069|0.449|211|268|0.787|421|217|148|1171
4|1961-62|28.0|BOS|NBA|SG|78||2388|596|1284|0.46399999999999997|243|297|0.818|458|232|149|1435
5|1962-63|29.0|BOS|NBA|SG|76||2323|621|1305|0.47600000000000003|257|324|0.7929999999999999|396|241|162|1499
6|1963-64|30.0|BOS|NBA|SG|76||2381|612|1359|0.45|249|318|0.7829999999999999|349|202|192|1473
7|1964-65|31.0|BOS|NBA|SG|80||2885|821|1818|0.452|428|522|0.82|411|223|176|2070
8|1965-66|32.0|BOS|NBA|SG|67||2155|626|1335|0.469|325|407|0.799|347|216|170|1577
9|1966-67|33.0|BOS|NBA|SG|72||2325|638|1406|0.45399999999999996|318|371|0.857|338|217|191|1594
10|1967-68|34.0|BOS|NBA|PG|73||2408|621|1348|0.461|311|376|0.8270000000000001|357|216|181|1553
11|1968-69|35.0|BOS|NBA|SG|70||1820|496|1103|0.45|148|189|0.7829999999999999|265|182|121|1140
