|Season|Age|Tm|Lg|Pos|G|MP|PER|TS%|3PAr|FTr|ORB%|DRB%|TRB%|AST%|STL%|BLK%|TOV%|USG%|OWS|DWS|WS|WS/48|OBPM|DBPM|BPM|VORP
0|1988-89|23.0|SAS|NBA|SG|79.0|2065.0|12.1|0.496|0.156|0.294|2.5|8.5|5.4|20.7|1.9|0.2|16.0|20.9|0.1|1.4|1.5|0.035|-1.6|-1.7|-3.3|-0.7
2|1989-90|24.0|SAS|NBA|SG|49.0|1118.0|10.3|0.489|0.17|0.31|3.6|10.4|7.1|17.7|1.8|0.3|17.0|15.5|0.1|1.3|1.4|0.061|-1.8|0.1|-1.7|0.1
3|1989-90|24.0|HOU|NBA|SG|30.0|869.0|13.0|0.503|0.165|0.361|1.9|8.6|5.3|24.1|2.3|0.3|16.2|20.7|0.2|1.2|1.4|0.076|-1.1|-0.1|-1.2|0.2
4|1990-91|25.0|HOU|NBA|SG|82.0|2870.0|13.5|0.507|0.409|0.237|1.5|7.3|4.4|15.5|2.2|0.3|11.0|22.2|2.5|3.5|5.9|0.099|1.0|-0.3|0.7|1.9
5|1991-92|26.0|HOU|NBA|SG|80.0|2700.0|14.1|0.514|0.389|0.22|1.6|8.3|5.0|18.9|1.9|0.6|11.8|24.3|1.7|2.1|3.9|0.069|1.2|-1.6|-0.4|1.1
6|1992-93|27.0|HOU|NBA|SG|71.0|2251.0|13.4|0.512|0.42100000000000004|0.266|1.6|9.1|5.6|19.6|1.9|0.2|12.7|21.5|1.4|2.5|3.9|0.08199999999999999|0.6|-0.9|-0.2|1.0
7|1993-94|28.0|HOU|NBA|SG|75.0|2571.0|12.5|0.483|0.413|0.196|1.9|7.7|5.0|22.4|2.5|0.5|14.9|21.4|-0.1|3.6|3.5|0.066|-0.3|0.2|-0.1|1.2
8|1994-95|29.0|HOU|NBA|SG|64.0|2038.0|11.9|0.508|0.568|0.185|1.1|7.8|4.6|20.7|1.9|0.4|14.0|21.5|0.3|1.6|1.9|0.044000000000000004|0.2|-1.7|-1.5|0.2
9|1995-96|30.0|PHI|NBA|PG|75.0|2467.0|13.9|0.508|0.43700000000000006|0.316|1.8|9.1|5.4|24.7|2.0|0.4|15.2|25.6|0.4|0.5|0.9|0.018000000000000002|0.9|-2.6|-1.7|0.2
10|1996-97|31.0|SAS|NBA|SG|72.0|2068.0|11.8|0.47100000000000003|0.41100000000000003|0.19899999999999998|1.5|7.9|4.6|13.4|2.3|0.7|10.9|24.9|-0.4|0.3|0.0|-0.001|-0.6|-2.7|-3.3|-0.7
12|1997-98|32.0|ORL|NBA|SG|11.0|169.0|9.4|0.45299999999999996|0.33299999999999996|0.33299999999999996|3.4|5.7|4.5|13.0|0.7|0.4|11.8|27.5|0.0|0.1|0.0|0.013000000000000001|-2.0|-4.5|-6.5|-0.2
13|1997-98|32.0|CHH|NBA|SG|31.0|467.0|13.2|0.539|0.478|0.18899999999999997|2.4|9.0|5.7|14.6|1.6|0.5|12.6|22.1|0.5|0.3|0.8|0.08|1.0|-2.8|-1.8|0.0
14|1998-99|33.0|SAC|NBA|SG|46.0|1007.0|12.6|0.522|0.5489999999999999|0.271|1.4|7.5|4.5|12.1|1.5|0.2|12.4|22.8|1.1|0.5|1.6|0.07400000000000001|0.8|-3.1|-2.3|-0.1
15|1999-00|34.0|SEA|NBA|SG|47.0|989.0|12.6|0.462|0.455|0.302|1.6|7.2|4.4|12.3|2.0|0.6|8.7|27.1|0.1|0.7|0.8|0.036000000000000004|-0.6|-3.4|-4.0|-0.5
17|2000-01|35.0|PHI|NBA|PG|24.0|375.0|8.1|0.446|0.512|0.17600000000000002|0.9|10.0|5.6|12.5|1.7|0.0|11.8|18.4|-0.1|0.4|0.4|0.046|-1.7|-1.2|-2.9|-0.1
18|2000-01|35.0|DAL|NBA|PG|19.0|285.0|4.9|0.396|0.48|0.102|0.4|10.7|5.7|10.5|1.6|0.8|14.2|19.0|-0.6|0.2|-0.3|-0.052000000000000005|-4.2|-1.4|-5.6|-0.3
