|Season|Age|Tm|Lg|Pos|G|GS|MP|FG|FGA|FG%|FT|FTA|FT%|TRB|AST|PF|PTS
0|1958-59|24.0|MNL|NBA|SF|13||556|7.9|19.6|0.40299999999999997|5.6|7.3|0.77|10.1|2.8|3.4|21.4
1|1959-60|25.0|MNL|NBA|SF|9||408|9.8|20.6|0.474|7.0|8.3|0.84|11.2|2.7|3.4|26.6
2|1960-61|26.0|LAL|NBA|SF|12||540|11.3|24.1|0.47|7.8|9.5|0.8240000000000001|12.2|3.7|2.9|30.5
3|1961-62|27.0|LAL|NBA|SF|13||571|11.7|26.8|0.43799999999999994|8.2|10.6|0.774|14.5|3.0|2.8|31.6
4|1962-63|28.0|LAL|NBA|SF|13||562|10.2|23.2|0.442|6.7|8.1|0.825|11.3|3.7|3.1|27.2
5|1963-64|29.0|LAL|NBA|SF|5||221|7.3|19.4|0.37799999999999995|5.0|6.5|0.775|9.4|4.6|2.8|19.7
6|1964-65|30.0|LAL|NBA|SF|1||5|0.0|14.4|0.0|0.0|0.0||0.0|7.2|0.0|0.0
7|1965-66|31.0|LAL|NBA|SF|14||586|8.9|20.2|0.442|5.2|6.5|0.81|12.1|3.2|2.3|23.0
8|1966-67|32.0|LAL|NBA|SF|3||121|8.3|22.6|0.368|4.5|6.0|0.75|11.6|2.7|1.8|21.1
9|1967-68|33.0|LAL|NBA|SF|15||633|10.0|21.4|0.46799999999999997|4.3|6.4|0.679|12.4|3.4|2.3|24.3
10|1968-69|34.0|LAL|NBA|SF|18||640|6.0|15.6|0.385|3.5|5.6|0.63|9.3|4.2|3.2|15.6
11|1969-70|35.0|LAL|NBA|SF|18||667|7.4|16.0|0.466|3.2|4.4|0.741|9.3|4.5|2.7|18.1
