|Season|Age|Tm|Lg|Pos|G|MP|FG%|Dist.|% of 2PA|% of 0-3|% of 3-10|% of 10-16|% of 16-3pt|% of 3P|2P %FG|0-3 %FG|3-10 %FG|10-16 %FG|16-3pt%FG|3P %FG|2P % Assisted|% of Dunks|Dunks Made|3P % Assisted|% of 3PA from Corner|Corner 3 %FG |Heaves Attempted|Heaves Made
0|2012-13|22.0|DAL|NBA|SF|78.0|1353.0|0.384|17.9|0.47700000000000004|0.177|0.071|0.038|0.191|0.523|0.446|0.677|0.231|0.28600000000000003|0.34299999999999997|0.32799999999999996|0.667|0.016|5.0|0.937|0.22399999999999998|0.488|3.0|0.0
1|2013-14|23.0|DAL|NBA|SF|78.0|1254.0|0.439|16.1|0.49|0.243|0.071|0.051|0.125|0.51|0.552|0.722|0.381|0.4|0.37799999999999995|0.331|0.55|0.040999999999999995|12.0|0.96|0.41100000000000003|0.435|1.0|0.0
3|2014-15|24.0|DAL|NBA|SF|25.0|265.0|0.434|17.2|0.5|0.19699999999999998|0.039|0.079|0.184|0.5|0.526|0.667|0.667|0.33299999999999996|0.429|0.342|0.45|0.013000000000000001|1.0|0.9229999999999999|0.368|0.5|0.0|0.0
4|2014-15|24.0|BOS|NBA|SF|57.0|1382.0|0.418|14.8|0.638|0.292|0.075|0.1|0.17300000000000001|0.36200000000000004|0.495|0.613|0.371|0.46799999999999997|0.358|0.282|0.7090000000000001|0.034|13.0|0.9790000000000001|0.22899999999999998|0.231|2.0|0.0
5|2015-16|25.0|BOS|NBA|SF|73.0|2308.0|0.44299999999999995|15.1|0.5539999999999999|0.27399999999999997|0.075|0.064|0.139|0.446|0.529|0.7040000000000001|0.24600000000000002|0.34600000000000003|0.41600000000000004|0.336|0.7559999999999999|0.023|19.0|0.943|0.226|0.32899999999999996|1.0|0.0
6|2016-17|26.0|BOS|NBA|SF|72.0|2335.0|0.46299999999999997|17.9|0.45299999999999996|0.213|0.039|0.038|0.16399999999999998|0.547|0.54|0.7390000000000001|0.321|0.444|0.35600000000000004|0.39799999999999996|0.7609999999999999|0.018000000000000002|13.0|0.93|0.228|0.478|1.0|0.0
8|2017-18|27.0|CLE|NBA|SF|53.0|1346.0|0.418|15.9|0.49700000000000005|0.27899999999999997|0.064|0.024|0.13|0.503|0.508|0.6759999999999999|0.25|0.222|0.327|0.32799999999999996|0.8320000000000001|0.003|0.0|0.9520000000000001|0.254|0.396|0.0|0.0
9|2017-18|27.0|UTA|NBA|SF|27.0|744.0|0.386|16.4|0.485|0.22399999999999998|0.075|0.068|0.11900000000000001|0.515|0.462|0.636|0.318|0.4|0.257|0.316|0.773|0.013999999999999999|3.0|0.8959999999999999|0.27|0.366|0.0|0.0
10|2018-19|28.0|UTA|NBA|SF|80.0|2166.0|0.39899999999999997|18.7|0.345|0.20199999999999999|0.055999999999999994|0.023|0.064|0.655|0.527|0.6709999999999999|0.244|0.16699999999999998|0.451|0.331|0.8690000000000001|0.031|22.0|0.9420000000000001|0.239|0.35200000000000004|4.0|0.0
