|Season|Age|Tm|Lg|Pos|G|MP|PER|TS%|3PAr|FTr|ORB%|DRB%|TRB%|AST%|STL%|BLK%|TOV%|USG%|OWS|DWS|WS|WS/48|OBPM|DBPM|BPM|VORP
0|1982-83|22.0|CLE|NBA|PG|68.0|990.0|11.7|0.47100000000000003|0.038|0.225|1.9|9.3|5.5|25.5|2.7|0.3|22.4|22.4|-1.1|0.8|-0.2|-0.011000000000000001|-3.8|-0.4|-4.3|-0.6
1|1983-84|23.0|CLE|NBA|PG|76.0|1712.0|12.8|0.485|0.027999999999999997|0.326|3.1|7.4|5.2|27.9|2.2|0.1|19.7|21.0|-0.4|1.3|0.9|0.025|-1.9|-0.9|-2.8|-0.3
2|1984-85|24.0|CLE|NBA|PG|81.0|2401.0|16.0|0.524|0.038|0.24100000000000002|2.4|10.7|6.6|39.4|2.5|0.1|21.3|16.3|2.3|2.3|4.6|0.092|0.2|0.3|0.5|1.5
3|1985-86|25.0|CLE|NBA|PG|78.0|2472.0|15.2|0.475|0.043|0.249|3.4|8.9|6.1|40.7|2.3|0.2|19.9|19.8|1.0|2.0|3.0|0.059000000000000004|0.2|-0.4|-0.2|1.1
4|1986-87|26.0|CLE|NBA|PG|72.0|2182.0|12.1|0.485|0.141|0.18600000000000003|2.7|9.7|6.2|24.6|2.0|0.2|17.1|17.5|0.3|2.3|2.6|0.057999999999999996|-1.4|-0.1|-1.5|0.3
5|1987-88|27.0|NJN|NBA|PG|82.0|2774.0|12.4|0.503|0.18|0.201|2.5|8.5|5.4|25.8|1.9|0.2|17.1|17.9|0.8|1.7|2.6|0.044000000000000004|-0.6|-0.8|-1.4|0.4
6|1988-89|28.0|NJN|NBA|PG|68.0|1642.0|11.3|0.467|0.11199999999999999|0.256|2.4|7.6|4.9|33.1|2.1|0.2|22.9|17.3|-0.6|1.0|0.4|0.013000000000000001|-2.5|-1.5|-4.0|-0.8
7|1989-90|29.0|BOS|NBA|PG|54.0|1095.0|10.8|0.489|0.083|0.179|2.8|6.0|4.5|33.3|1.8|0.2|27.7|12.5|0.3|0.8|1.1|0.047|-2.4|-1.8|-4.2|-0.6
8|1991-92|31.0|BOS|NBA|PG|73.0|1742.0|12.7|0.478|0.083|0.188|2.5|7.4|5.1|35.9|1.6|0.1|21.3|17.2|0.6|1.4|1.9|0.053|-1.3|-1.7|-3.0|-0.4
9|1992-93|32.0|BOS|NBA|PG|10.0|97.0|2.0|0.41600000000000004|0.04|0.24|1.2|6.9|4.1|26.4|1.0|0.0|38.1|20.0|-0.4|0.1|-0.3|-0.159|-9.0|-2.6|-11.6|-0.2
10|1993-94|33.0|ATL|NBA|PG|3.0|13.0|7.6|0.34700000000000003|0.0|1.0|0.0|8.5|4.2|28.1|0.0|0.0|0.0|9.5|0.0|0.0|0.0|0.105|-5.2|-3.7|-8.9|0.0
