|Season|Age|Tm|Lg|MP|FG|FGA|3P|3PA|2P|2PA|FT|FTA|ORB|DRB|TRB|AST|STL|BLK|TOV|PF|PTS|GmSc
0|1982-83|22.0|CLE|NBA||11|18|0||11||7|8|||||||||29|
1|1983-84|23.0|CLE|NBA||9|20|1|2.0|9|19.0|8|12|3.0|5.0|7.0|11.0|5.0|1.0|8.0|6.0|26|19.6
2|1984-85|24.0|CLE|NBA||16|19|1|3.0|16|19.0|6|8|4.0|11.0|11.0|19.0|4.0|2.0|5.0|5.0|35|34.8
3|1985-86|25.0|CLE|NBA||10|21|2|4.0|10|21.0|8|10|7.0|8.0|11.0|18.0|6.0|1.0|8.0|6.0|24|25.9
4|1986-87|26.0|CLE|NBA||10|21|3|8.0|10|17.0|10|10|4.0|8.0|10.0|11.0|6.0|2.0|7.0|5.0|24|23.0
5|1987-88|27.0|NJN|NBA||11|21|5|11.0|11|18.0|9|10|4.0|7.0|10.0|11.0|5.0|1.0|7.0|5.0|31|26.9
6|1988-89|28.0|NJN|NBA||7|14|1|4.0|7|14.0|6|7|2.0|6.0|8.0|12.0|6.0|1.0|7.0|5.0|17|17.4
7|1989-90|29.0|BOS|NBA||6|12|1|2.0|6|11.0|4|6|3.0|5.0|6.0|16.0|4.0|1.0|5.0|5.0|14|15.8
8|1991-92|31.0|BOS|NBA||8|18|2|3.0|7|15.0|8|8|4.0|5.0|8.0|14.0|3.0|1.0|6.0|6.0|18|18.5
9|1992-93|32.0|BOS|NBA||4|5|0|1.0|4|5.0|2|2|1.0|2.0|2.0|4.0|1.0|0.0|4.0|3.0|9|7.8
10|1993-94|33.0|ATL|NBA||0|1|0|0.0|0|1.0|2|2|0.0|1.0|1.0|2.0|0.0|0.0|0.0|1.0|2|2.6
