player_id|Rk|Unnamed: 1|Age|G|GS|MP|FG|FGA|FG%|3P|3PA|3P%|2P|2PA|2P%|FT|FTA|FT%|ORB|DRB|TRB|AST|TOV|PF|PTS|player_id
haywosp01|1|Spencer Haywood|20|84||3808|9.3|18.9|0.493|0.0|0.1|0.0|9.3|18.8|0.496|5.2|6.7|0.7759999999999999|5.0|10.4|15.5|1.8|2.4|2.1|23.8|haywosp01
jonesla01|2|Larry Jones|27|75||3027|7.4|17.1|0.434|0.5|2.0|0.248|6.9|15.2|0.45799999999999996|6.9|8.7|0.7909999999999999|1.7|2.9|4.7|5.1|2.8|2.7|22.2|jonesla01
congdje01|3|Jeffrey Congdon|26|83||2461|4.4|11.3|0.386|0.9|2.6|0.354|3.5|8.7|0.395|2.2|2.8|0.7859999999999999|0.8|2.6|3.4|6.5|3.0|3.0|11.9|congdje01
beckby01|4|Byron Beck|25|79||2454|6.5|12.3|0.523|0.0|0.0|0.0|6.5|12.3|0.524|2.0|2.6|0.787|3.7|7.5|11.2|1.6|2.0|4.3|14.9|beckby01
wrighlo01|5|Lonnie Wright|25|79||2237|6.3|15.3|0.413|0.9|3.1|0.28|5.5|12.2|0.447|1.9|2.8|0.691|0.8|2.7|3.5|2.4|1.6|4.5|15.5|wrighlo01
hammoju01|6|Julian Hammond|26|69||1847|6.4|12.9|0.498|0.0|0.0|0.0|6.4|12.8|0.499|3.3|4.7|0.695|4.0|5.2|9.2|2.1|3.1|3.6|16.1|hammoju01
keyeju01|7|Julius Keye|23|77||1641|5.4|13.6|0.396|0.0|0.2|0.0|5.4|13.4|0.401|2.5|4.2|0.601|4.1|7.5|11.6|1.0|2.2|4.6|13.3|keyeju01
piatkwa01|8|Walter Piatkowski|24|74||1302|5.9|14.8|0.402|0.3|1.4|0.22|5.6|13.4|0.42100000000000004|2.1|2.7|0.768|2.9|4.0|7.0|1.1|2.1|5.0|14.3|piatkwa01
warlebe01|9|Ben Warley|33|42||475|4.5|12.9|0.353|1.1|4.4|0.259|3.4|8.5|0.402|4.4|5.8|0.763|2.0|6.4|8.3|2.3|2.7|7.4|14.6|warlebe01
wittmgr01|10|Greg Wittman|22|50||453|6.4|16.2|0.392|0.3|1.4|0.235|6.0|14.9|0.406|2.5|4.7|0.542|2.4|5.4|7.8|1.2|2.9|6.9|15.6|wittmgr01
thearfl01|11|Floyd Theard|25|25||406|3.5|10.0|0.345|0.0|0.1|0.0|3.5|9.9|0.348|1.6|2.5|0.643|0.7|3.8|4.5|3.9|4.0|4.3|8.5|thearfl01
lynnlo01|12|Lonnie Lynn|26|12||140|5.1|11.8|0.435|0.0|0.0||5.1|11.8|0.435|2.1|3.1|0.667|3.9|9.0|12.9|1.0|1.8|4.6|12.3|lynnlo01
walledw01|13|Dwight Waller|24|7||87|4.1|9.9|0.41700000000000004|0.0|0.4|0.0|4.1|9.5|0.435|3.7|7.9|0.474|6.6|9.1|15.7|1.7|6.6|5.0|12.0|walledw01
andercl01|14|Cliff Anderson|25|3||22|3.3|6.5|0.5|0.0|0.0||3.3|6.5|0.5|3.3|9.8|0.33299999999999996|1.6|4.9|6.5|6.5|4.9|4.9|9.8|andercl01
