player_id|Rk|Unnamed: 1|Age|G|GS|MP|FG|FGA|FG%|FT|FTA|FT%|ORB|DRB|TRB|AST|STL|BLK|PF|PTS|player_id
maravpe01|1|Pete Maravich|26|76||2903|10.2|22.2|0.457|5.8|7.0|0.826|1.2|3.4|4.6|4.9|1.4|0.2|3.2|26.1|maravpe01
hudsolo01|2|Lou Hudson|29|65||2588|9.4|18.9|0.5|4.1|4.9|0.836|1.8|3.1|4.9|3.0|2.2|0.4|2.9|23.0|hudsolo01
washiji01|3|Jim Washington|30|73||2519|4.2|8.7|0.485|1.9|2.8|0.684|3.0|7.5|10.5|2.2|0.7|1.1|3.6|10.4|washiji01
bellawa01|4|Walt Bellamy|34|77||2440|5.7|11.8|0.486|3.4|5.7|0.608|3.9|7.0|10.9|2.8|0.8|0.7|3.4|14.9|bellawa01
gillihe01|5|Herm Gilliam|27|62||2003|6.9|15.2|0.45399999999999996|1.9|2.4|0.7909999999999999|1.1|3.7|4.8|6.4|2.4|0.3|3.4|15.7|gillihe01
brownjo01|6|John Brown|22|77||1715|5.8|13.3|0.43799999999999994|3.4|4.6|0.7509999999999999|3.7|5.5|9.3|2.4|0.6|0.3|5.0|15.1|brownjo01
bracest01|7|Steve Bracey|23|75||1463|5.9|12.8|0.46299999999999997|1.7|2.4|0.7190000000000001|0.6|3.0|3.6|5.7|1.5|0.1|3.9|13.6|bracest01
jonesdw01|8|Dwight Jones|21|74||1448|5.9|12.5|0.474|2.9|3.9|0.7440000000000001|3.6|7.7|11.3|2.1|0.7|1.6|4.9|14.7|jonesdw01
wetzejo01|9|John Wetzel|29|70||1232|3.1|7.4|0.425|1.2|1.7|0.7190000000000001|1.1|3.8|5.0|4.0|2.1|0.6|4.3|7.5|wetzejo01
schluda01|10|Dale Schlueter|28|57||547|4.1|8.9|0.467|2.5|3.3|0.76|3.6|6.6|10.2|3.0|1.6|1.4|5.5|10.8|schluda01
tschojo01|11|John Tschogl|23|64||499|4.3|12.0|0.355|0.7|1.2|0.588|2.4|3.1|5.5|2.4|1.2|1.4|5.0|9.2|tschojo01
ingelto01|12|Tom Ingelsby|22|48||398|4.5|11.8|0.382|2.6|3.3|0.784|0.9|3.1|4.0|3.3|1.7|0.4|3.9|11.7|ingelto01
