player_id|Rk|Unnamed: 1|Age|G|GS|MP|FG|FGA|FG%|FT|FTA|FT%|ORB|DRB|TRB|AST|STL|BLK|PF|PTS/G|player_id
hudsolo01|1|Lou Hudson|29|65||39.8|10.4|20.9|0.5|4.5|5.4|0.836|1.9|3.4|5.4|3.3|2.5|0.4|3.2|25.4|hudsolo01
maravpe01|2|Pete Maravich|26|76||38.2|10.8|23.6|0.457|6.2|7.5|0.826|1.3|3.6|4.9|5.2|1.5|0.2|3.4|27.7|maravpe01
washiji01|3|Jim Washington|30|73||34.5|4.1|8.4|0.485|1.8|2.7|0.684|2.8|7.2|10.1|2.1|0.7|1.0|3.4|10.0|washiji01
gillihe01|4|Herm Gilliam|27|62||32.3|6.2|13.6|0.45399999999999996|1.7|2.2|0.7909999999999999|1.0|3.3|4.3|5.7|2.2|0.3|3.1|14.1|gillihe01
bellawa01|5|Walt Bellamy|34|77||31.7|5.1|10.4|0.486|3.0|5.0|0.608|3.4|6.2|9.6|2.5|0.7|0.6|3.0|13.1|bellawa01
brownjo01|6|John Brown|22|77||22.3|3.6|8.2|0.43799999999999994|2.1|2.8|0.7509999999999999|2.3|3.4|5.7|1.5|0.4|0.2|3.1|9.3|brownjo01
jonesdw01|7|Dwight Jones|21|74||19.6|3.2|6.8|0.474|1.6|2.1|0.7440000000000001|2.0|4.2|6.1|1.2|0.4|0.9|2.7|8.0|jonesdw01
bracest01|8|Steve Bracey|23|75||19.5|3.2|6.9|0.46299999999999997|0.9|1.3|0.7190000000000001|0.3|1.6|1.9|3.1|0.8|0.1|2.1|7.3|bracest01
wetzejo01|9|John Wetzel|29|70||17.6|1.5|3.6|0.425|0.6|0.8|0.7190000000000001|0.6|1.9|2.4|2.0|1.0|0.3|2.1|3.6|wetzejo01
schluda01|10|Dale Schlueter|28|57||9.6|1.1|2.4|0.467|0.7|0.9|0.76|0.9|1.8|2.7|0.8|0.4|0.4|1.5|2.9|schluda01
ingelto01|11|Tom Ingelsby|22|48||8.3|1.0|2.7|0.382|0.6|0.8|0.784|0.2|0.7|0.9|0.8|0.4|0.1|0.9|2.7|ingelto01
tschojo01|12|John Tschogl|23|64||7.8|0.9|2.6|0.355|0.2|0.3|0.588|0.5|0.7|1.2|0.5|0.3|0.3|1.1|2.0|tschojo01
