|Season|Age|Tm|Lg|Pos|G|MP|PER|TS%|3PAr|FTr|ORB%|DRB%|TRB%|AST%|STL%|BLK%|TOV%|USG%|OWS|DWS|WS|WS/48|OBPM|DBPM|BPM|VORP
0|2000-01|21.0|SAC|NBA|SF|74.0|1245.0|11.7|0.509|0.257|0.33399999999999996|4.4|13.6|9.1|8.3|2.1|1.3|12.5|15.6|1.0|1.8|2.8|0.106|-1.6|0.9|-0.8|0.4
1|2001-02|22.0|SAC|NBA|SF|80.0|1970.0|14.2|0.514|0.249|0.335|3.5|16.0|9.8|12.2|1.5|1.0|9.3|19.2|2.5|2.7|5.2|0.127|-0.2|0.3|0.1|1.1
2|2002-03|23.0|SAC|NBA|SF|67.0|1175.0|12.0|0.509|0.19899999999999998|0.281|3.4|13.3|8.6|10.9|1.1|0.7|10.2|18.4|1.1|1.5|2.6|0.105|-1.7|-0.5|-2.2|-0.1
3|2003-04|24.0|SAS|NBA|SF|80.0|2073.0|14.1|0.516|0.374|0.25|2.8|16.3|9.7|12.5|2.1|1.1|11.6|18.1|2.2|4.5|6.7|0.155|0.0|2.2|2.2|2.2
4|2004-05|25.0|ORL|NBA|SF|67.0|1757.0|16.0|0.532|0.313|0.28800000000000003|4.0|10.7|7.4|14.9|1.2|0.7|11.9|24.8|2.4|1.0|3.4|0.092|1.5|-2.3|-0.8|0.5
5|2005-06|26.0|ORL|NBA|SF|78.0|2615.0|16.7|0.578|0.32299999999999995|0.33799999999999997|3.4|12.1|7.9|14.3|1.5|0.6|11.4|20.6|5.8|1.9|7.6|0.14|3.0|-0.7|2.3|2.8
6|2006-07|27.0|ORL|NBA|SF|73.0|2268.0|14.2|0.528|0.341|0.266|3.2|12.5|8.0|17.9|1.6|0.6|13.5|21.7|2.3|2.6|4.9|0.105|1.3|-0.2|1.1|1.8
7|2007-08|28.0|ORL|NBA|SF|82.0|3026.0|17.8|0.5760000000000001|0.34|0.321|3.3|14.2|9.0|22.9|1.3|0.6|15.0|24.8|5.6|3.5|9.0|0.14300000000000002|2.9|0.5|3.3|4.1
8|2008-09|29.0|ORL|NBA|SF|77.0|2815.0|14.8|0.541|0.36700000000000005|0.38|1.8|14.2|8.2|22.5|1.2|0.5|14.6|23.0|3.0|4.4|7.3|0.125|0.9|1.2|2.1|2.9
9|2009-10|30.0|TOR|NBA|SF|74.0|2272.0|13.3|0.54|0.429|0.335|2.2|15.2|8.9|19.5|1.2|1.1|13.9|18.1|2.6|0.8|3.4|0.071|1.5|-0.5|1.0|1.7
11|2010-11|31.0|PHO|NBA|PF|25.0|630.0|13.1|0.5670000000000001|0.503|0.187|3.7|14.7|9.2|13.7|1.5|1.6|12.9|17.2|0.8|0.4|1.2|0.092|1.3|0.5|1.8|0.6
12|2010-11|31.0|ORL|NBA|SF|56.0|1910.0|13.6|0.55|0.40299999999999997|0.22699999999999998|1.6|13.8|7.8|24.0|1.5|0.8|14.8|16.6|2.7|3.0|5.6|0.142|1.1|1.9|3.0|2.4
13|2011-12|32.0|ORL|NBA|SF|53.0|1653.0|11.7|0.528|0.512|0.188|1.7|12.4|7.0|24.1|1.5|0.8|20.6|19.5|0.6|1.5|2.1|0.06|0.0|0.1|0.1|0.9
14|2012-13|33.0|ORL|NBA|SF|11.0|189.0|3.4|0.28800000000000003|0.45299999999999996|0.113|2.4|13.2|7.8|17.2|1.9|0.4|17.7|16.3|-0.6|0.1|-0.5|-0.11599999999999999|-6.6|-0.6|-7.3|-0.3
15|2013-14|34.0|LAC|NBA|SF|38.0|392.0|11.3|0.49200000000000005|0.45899999999999996|0.165|3.2|21.4|12.6|11.9|2.4|2.0|12.0|15.0|0.1|0.7|0.8|0.095|-1.9|2.1|0.2|0.2
16|2014-15|35.0|LAC|NBA|SF|62.0|705.0|10.5|0.602|0.7390000000000001|0.059000000000000004|0.8|14.7|7.9|7.5|1.4|0.8|13.1|14.2|0.6|0.6|1.2|0.081|-0.1|-0.8|-0.9|0.2
