|Season|Age|Tm|Lg|MP|FG|FGA|3P|3PA|2P|2PA|FT|FTA|ORB|DRB|TRB|AST|STL|BLK|TOV|PF|PTS|GmSc
0|2005-06|22.0|HOU|NBA|32:55|6|10|0|1|6|10|4|5|6|9|13|2|3|2|3|6|14|16.7
1|2006-07|23.0|HOU|NBA|38:39|7|10|0|0|7|10|6|7|8|11|15|4|5|3|5|6|16|16.7
2|2007-08|24.0|HOU|NBA|41:27|4|8|0|1|4|8|4|5|6|10|13|5|4|3|3|6|10|12.0
3|2008-09|25.0|HOU|NBA|26:17|4|7|0|1|4|7|1|2|4|10|10|3|3|2|3|6|9|9.6
4|2009-10|26.0|HOU|NBA|50:00|7|10|0|0|7|10|5|6|8|13|18|8|4|2|4|6|14|17.7
5|2010-11|27.0|HOU|NBA|44:04|9|15|0|1|9|15|8|8|13|11|17|11|5|2|3|5|21|22.6
6|2011-12|28.0|SAC|NBA|35:42|5|9|0|1|5|9|2|4|7|9|13|6|2|3|3|6|12|14.3
7|2012-13|29.0|SAC|NBA|34:17|4|7|0|1|4|7|4|7|5|9|12|6|2|3|3|5|10|13.1
9|2013-14|30.0|SAC|NBA|20:59|3|6|0|0|3|6|2|2|3|6|9|2|2|1|2|3|6|11.0
10|2013-14|30.0|TOR|NBA|27:07|5|9|0|1|5|9|3|3|5|8|13|3|3|3|3|6|12|10.0
11|2014-15|31.0|TOR|NBA|17:25|4|4|0|0|4|4|2|2|4|3|7|3|3|2|2|4|9|7.4
12|2015-16|32.0|HOU|NBA|14:31|1|2|0|0|1|2|2|2|0|7|7|2|0|0|3|4|4|1.9
