player_id|Rk|Unnamed: 1|Age|G|GS|MP|FG|FGA|FG%|3P|3PA|3P%|2P|2PA|2P%|eFG%|FT|FTA|FT%|ORB|DRB|TRB|AST|TOV|PF|PTS/G|player_id
brownro01|1|Roger Brown|27|84||41.6|8.6|17.2|0.498|0.5|1.4|0.33299999999999996|8.1|15.8|0.513|0.512|5.4|6.7|0.813|2.1|5.3|7.4|4.7|2.7|3.7|23.0|brownro01
netolbo01|2|Bob Netolicky|27|82||39.3|8.2|17.0|0.483|0.0|0.1|0.28600000000000003|8.2|16.9|0.484|0.484|4.2|6.1|0.6829999999999999|4.1|6.6|10.7|1.5|2.3|2.5|20.6|netolbo01
danieme01|3|Mel Daniels|25|83||36.6|7.4|15.6|0.473|0.0|0.0|0.0|7.4|15.6|0.474|0.473|4.0|5.9|0.675|5.1|12.5|17.6|1.6|3.7|3.7|18.7|danieme01
lewisfr02|4|Freddie Lewis|26|81||35.5|5.5|13.1|0.42100000000000004|0.6|2.2|0.266|5.0|11.0|0.452|0.44299999999999995|4.7|6.0|0.79|1.5|2.0|3.4|3.6|2.3|3.6|16.4|lewisfr02
barnhjo01|5|John Barnhill|31|77||30.8|4.2|10.7|0.39399999999999996|0.9|3.5|0.261|3.3|7.2|0.46|0.43799999999999994|2.1|3.1|0.664|0.8|1.5|2.2|4.1|2.0|2.5|11.4|barnhjo01
beckear01|6|Arthur Becker|28|82||18.3|3.8|7.2|0.521|0.0|0.0|0.0|3.8|7.2|0.522|0.521|1.4|1.7|0.81|1.3|3.3|4.6|0.5|0.7|3.0|8.9|beckear01
kellebi01|7|Bill Keller|22|82||18.1|3.1|7.7|0.397|0.5|1.9|0.273|2.6|5.9|0.43799999999999994|0.431|2.0|2.4|0.85|0.9|1.2|2.1|2.9|1.4|1.9|8.7|kellebi01
ormsba01|8|Barry Orms|23|9||15.9|1.9|4.4|0.425|0.0|0.3|0.0|1.9|4.1|0.45899999999999996|0.425|1.9|2.9|0.654|1.4|2.7|4.1|1.4|0.9|3.3|5.7|ormsba01
thackto01|9|Tom Thacker|30|70||14.5|1.0|3.0|0.33|0.1|0.6|0.256|0.9|2.5|0.34700000000000003|0.354|0.5|1.0|0.551|1.3|1.7|3.0|2.6|1.6|2.5|2.7|thackto01
chubist01|10|Stephen Chubin|25|32||11.9|1.3|2.9|0.441|0.1|0.1|0.5|1.2|2.8|0.43799999999999994|0.452|1.6|1.9|0.833|0.7|0.6|1.3|2.2|2.0|2.3|4.2|chubist01
dardeol01|11|Ollie Darden|25|26||11.1|1.8|4.7|0.38799999999999996|0.0|0.2|0.25|1.8|4.5|0.39299999999999996|0.39299999999999996|0.6|0.9|0.696|0.8|2.6|3.5|0.5|1.0|1.8|4.3|dardeol01
faircjo01|12|John Fairchild|26|3||8.7|0.3|2.0|0.16699999999999998|0.0|0.0||0.3|2.0|0.16699999999999998|0.16699999999999998|0.3|0.7|0.5|0.3|2.7|3.0|0.7|0.3|2.7|1.0|faircjo01
milleja01|13|Jay Miller|26|52||8.0|1.4|3.2|0.449|0.0|0.0|0.0|1.4|3.2|0.452|0.449|0.8|1.1|0.7190000000000001|0.8|0.7|1.5|0.3|0.5|1.4|3.7|milleja01
edmonbo01|14|Bobby Edmonds|28|3||4.0|0.3|1.7|0.2|0.0|0.0||0.3|1.7|0.2|0.2|0.3|1.0|0.33299999999999996|0.7|0.7|1.3|0.0|0.0|0.3|1.0|edmonbo01
grubadi01|15|Dick Grubar|22|2||4.0|1.0|1.5|0.667|0.0|0.0||1.0|1.5|0.667|0.667|0.0|0.0||0.0|0.0|0.0|0.5|0.0|0.5|2.0|grubadi01
mckeeje01|16|Jerry McKee|23|1||3.0|0.0|1.0|0.0|0.0|0.0||0.0|1.0|0.0|0.0|0.0|0.0||0.0|0.0|0.0|0.0|1.0|0.0|0.0|mckeeje01
