player_id|Rk|Unnamed: 1|Age|G|GS|MP|FG|FGA|FG%|3P|3PA|3P%|2P|2PA|2P%|eFG%|FT|FTA|FT%|ORB|DRB|TRB|AST|TOV|PF|PTS|player_id
brownro01|1|Roger Brown|27|84||3495|719|1444|0.498|40|120|0.33299999999999996|679|1324|0.513|0.512|457|562|0.813|178|442|620|392|229|308|1935|brownro01
netolbo01|2|Bob Netolicky|27|82||3222|673|1393|0.483|2|7|0.28600000000000003|671|1386|0.484|0.484|343|502|0.6829999999999999|337|539|876|123|185|206|1691|netolbo01
danieme01|3|Mel Daniels|25|83||3039|613|1295|0.473|0|2|0.0|613|1293|0.474|0.473|330|489|0.675|423|1039|1462|131|307|309|1556|danieme01
lewisfr02|4|Freddie Lewis|26|81||2877|448|1065|0.42100000000000004|47|177|0.266|401|888|0.452|0.44299999999999995|383|485|0.79|118|159|277|289|190|294|1326|lewisfr02
barnhjo01|5|John Barnhill|31|77||2374|325|824|0.39399999999999996|71|272|0.261|254|552|0.46|0.43799999999999994|158|238|0.664|60|113|173|312|157|196|879|barnhjo01
beckear01|6|Arthur Becker|28|82||1504|309|593|0.521|0|1|0.0|309|592|0.522|0.521|111|137|0.81|110|269|379|45|61|249|729|beckear01
kellebi01|7|Bill Keller|22|82||1482|252|634|0.397|42|154|0.273|210|480|0.43799999999999994|0.431|164|193|0.85|75|99|174|235|115|153|710|kellebi01
thackto01|8|Tom Thacker|30|70||1016|70|212|0.33|10|39|0.256|60|173|0.34700000000000003|0.354|38|69|0.551|91|120|211|185|115|177|188|thackto01
milleja01|9|Jay Miller|26|52||415|75|167|0.449|0|1|0.0|75|166|0.452|0.449|41|57|0.7190000000000001|43|37|80|16|28|72|191|milleja01
chubist01|10|Stephen Chubin|25|32||381|41|93|0.441|2|4|0.5|39|89|0.43799999999999994|0.452|50|60|0.833|23|18|41|69|63|73|134|chubist01
dardeol01|11|Ollie Darden|25|26||288|47|121|0.38799999999999996|1|4|0.25|46|117|0.39299999999999996|0.39299999999999996|16|23|0.696|22|68|90|13|25|48|111|dardeol01
ormsba01|12|Barry Orms|23|9||143|17|40|0.425|0|3|0.0|17|37|0.45899999999999996|0.425|17|26|0.654|13|24|37|13|8|30|51|ormsba01
faircjo01|13|John Fairchild|26|3||26|1|6|0.16699999999999998|0|0||1|6|0.16699999999999998|0.16699999999999998|1|2|0.5|1|8|9|2|1|8|3|faircjo01
edmonbo01|14|Bobby Edmonds|28|3||12|1|5|0.2|0|0||1|5|0.2|0.2|1|3|0.33299999999999996|2|2|4|0|0|1|3|edmonbo01
grubadi01|15|Dick Grubar|22|2||8|2|3|0.667|0|0||2|3|0.667|0.667|0|0||0|0|0|1|0|1|4|grubadi01
mckeeje01|16|Jerry McKee|23|1||3|0|1|0.0|0|0||0|1|0.0|0.0|0|0||0|0|0|0|1|0|0|mckeeje01
