|Season|Age|Tm|Lg|Pos|G|GS|MP|FG|FGA|FG%|3P|3PA|3P%|2P|2PA|2P%|eFG%|FT|FTA|FT%|ORB|DRB|TRB|AST|STL|BLK|TOV|PF|PTS
0|2011-12|22.0|HOU|NBA|PF|17.0|0.0|126.0|16.0|54.0|0.29600000000000004|2.0|17.0|0.11800000000000001|14.0|37.0|0.37799999999999995|0.315|6.0|8.0|0.75|5.0|11.0|16.0|3.0|2.0|2.0|4.0|12.0|40.0
2|2012-13|23.0|HOU|NBA|PF|54.0|17.0|1154.0|171.0|400.0|0.428|74.0|194.0|0.381|97.0|206.0|0.47100000000000003|0.52|49.0|75.0|0.653|63.0|156.0|219.0|47.0|27.0|16.0|53.0|120.0|465.0
3|2012-13|23.0|PHO|NBA|SF|23.0|6.0|370.0|51.0|126.0|0.405|12.0|39.0|0.308|39.0|87.0|0.44799999999999995|0.452|17.0|42.0|0.405|17.0|41.0|58.0|15.0|18.0|4.0|24.0|40.0|131.0
4|2013-14|24.0|PHO|NBA|SF|82.0|1.0|1800.0|288.0|651.0|0.442|99.0|260.0|0.381|189.0|391.0|0.483|0.518|121.0|159.0|0.7609999999999999|84.0|235.0|319.0|88.0|72.0|18.0|95.0|157.0|796.0
5|2014-15|25.0|PHO|NBA|PF|81.0|35.0|2045.0|331.0|763.0|0.434|112.0|313.0|0.358|219.0|450.0|0.48700000000000004|0.507|71.0|113.0|0.628|73.0|312.0|385.0|133.0|63.0|16.0|73.0|188.0|845.0
6|2015-16|26.0|DET|NBA|SF|80.0|80.0|2856.0|410.0|945.0|0.434|108.0|298.0|0.36200000000000004|302.0|647.0|0.467|0.491|203.0|271.0|0.7490000000000001|91.0|313.0|404.0|201.0|67.0|23.0|140.0|170.0|1131.0
7|2016-17|27.0|DET|NBA|SF|79.0|79.0|2565.0|421.0|1007.0|0.418|118.0|357.0|0.331|303.0|650.0|0.466|0.47700000000000004|145.0|185.0|0.784|77.0|289.0|366.0|160.0|52.0|25.0|87.0|168.0|1105.0
8|2017-18|28.0|BOS|NBA|PF|54.0|21.0|1447.0|262.0|611.0|0.429|86.0|234.0|0.368|176.0|377.0|0.467|0.499|124.0|154.0|0.805|43.0|246.0|289.0|72.0|35.0|12.0|65.0|100.0|734.0
9|2018-19|29.0|BOS|NBA|PF|75.0|53.0|2091.0|377.0|844.0|0.447|146.0|389.0|0.375|231.0|455.0|0.508|0.5329999999999999|146.0|173.0|0.8440000000000001|76.0|382.0|458.0|109.0|43.0|25.0|92.0|181.0|1046.0
