|Season|Age|Tm|Lg|Pos|G|GS|MP|FG|FGA|FG%|3P|3PA|3P%|2P|2PA|2P%|FT|FTA|FT%|ORB|DRB|TRB|AST|STL|BLK|TOV|PF|PTS|ORtg|DRtg
0|1997-98|23.0|SAC|NBA|PG|77.0|62.0|2266.0|5.2|14.0|0.371|1.0|2.9|0.32799999999999996|4.2|11.1|0.38299999999999995|1.8|2.5|0.727|1.2|2.8|3.9|7.6|1.5|0.1|2.8|4.3|13.2|95.0|111.0
1|1998-99|24.0|ATL|NBA|PG|49.0|2.0|885.0|5.8|14.3|0.40399999999999997|0.3|1.2|0.263|5.5|13.1|0.41700000000000004|3.6|5.2|0.695|1.0|3.7|4.8|6.8|2.2|0.4|4.1|4.3|15.5|93.0|99.0
3|1999-00|25.0|ATL|NBA|PG|38.0|2.0|423.0|4.5|12.7|0.35|0.1|0.7|0.16699999999999998|4.3|12.0|0.361|2.3|3.0|0.792|1.9|3.0|4.8|7.3|2.8|0.2|3.0|5.1|11.4|92.0|108.0
4|1999-00|25.0|ORL|NBA|PG|18.0|4.0|214.0|6.0|14.1|0.426|0.2|1.2|0.2|5.8|12.9|0.446|2.1|3.5|0.6|1.4|1.4|2.8|3.0|2.3|0.5|1.8|3.9|14.3|97.0|105.0
6|2000-01|26.0|ATL|NBA|PG|25.0|0.0|279.0|4.9|13.3|0.366|0.0|0.6|0.0|4.9|12.7|0.382|2.2|3.2|0.706|0.6|3.7|4.3|6.4|3.2|0.9|3.7|7.7|12.0|83.0|103.0
7|2000-01|26.0|CLE|NBA|PG|28.0|0.0|232.0|6.1|18.4|0.33299999999999996|0.2|0.5|0.5|5.9|17.9|0.32899999999999996|2.5|3.6|0.688|1.6|3.2|4.8|10.0|1.4|0.2|3.2|4.8|15.0|89.0|109.0
8|2001-02|27.0|NJN|NBA|SG|34.0|0.0|366.0|5.3|12.9|0.41100000000000003|0.6|1.7|0.33299999999999996|4.7|11.1|0.423|2.3|3.6|0.64|1.4|2.7|4.1|6.9|4.4|0.1|2.9|4.3|13.4|97.0|98.0
9|2002-03|28.0|NJN|NBA|PG|66.0|2.0|842.0|6.4|14.4|0.446|0.8|2.2|0.371|5.6|12.2|0.45899999999999996|3.2|4.6|0.6890000000000001|0.8|4.0|4.9|5.4|2.3|0.3|2.6|5.8|16.8|102.0|100.0
10|2003-04|29.0|IND|NBA|PG|73.0|7.0|1598.0|5.7|14.1|0.406|1.4|4.2|0.336|4.3|9.9|0.436|2.6|3.2|0.7979999999999999|1.0|3.5|4.5|6.9|2.2|0.3|2.6|4.7|15.4|103.0|100.0
11|2004-05|30.0|IND|NBA|PG|63.0|36.0|1747.0|6.4|14.4|0.445|1.3|3.4|0.38|5.1|11.0|0.466|2.7|3.6|0.752|1.0|4.6|5.6|9.5|1.9|0.5|3.0|4.5|16.8|109.0|106.0
12|2005-06|31.0|IND|NBA|PG|75.0|53.0|1981.0|7.2|16.3|0.44299999999999995|1.4|4.2|0.32899999999999996|5.8|12.1|0.48200000000000004|2.9|3.8|0.752|0.8|3.7|4.5|8.8|1.7|0.6|3.1|3.6|18.7|107.0|105.0
14|2006-07|32.0|DAL|NBA|PG|40.0|0.0|562.0|5.7|13.9|0.41100000000000003|1.0|2.8|0.379|4.7|11.2|0.419|2.0|2.8|0.7240000000000001|1.2|3.3|4.6|7.4|1.5|0.1|3.0|6.5|14.5|102.0|106.0
15|2006-07|32.0|ATL|NBA|PG|27.0|17.0|739.0|5.9|14.2|0.41600000000000004|1.0|3.2|0.318|4.9|11.0|0.444|1.8|2.3|0.7809999999999999|0.6|3.2|3.8|8.9|1.2|0.1|3.2|3.7|14.7|100.0|112.0
17|2007-08|33.0|ATL|NBA|PG|42.0|41.0|1121.0|5.4|12.6|0.431|1.3|3.0|0.429|4.1|9.6|0.431|1.2|1.5|0.813|0.8|3.8|4.6|9.5|2.0|0.4|2.4|4.0|13.3|110.0|111.0
18|2007-08|33.0|SAC|NBA|PG|27.0|11.0|410.0|4.9|10.9|0.455|1.9|3.7|0.5|3.1|7.2|0.431|1.1|1.4|0.818|0.6|4.2|4.8|7.4|1.2|0.1|4.2|3.6|12.9|99.0|113.0
19|2008-09|34.0|ORL|NBA|PG|80.0|12.0|1481.0|5.4|13.4|0.40399999999999997|1.8|4.7|0.391|3.6|8.7|0.41100000000000003|2.1|2.8|0.753|1.0|4.1|5.2|7.0|1.6|0.2|2.9|3.9|14.8|104.0|105.0
20|2009-10|35.0|ORL|NBA|PG|31.0|0.0|406.0|6.3|14.3|0.441|1.7|5.0|0.33299999999999996|4.6|9.2|0.5|2.4|2.6|0.95|1.0|5.1|6.2|8.1|1.4|0.1|3.3|4.1|16.7|110.0|106.0
