|Season|Age|Tm|Lg|Pos|G|GS|MP|FG|FGA|FG%|3P|3PA|3P%|2P|2PA|2P%|FT|FTA|FT%|ORB|DRB|TRB|AST|STL|BLK|TOV|PF|PTS
0|1997-98|23.0|SAC|NBA|PG|77.0|62.0|2266.0|3.6|9.7|0.371|0.7|2.0|0.32799999999999996|2.9|7.6|0.38299999999999995|1.3|1.7|0.727|0.8|1.9|2.7|5.2|1.0|0.1|1.9|3.0|9.1
1|1998-99|24.0|ATL|NBA|PG|49.0|2.0|885.0|3.7|9.2|0.40399999999999997|0.2|0.8|0.263|3.5|8.4|0.41700000000000004|2.3|3.3|0.695|0.7|2.4|3.1|4.4|1.4|0.3|2.6|2.7|9.9
3|1999-00|25.0|ATL|NBA|PG|38.0|2.0|423.0|3.1|8.8|0.35|0.1|0.5|0.16699999999999998|3.0|8.3|0.361|1.6|2.0|0.792|1.3|2.0|3.3|5.0|2.0|0.2|2.0|3.5|7.8
4|1999-00|25.0|ORL|NBA|PG|18.0|4.0|214.0|4.4|10.3|0.426|0.2|0.8|0.2|4.2|9.4|0.446|1.5|2.5|0.6|1.0|1.0|2.0|2.2|1.7|0.3|1.3|2.9|10.4
6|2000-01|26.0|ATL|NBA|PG|25.0|0.0|279.0|3.4|9.2|0.366|0.0|0.4|0.0|3.4|8.8|0.382|1.5|2.2|0.706|0.4|2.6|3.0|4.4|2.2|0.6|2.6|5.3|8.3
7|2000-01|26.0|CLE|NBA|PG|28.0|0.0|232.0|4.2|12.6|0.33299999999999996|0.2|0.3|0.5|4.0|12.3|0.32899999999999996|1.7|2.5|0.688|1.1|2.2|3.3|6.8|0.9|0.2|2.2|3.3|10.2
8|2001-02|27.0|NJN|NBA|SG|34.0|0.0|366.0|3.6|8.9|0.41100000000000003|0.4|1.2|0.33299999999999996|3.2|7.7|0.423|1.6|2.5|0.64|1.0|1.9|2.9|4.7|3.0|0.1|2.0|3.0|9.2
9|2002-03|28.0|NJN|NBA|PG|66.0|2.0|842.0|4.4|9.9|0.446|0.6|1.5|0.371|3.8|8.4|0.45899999999999996|2.2|3.2|0.6890000000000001|0.6|2.8|3.3|3.7|1.6|0.2|1.8|4.0|11.5
10|2003-04|29.0|IND|NBA|PG|73.0|7.0|1598.0|3.8|9.3|0.406|0.9|2.7|0.336|2.8|6.5|0.436|1.7|2.1|0.7979999999999999|0.6|2.3|2.9|4.6|1.4|0.2|1.7|3.1|10.1
11|2004-05|30.0|IND|NBA|PG|63.0|36.0|1747.0|4.2|9.4|0.445|0.8|2.2|0.38|3.3|7.2|0.466|1.8|2.3|0.752|0.7|3.0|3.7|6.2|1.2|0.3|2.0|3.0|11.0
12|2005-06|31.0|IND|NBA|PG|75.0|53.0|1981.0|4.9|11.0|0.44299999999999995|0.9|2.8|0.32899999999999996|3.9|8.1|0.48200000000000004|1.9|2.6|0.752|0.6|2.5|3.1|5.9|1.1|0.4|2.1|2.4|12.6
14|2006-07|32.0|DAL|NBA|PG|40.0|0.0|562.0|3.8|9.4|0.41100000000000003|0.7|1.9|0.379|3.1|7.5|0.419|1.3|1.9|0.7240000000000001|0.8|2.2|3.1|5.0|1.0|0.1|2.0|4.4|9.7
15|2006-07|32.0|ATL|NBA|PG|27.0|17.0|739.0|4.0|9.6|0.41600000000000004|0.7|2.1|0.318|3.3|7.5|0.444|1.2|1.6|0.7809999999999999|0.4|2.1|2.6|6.0|0.8|0.1|2.2|2.5|9.9
17|2007-08|33.0|ATL|NBA|PG|42.0|41.0|1121.0|3.7|8.6|0.431|0.9|2.0|0.429|2.8|6.6|0.431|0.8|1.0|0.813|0.5|2.6|3.1|6.5|1.3|0.3|1.6|2.8|9.1
18|2007-08|33.0|SAC|NBA|PG|27.0|11.0|410.0|3.5|7.7|0.455|1.3|2.6|0.5|2.2|5.1|0.431|0.8|1.0|0.818|0.4|3.0|3.4|5.3|0.9|0.1|3.0|2.5|9.1
19|2008-09|34.0|ORL|NBA|PG|80.0|12.0|1481.0|3.7|9.3|0.40399999999999997|1.3|3.2|0.391|2.5|6.0|0.41100000000000003|1.5|2.0|0.753|0.7|2.9|3.6|4.9|1.1|0.1|2.0|2.7|10.2
20|2009-10|35.0|ORL|NBA|PG|31.0|0.0|406.0|4.3|9.8|0.441|1.2|3.5|0.33299999999999996|3.2|6.4|0.5|1.7|1.8|0.95|0.7|3.5|4.3|5.6|1.0|0.1|2.3|2.8|11.5
