player_id|Rk|Unnamed: 1|Age|G|GS|MP|FG|FGA|FG%|FT|FTA|FT%|TRB|AST|PF|PTS/G|player_id
hutchme01|1|Mel Hutchins|27.0|66.0||33.9|4.9|11.6|0.425|2.2|3.3|0.643|7.5|2.7|2.5|12.0|hutchme01
yardlge01|2|George Yardley|27.0|71.0||33.1|6.1|15.0|0.40700000000000003|5.1|6.9|0.742|9.7|2.2|3.0|17.4|yardlge01
phillan01|3|Andy Phillip|33.0|70.0||29.7|2.1|5.8|0.365|1.6|2.8|0.563|3.7|5.9|2.2|5.8|phillan01
foustla01|4|Larry Foust|27.0|72.0||28.1|5.1|11.4|0.447|6.0|7.7|0.778|9.0|1.8|3.7|16.2|foustla01
noblech01|5|Chuck Noble|24.0|72.0||28.0|3.8|10.7|0.35200000000000004|2.0|2.7|0.7490000000000001|3.6|3.9|3.5|9.5|noblech01
devlico01|6|Corky Devlin|24.0|69.0||22.2|2.9|7.8|0.37|2.1|2.8|0.76|2.5|2.0|1.7|7.9|devlico01
houbrbo01|7|Bob Houbregs|23.0|70.0||21.9|3.5|8.2|0.43|4.0|5.5|0.7390000000000001|5.9|2.3|2.1|11.1|houbrbo01
zasloma01|8|Max Zaslofsky|30.0|9.0||20.2|3.2|9.0|0.358|3.3|3.9|0.857|1.8|1.8|2.0|9.8|zasloma01
spearod01|9|Odie Spears|31.0|72.0||19.1|2.3|6.5|0.355|2.2|2.8|0.7909999999999999|3.2|1.7|2.7|6.8|spearod01
brianfr01|10|Frankie Brian|32.0|37.0||18.4|2.1|7.1|0.297|1.9|2.4|0.818|2.4|2.0|1.7|6.2|brianfr01
coopech01|11|Chuck Cooper|29.0|32.0||17.8|1.3|4.3|0.316|1.2|1.5|0.7759999999999999|3.2|0.9|2.2|3.9|coopech01
arnelje01|12|Jesse Arnelle|22.0|31.0||13.2|1.7|5.3|0.317|1.4|2.2|0.623|5.5|0.6|1.9|4.7|arnelje01
horanjo01|13|Johnny Horan|23.0|7.0||6.1|1.1|3.7|0.308|0.9|0.9|1.0|0.6|0.1|2.0|3.1|horanjo01
bielkdo01|14|Don Bielke||7.0||5.4|0.7|1.3|0.556|0.6|1.0|0.5710000000000001|1.3|0.1|1.3|2.0|bielkdo01
holstji01|15|Jim Holstein|25.0||||||||||||||holstji01
