player_id|Rk|Unnamed: 1|Age|G|GS|MP|FG|FGA|FG%|FT|FTA|FT%|TRB|AST|PF|PTS|player_id
yardlge01|1|George Yardley|27.0|71.0||2353.0|434.0|1067.0|0.40700000000000003|365.0|492.0|0.742|686.0|159.0|212.0|1233.0|yardlge01
hutchme01|2|Mel Hutchins|27.0|66.0||2240.0|325.0|764.0|0.425|142.0|221.0|0.643|496.0|180.0|166.0|792.0|hutchme01
phillan01|3|Andy Phillip|33.0|70.0||2078.0|148.0|405.0|0.365|112.0|199.0|0.563|257.0|410.0|155.0|408.0|phillan01
foustla01|4|Larry Foust|27.0|72.0||2024.0|367.0|821.0|0.447|432.0|555.0|0.778|648.0|127.0|263.0|1166.0|foustla01
noblech01|5|Chuck Noble|24.0|72.0||2013.0|270.0|767.0|0.35200000000000004|146.0|195.0|0.7490000000000001|261.0|282.0|253.0|686.0|noblech01
devlico01|6|Corky Devlin|24.0|69.0||1535.0|200.0|541.0|0.37|146.0|192.0|0.76|171.0|138.0|119.0|546.0|devlico01
houbrbo01|7|Bob Houbregs|23.0|70.0||1535.0|247.0|575.0|0.43|283.0|383.0|0.7390000000000001|414.0|159.0|147.0|777.0|houbrbo01
spearod01|8|Odie Spears|31.0|72.0||1378.0|166.0|468.0|0.355|159.0|201.0|0.7909999999999999|231.0|121.0|191.0|491.0|spearod01
brianfr01|9|Frankie Brian|32.0|37.0||680.0|78.0|263.0|0.297|72.0|88.0|0.818|88.0|74.0|62.0|228.0|brianfr01
coopech01|10|Chuck Cooper|29.0|32.0||570.0|43.0|136.0|0.316|38.0|49.0|0.7759999999999999|101.0|28.0|69.0|124.0|coopech01
arnelje01|11|Jesse Arnelle|22.0|31.0||409.0|52.0|164.0|0.317|43.0|69.0|0.623|170.0|18.0|60.0|147.0|arnelje01
zasloma01|12|Max Zaslofsky|30.0|9.0||182.0|29.0|81.0|0.358|30.0|35.0|0.857|16.0|16.0|18.0|88.0|zasloma01
horanjo01|13|Johnny Horan|23.0|7.0||43.0|8.0|26.0|0.308|6.0|6.0|1.0|4.0|1.0|14.0|22.0|horanjo01
bielkdo01|14|Don Bielke||7.0||38.0|5.0|9.0|0.556|4.0|7.0|0.5710000000000001|9.0|1.0|9.0|14.0|bielkdo01
holstji01|15|Jim Holstein|25.0||||||||||||||holstji01
