|Season|Age|Tm|Lg|Pos|G|MP|PER|TS%|3PAr|FTr|ORB%|DRB%|TRB%|AST%|STL%|BLK%|TOV%|USG%|OWS|DWS|WS|WS/48|OBPM|DBPM|BPM|VORP
0|1987-88|21.0|PHI|NBA|SG|14.0|234.0|7.1|0.33|0.0|0.149|3.0|8.0|5.5|19.8|2.1|1.5|13.2|16.4|-0.4|0.2|-0.2|-0.043|-5.4|-0.5|-5.9|-0.2
1|1990-91|24.0|GSW|NBA|SG|7.0|85.0|10.9|0.5529999999999999|0.0|0.44|9.1|5.2|7.1|20.1|1.1|0.0|16.7|16.8|0.1|0.0|0.2|0.09300000000000001|0.1|-2.7|-2.6|0.0
2|1991-92|25.0|GSW|NBA|SG|80.0|1496.0|12.7|0.5539999999999999|0.026000000000000002|0.42200000000000004|6.6|10.3|8.5|15.4|1.5|0.9|15.7|14.3|2.0|0.8|2.9|0.092|0.0|-0.2|-0.2|0.7
4|1992-93|26.0|SAC|NBA|SG|9.0|76.0|8.9|0.5720000000000001|0.0|0.882|9.9|6.1|8.0|8.8|1.3|0.8|25.3|16.9|0.0|0.0|0.0|0.027000000000000003|-3.1|-1.4|-4.5|0.0
5|1992-93|26.0|SEA|NBA|SG|64.0|1053.0|13.4|0.547|0.021|0.45899999999999996|6.0|10.7|8.3|15.0|1.8|1.1|14.8|16.5|1.4|1.2|2.6|0.12|-0.3|0.3|-0.1|0.5
6|1993-94|27.0|SEA|NBA|SG|80.0|1690.0|15.9|0.551|0.055|0.37200000000000005|4.2|8.7|6.5|16.8|2.2|0.8|9.6|18.5|3.9|2.1|6.0|0.16899999999999998|0.8|-0.2|0.6|1.1
7|1994-95|28.0|SEA|NBA|SG|71.0|1721.0|13.6|0.5770000000000001|0.187|0.47200000000000003|4.6|7.9|6.2|14.8|1.4|0.6|12.3|17.4|3.3|1.3|4.6|0.128|0.9|-1.1|-0.3|0.7
8|1995-96|29.0|SEA|NBA|SG|69.0|1725.0|11.9|0.574|0.19699999999999998|0.369|4.7|10.0|7.5|14.6|1.4|0.7|15.9|15.6|2.2|2.2|4.3|0.12|-0.5|0.3|-0.2|0.8
10|1996-97|30.0|NJN|NBA|SG|1.0|7.0|-2.3||||0.0|0.0|0.0|0.0|0.0|0.0||0.0|0.0|0.0|0.0|-0.022000000000000002|-6.7|-0.6|-7.3|0.0
11|1996-97|30.0|IND|NBA|SG|41.0|822.0|9.9|0.528|0.131|0.47|3.7|10.4|7.1|17.7|1.1|0.6|16.0|14.8|0.8|0.8|1.6|0.092|-1.2|0.0|-1.1|0.2
12|1996-97|30.0|DEN|NBA|SG|1.0|9.0|0.9|0.773|0.0|0.667|0.0|0.0|0.0|0.0|0.0|0.0|50.8|39.1|-0.1|0.0|-0.1|-0.39299999999999996|-15.6|-6.6|-22.2|0.0
13|1997-98|31.0|POR|NBA|SG|30.0|443.0|6.7|0.46399999999999997|0.037000000000000005|0.722|5.7|11.9|8.9|12.5|2.3|0.8|33.0|10.9|-0.4|0.6|0.2|0.023|-4.8|2.2|-2.6|-0.1
