player_id|Rk|Unnamed: 1|Age|G|GS|MP|FG|FGA|FG%|3P|3PA|3P%|2P|2PA|2P%|FT|FTA|FT%|ORB|DRB|TRB|AST|STL|BLK|TOV|PF|PTS|player_id
longgr01|1|Grant Long|29|82|82|3008|4.7|10.0|0.47100000000000003|0.4|1.0|0.36|4.4|9.0|0.484|3.1|4.0|0.763|3.0|6.5|9.4|2.2|1.3|0.4|1.9|2.8|12.9|longgr01
blaylmo01|2|Mookie Blaylock|28|81|81|2893|5.7|14.0|0.405|2.9|7.8|0.371|2.8|6.2|0.44799999999999995|1.6|2.1|0.747|1.4|2.8|4.1|5.9|2.6|0.2|2.3|1.9|15.8|blaylmo01
smithst01|3|Steve Smith|26|80|80|2856|6.2|14.4|0.43200000000000005|1.8|5.3|0.331|4.5|9.1|0.49200000000000005|4.0|4.9|0.826|1.6|2.5|4.1|2.8|0.9|0.2|1.9|2.6|18.2|smithst01
augmost01|4|Stacey Augmon|27|77|49|2294|5.7|11.6|0.491|0.0|0.1|0.25|5.7|11.5|0.49200000000000005|3.9|5.0|0.792|2.1|2.6|4.8|2.1|1.7|0.5|2.2|3.0|15.3|augmost01
langan01|5|Andrew Lang|29|51|51|1815|5.6|12.3|0.45399999999999996|0.0|0.1|0.0|5.6|12.2|0.456|1.9|2.3|0.805|2.2|4.4|6.6|1.2|0.7|1.7|1.9|3.5|13.0|langan01
ehlocr01|6|Craig Ehlo|34|79|8|1758|5.2|12.1|0.428|1.7|4.5|0.371|3.5|7.6|0.462|1.7|2.1|0.7859999999999999|1.3|3.9|5.2|2.8|1.7|0.2|2.1|2.8|13.7|ehlocr01
hendeal01|7|Alan Henderson|23|79|4|1416|4.9|11.0|0.442|0.0|0.1|0.0|4.9|11.0|0.445|3.0|5.1|0.595|4.2|4.9|9.1|1.3|1.1|1.1|2.2|5.5|12.8|hendeal01
laettch01|8|Christian Laettner|26|30|27|977|5.9|12.0|0.489|0.0|0.3|0.0|5.9|11.7|0.502|3.9|4.8|0.823|3.2|5.5|8.7|2.5|1.1|1.0|2.8|4.4|15.7|laettch01
webbsp01|9|Spud Webb|32|51|0|817|4.6|9.8|0.46799999999999997|0.8|2.5|0.316|3.8|7.3|0.521|3.3|3.8|0.851|0.8|1.8|2.6|6.2|1.2|0.1|2.2|3.0|13.2|webbsp01
normake01|10|Ken Norman|31|34|28|770|5.9|12.8|0.465|1.5|3.9|0.39299999999999996|4.4|8.8|0.49700000000000005|0.8|2.2|0.354|1.9|4.3|6.2|2.9|0.7|0.7|2.2|3.2|14.2|normake01
bullama01|11|Matt Bullard|28|46|0|460|5.2|12.7|0.40700000000000003|2.0|5.6|0.361|3.1|7.0|0.444|1.3|1.6|0.8|1.4|3.3|4.7|1.4|1.3|0.9|1.9|3.9|13.6|bullama01
jordare01|12|Reggie Jordan|28|24|0|247|5.2|10.3|0.507|0.0|0.0||5.2|10.3|0.507|3.2|5.5|0.579|3.4|4.2|7.6|4.2|1.7|1.0|2.8|4.4|13.7|jordare01
rooksse01|13|Sean Rooks|26|16|0|215|5.4|9.7|0.552|0.0|0.2|0.0|5.4|9.5|0.561|4.9|7.2|0.674|3.5|5.0|8.5|1.5|0.7|2.3|5.2|5.9|15.6|rooksse01
mundtto01|14|Todd Mundt|25|24|0|118|4.0|9.8|0.406|0.0|0.0||4.0|9.8|0.406|1.5|2.4|0.625|3.1|4.6|7.6|0.6|0.3|1.2|0.9|7.0|9.5|mundtto01
boycedo01|15|Donnie Boyce|22|8|0|41|7.9|20.2|0.391|3.5|7.0|0.5|4.4|13.2|0.33299999999999996|1.8|3.5|0.5|4.4|4.4|8.8|2.6|2.6|0.9|5.3|1.8|21.1|boycedo01
grandro01|16|Ron Grandison|31|4|0|19|3.8|7.6|0.5|0.0|1.9|0.0|3.8|5.7|0.667|0.0|0.0||1.9|9.5|11.4|1.9|0.0|0.0|0.0|0.0|7.6|grandro01
nathaho01|17|Howard Nathan|24|5|0|15|12.0|21.6|0.556|0.0|2.4|0.0|12.0|19.2|0.625|7.2|9.6|0.75|0.0|0.0|0.0|4.8|7.2|0.0|19.2|4.8|31.2|nathaho01
kemptti01|18|Tim Kempton|32|3|0|11|0.0|0.0||0.0|0.0||0.0|0.0||0.0|0.0||0.0|6.5|6.5|3.3|0.0|0.0|3.3|16.4|0.0|kemptti01
