|Season|Age|Tm|Lg|Pos|G|GS|MP|FG|FGA|FG%|3P|3PA|3P%|2P|2PA|2P%|eFG%|FT|FTA|FT%|ORB|DRB|TRB|AST|STL|BLK|TOV|PF|PTS
0|1993-94|23.0|LAL|NBA|PF|27.0|6.0|247.0|29.0|79.0|0.36700000000000005|0.0|0.0||29.0|79.0|0.36700000000000005|0.36700000000000005|12.0|26.0|0.462|26.0|33.0|59.0|5.0|8.0|19.0|17.0|39.0|70.0
1|1994-95|24.0|LAL|NBA|PF|59.0|8.0|572.0|77.0|176.0|0.43799999999999994|1.0|1.0|1.0|76.0|175.0|0.434|0.44|24.0|45.0|0.5329999999999999|39.0|63.0|102.0|23.0|15.0|41.0|25.0|87.0|179.0
3|1995-96|25.0|VAN|NBA|PF|18.0|6.0|410.0|39.0|95.0|0.41100000000000003|0.0|2.0|0.0|39.0|93.0|0.419|0.41100000000000003|20.0|43.0|0.465|27.0|67.0|94.0|9.0|14.0|21.0|18.0|38.0|98.0
4|1995-96|25.0|LAC|NBA|PF|37.0|9.0|411.0|44.0|129.0|0.341|0.0|0.0||44.0|129.0|0.341|0.341|18.0|40.0|0.45|42.0|64.0|106.0|6.0|13.0|26.0|26.0|38.0|106.0
5|1996-97|26.0|SEA|NBA|PF|6.0|0.0|26.0|5.0|11.0|0.455|0.0|0.0||5.0|11.0|0.455|0.455|5.0|6.0|0.833|2.0|8.0|10.0|1.0|0.0|4.0|1.0|8.0|15.0
6|1999-00|29.0|POR|NBA|PF|19.0|0.0|137.0|17.0|30.0|0.5670000000000001|0.0|0.0||17.0|30.0|0.5670000000000001|0.5670000000000001|7.0|12.0|0.583|8.0|25.0|33.0|5.0|1.0|6.0|12.0|20.0|41.0
7|2000-01|30.0|POR|NBA|PF|12.0|0.0|72.0|13.0|28.0|0.46399999999999997|0.0|0.0||13.0|28.0|0.46399999999999997|0.46399999999999997|5.0|6.0|0.833|5.0|9.0|14.0|4.0|1.0|6.0|3.0|10.0|31.0
8|2001-02|31.0|SEA|NBA|PF|5.0|3.0|47.0|4.0|12.0|0.33299999999999996|0.0|0.0||4.0|12.0|0.33299999999999996|0.33299999999999996|1.0|2.0|0.5|5.0|4.0|9.0|5.0|1.0|3.0|3.0|8.0|9.0
9|2002-03|32.0|ATL|NBA|PF|4.0|0.0|32.0|2.0|5.0|0.4|0.0|0.0||2.0|5.0|0.4|0.4|0.0|0.0||1.0|5.0|6.0|0.0|1.0|4.0|3.0|7.0|4.0
