player_id|Rk|Unnamed: 1|Age|G|GS|MP|FG|FGA|FG%|FT|FTA|FT%|ORB|DRB|TRB|AST|STL|BLK|TOV|PF|PTS|player_id
robintr01|1|Truck Robinson|26|82||3638|7.4|16.7|0.444|3.6|5.7|0.64|2.9|9.8|12.7|1.7|0.7|0.8|3.0|2.6|18.4|robintr01
goodrga01|2|Gail Goodrich|34|81||2553|7.3|14.8|0.495|3.7|4.7|0.795|1.1|1.4|2.5|5.5|1.2|0.3|2.9|2.6|18.4|goodrga01
kelleri01|3|Rich Kelley|24|82||2119|5.2|10.2|0.505|3.8|4.9|0.779|4.2|8.7|12.9|4.0|1.5|2.2|3.8|5.0|14.2|kelleri01
jamesaa01|4|Aaron James|25|80||2118|7.3|14.6|0.49700000000000005|2.0|2.7|0.745|2.8|4.4|7.2|1.9|0.6|0.4|2.2|4.3|16.5|jamesaa01
maravpe01|5|Pete Maravich|30|50||2041|9.8|22.1|0.444|4.2|4.9|0.87|0.9|2.3|3.1|5.9|1.8|0.1|4.4|2.0|23.8|maravpe01
griffpa01|6|Paul Griffin|24|82||1853|3.1|7.0|0.447|2.2|3.1|0.713|3.1|6.9|9.9|3.3|1.7|0.9|2.9|4.4|8.4|griffpa01
mcelrji01|7|Jim McElroy|24|74||1760|5.9|12.4|0.473|2.5|3.4|0.737|0.9|2.1|3.0|6.0|1.2|0.7|2.9|2.3|14.3|mcelrji01
meriwjo01|8|Joe Meriweather|24|54||1277|5.5|11.6|0.47200000000000003|2.5|3.7|0.654|3.8|6.7|10.5|1.6|0.5|3.3|2.6|5.3|13.4|meriwjo01
wattssl01|9|Slick Watts|26|39||775|5.1|13.3|0.381|2.9|4.8|0.602|1.8|2.7|4.6|7.5|2.6|0.8|3.5|4.5|13.0|wattssl01
bailegu01|10|Gus Bailey|26|48||449|4.7|11.1|0.424|3.0|5.4|0.552|3.5|3.0|6.6|3.2|1.4|1.2|2.6|3.7|12.4|bailegu01
willina01|11|Nate Williams|27|27||434|7.5|17.8|0.42100000000000004|2.6|3.1|0.838|2.2|5.2|7.5|2.8|1.7|1.0|2.1|5.1|17.5|willina01
saundfr01|12|Fred Saunders|26|30||400|6.2|12.9|0.483|1.1|1.7|0.632|2.4|4.2|6.7|3.2|1.3|0.9|2.0|6.5|13.5|saundfr01
boydfr01|13|Freddie Boyd|27|21||363|4.4|10.9|0.4|1.4|2.2|0.636|0.2|1.7|1.9|4.8|0.9|0.3|2.0|2.3|10.1|boydfr01
