|Season|Age|Tm|Lg|Pos|G|MP|PER|TS%|3PAr|FTr|ORB%|DRB%|TRB%|AST%|STL%|BLK%|TOV%|USG%|OWS|DWS|WS|WS/48|OBPM|DBPM|BPM|VORP
0|1998-99|21.0|SAC|NBA|SF|5.0|108.0|8.2|0.439|0.5379999999999999|0.115|12.7|7.8|10.3|3.3|1.5|0.0|18.0|14.2|0.0|0.0|0.0|0.003|-0.7|-1.2|-1.9|0.0
1|1999-00|22.0|SAC|NBA|SF|5.0|129.0|10.3|0.5|0.325|0.225|1.7|11.8|6.9|4.0|1.6|0.0|10.2|17.2|0.0|0.0|0.0|-0.003|-0.4|-1.8|-2.2|0.0
2|2000-01|23.0|SAC|NBA|SF|8.0|307.0|17.2|0.557|0.203|0.484|5.6|11.4|8.5|1.8|0.8|0.7|10.4|23.5|0.8|0.3|1.1|0.165|1.7|-1.7|0.0|0.2
3|2001-02|24.0|SAC|NBA|SF|10.0|338.0|12.1|0.493|0.361|0.293|5.2|14.4|10.0|4.8|0.8|0.0|11.2|22.1|0.2|0.2|0.4|0.061|-1.0|-1.4|-2.4|0.0
4|2002-03|25.0|SAC|NBA|SF|12.0|486.0|21.6|0.606|0.34700000000000003|0.297|3.9|14.9|9.4|10.2|1.0|0.7|5.0|21.6|1.9|0.1|2.0|0.198|5.7|-0.7|5.0|0.9
5|2003-04|26.0|SAC|NBA|SF|12.0|517.0|14.6|0.488|0.369|0.19699999999999998|3.2|13.5|8.6|6.0|2.2|0.4|6.1|19.8|0.6|0.4|1.0|0.091|0.7|0.2|0.9|0.4
6|2004-05|27.0|SAC|NBA|SF|5.0|203.0|19.1|0.593|0.361|0.265|3.3|13.1|7.8|5.7|1.0|0.4|2.1|20.7|0.7|-0.1|0.6|0.152|3.9|-2.5|1.4|0.2
7|2005-06|28.0|IND|NBA|SF|2.0|51.0|16.7|0.522|0.16699999999999998|0.389|0.0|21.4|11.2|15.9|1.1|1.6|4.5|21.2|0.1|0.1|0.1|0.127|-0.6|-0.3|-1.0|0.0
8|2007-08|30.0|NOH|NBA|SF|12.0|455.0|13.4|0.583|0.38299999999999995|0.203|1.5|14.3|8.0|2.0|0.7|0.2|5.2|16.3|0.7|0.3|1.0|0.10800000000000001|1.7|-1.0|0.7|0.3
9|2008-09|31.0|NOH|NBA|SF|5.0|162.0|8.1|0.512|0.531|0.265|2.9|7.8|5.3|2.6|1.3|0.5|9.9|17.8|0.0|-0.1|-0.1|-0.04|-1.7|-3.0|-4.7|-0.1
10|2010-11|33.0|DAL|NBA|SF|19.0|350.0|12.0|0.54|0.642|0.075|1.1|10.0|5.6|3.5|1.9|0.5|6.8|18.5|0.3|0.3|0.5|0.073|1.4|-0.7|0.7|0.2
