player_id|Rk|Unnamed: 1|Age|G|GS|MP|FG|FGA|FG%|FT|FTA|FT%|ORB|DRB|TRB|AST|STL|BLK|PF|PTS/G|player_id
cleamji01|1|Jim Cleamons|27|60||34.1|4.3|9.9|0.434|1.9|2.5|0.757|1.7|2.9|4.6|5.1|1.1|0.4|2.1|10.4|cleamji01
breweji01|2|Jim Brewer|25|81||33.0|3.7|8.1|0.451|1.2|2.2|0.545|3.4|6.0|9.4|2.4|1.2|1.0|2.6|8.5|breweji01
russeca02|3|Campy Russell|25|70||30.1|6.2|14.3|0.434|4.1|5.3|0.778|2.1|3.9|6.0|2.7|1.0|0.3|2.8|16.5|russeca02
carrau01|4|Austin Carr|28|82||29.4|6.8|14.9|0.457|2.6|3.3|0.795|1.5|1.5|2.9|2.7|0.7|0.1|2.7|16.2|carrau01
choneji01|5|Jim Chones|27|82||29.0|5.5|11.9|0.46299999999999997|1.9|2.6|0.731|2.5|5.9|8.4|1.3|0.4|0.9|3.1|12.9|choneji01
smithbi02|6|Bingo Smith|30|81||26.4|6.3|14.2|0.446|1.8|2.2|0.818|1.1|2.8|3.9|1.9|0.8|0.4|2.6|14.5|smithbi02
snydedi01|7|Dick Snyder|32|82||20.5|3.9|8.5|0.456|1.5|1.8|0.852|0.6|1.2|1.8|2.0|0.5|0.4|2.2|9.3|snydedi01
thurmna01|8|Nate Thurmond|35|49||20.3|2.0|5.0|0.40700000000000003|1.4|2.2|0.642|2.5|5.2|7.6|1.7|0.3|1.7|2.6|5.5|thurmna01
walkefo01|9|Foots Walker|25|62||19.6|2.5|5.6|0.45|1.4|1.9|0.774|0.9|1.7|2.6|4.1|1.3|0.1|2.0|6.5|walkefo01
smithel01|10|Elmore Smith|27|36||18.8|3.6|7.1|0.504|1.6|3.0|0.519|1.7|4.7|6.4|0.4|0.4|2.1|2.7|8.7|smithel01
brokaga01|11|Gary Brokaw|23|39||15.3|2.9|6.2|0.467|1.5|2.1|0.7070000000000001|0.3|1.2|1.5|3.0|0.4|0.3|2.0|7.2|brokaga01
lambejo01|12|John Lambert|24|63||8.8|1.1|2.5|0.42700000000000005|0.4|0.6|0.6940000000000001|1.0|1.5|2.4|0.5|0.3|0.3|1.2|2.5|lambejo01
garrero01|13|Rowland Garrett|26|29||7.4|1.4|3.2|0.43|0.6|0.8|0.818|0.3|1.0|1.4|0.2|0.2|0.1|1.0|3.4|garrero01
howarmo01|14|Mo Howard|22|9||3.1|0.9|1.7|0.5329999999999999|0.6|0.7|0.833|0.2|0.3|0.6|0.6|0.1|0.2|0.8|2.3|howarmo01
willich03|15|Chuckie Williams|23|22||3.0|0.6|2.1|0.298|0.4|0.5|0.75|0.1|0.0|0.2|0.3|0.0|0.0|0.3|1.7|willich03
