player_id|Rk|Unnamed: 1|Age|G|GS|MP|FG|FGA|FG%|FT|FTA|FT%|ORB|DRB|TRB|AST|STL|BLK|PF|PTS|player_id
breweji01|1|Jim Brewer|25|81||2672|296|657|0.451|97|178|0.545|275|487|762|195|94|82|214|689|breweji01
carrau01|2|Austin Carr|28|82||2409|558|1221|0.457|213|268|0.795|120|120|240|220|57|10|221|1329|carrau01
choneji01|3|Jim Chones|27|82||2378|450|972|0.46299999999999997|155|212|0.731|208|480|688|104|32|77|258|1055|choneji01
smithbi02|4|Bingo Smith|30|81||2135|513|1149|0.446|148|181|0.818|92|225|317|152|61|30|211|1174|smithbi02
russeca02|5|Campy Russell|25|70||2109|435|1003|0.434|288|370|0.778|144|275|419|189|70|24|196|1158|russeca02
cleamji01|6|Jim Cleamons|27|60||2045|257|592|0.434|112|148|0.757|99|174|273|308|66|23|126|626|cleamji01
snydedi01|7|Dick Snyder|32|82||1685|316|693|0.456|127|149|0.852|47|102|149|160|45|30|177|759|snydedi01
walkefo01|8|Foots Walker|25|62||1216|157|349|0.45|89|115|0.774|55|105|160|254|83|4|124|403|walkefo01
thurmna01|9|Nate Thurmond|35|49||997|100|246|0.40700000000000003|68|106|0.642|121|253|374|83|16|81|128|268|thurmna01
smithel01|10|Elmore Smith|27|36||675|128|254|0.504|56|108|0.519|62|169|231|13|16|75|98|312|smithel01
brokaga01|11|Gary Brokaw|23|39||596|112|240|0.467|58|82|0.7070000000000001|12|47|59|117|14|13|79|282|brokaga01
lambejo01|12|John Lambert|24|63||555|67|157|0.42700000000000005|25|36|0.6940000000000001|62|92|154|31|16|18|75|159|lambejo01
garrero01|13|Rowland Garrett|26|29||215|40|93|0.43|18|22|0.818|10|30|40|7|7|3|30|98|garrero01
willich03|14|Chuckie Williams|23|22||65|14|47|0.298|9|12|0.75|3|1|4|7|1|0|7|37|willich03
howarmo01|15|Mo Howard|22|9||28|8|15|0.5329999999999999|5|6|0.833|2|3|5|5|1|2|7|21|howarmo01
