|Season|Age|Tm|Lg|Pos|G|GS|MP|FG|FGA|FG%|3P|3PA|3P%|2P|2PA|2P%|eFG%|FT|FTA|FT%|ORB|DRB|TRB|AST|TOV|PF|PTS
0|1956-57|25.0|STL|NBA|SF|10.0||319.0|62.0|143.0|0.434||||62.0|143.0|0.434|0.434|46.0|63.0|0.73|||112.0|28.0||47.0|170.0
1|1957-58|26.0|STL|NBA|SF|11.0||418.0|111.0|221.0|0.502||||111.0|221.0|0.502|0.502|83.0|99.0|0.838|||115.0|37.0||48.0|305.0
2|1958-59|27.0|STL|NBA|SF|6.0||259.0|63.0|123.0|0.512||||63.0|123.0|0.512|0.512|45.0|54.0|0.833|||72.0|16.0||21.0|171.0
3|1959-60|28.0|STL|NBA|SF|14.0||544.0|125.0|296.0|0.42200000000000004||||125.0|296.0|0.42200000000000004|0.42200000000000004|89.0|109.0|0.8170000000000001|||138.0|54.0||54.0|339.0
4|1960-61|29.0|STL|NBA|SF|12.0||455.0|104.0|235.0|0.44299999999999995||||104.0|235.0|0.44299999999999995|0.44299999999999995|56.0|69.0|0.812|||118.0|54.0||45.0|264.0
5|1962-63|31.0|STL|NBA|SF|11.0||255.0|83.0|179.0|0.46399999999999997||||83.0|179.0|0.46399999999999997|0.46399999999999997|37.0|53.0|0.698|||55.0|34.0||42.0|203.0
6|1963-64|32.0|STL|NBA|SF|12.0||392.0|75.0|175.0|0.429||||75.0|175.0|0.429|0.429|45.0|54.0|0.833|||74.0|57.0||34.0|195.0
7|1964-65|33.0|STL|NBA|SF|4.0||123.0|34.0|75.0|0.45299999999999996||||34.0|75.0|0.45299999999999996|0.45299999999999996|6.0|12.0|0.5|||26.0|7.0||14.0|74.0
8|1965-66|34.0|STL|NBA|SF|10.0||200.0|44.0|97.0|0.45399999999999996||||44.0|97.0|0.45399999999999996|0.45399999999999996|25.0|27.0|0.9259999999999999|||34.0|18.0||15.0|113.0
9|1967-68|36.0|DLC|ABA|SF|3.0||70.0|14.0|37.0|0.37799999999999995|0.0|0.0||14.0|37.0|0.37799999999999995|0.37799999999999995|9.0|13.0|0.6920000000000001|||13.0|9.0|9.0|11.0|37.0
10|1968-69|37.0|DLC|ABA|SF|2.0||45.0|5.0|14.0|0.35700000000000004|0.0|0.0||5.0|14.0|0.35700000000000004|0.35700000000000004|8.0|10.0|0.8|||6.0|14.0|3.0|5.0|18.0
