player_id|Rk|Unnamed: 1|Age|G|MP|PER|TS%|FTr|ORB%|DRB%|TRB%|AST%|STL%|BLK%|TOV%|USG%|Unnamed: 16|OWS|DWS|WS|WS/48|Unnamed: 21|OBPM|DBPM|BPM|VORP|player_id
gilmoar01|1|Artis Gilmore|29|82|3265|22.3|0.619|0.44799999999999995|9.9|25.0|17.5|12.9|0.7|2.6|16.5|23.0||8.6|4.1|12.7|0.18600000000000003||3.0|1.7|4.7|5.6|gilmoar01
theusre01|2|Reggie Theus|21|82|2753|13.3|0.526|0.31|3.7|5.4|4.5|22.8|1.6|0.3|19.2|22.9||1.5|1.7|3.2|0.055999999999999994||-0.6|-1.3|-1.9|0.1|theusre01
johnsmi01|3|Mickey Johnson|26|82|2594|15.5|0.506|0.298|8.2|18.2|13.2|21.3|1.6|1.2|20.0|24.1||0.8|2.9|3.7|0.069||-0.6|1.5|0.9|1.9|johnsmi01
hollawi01|4|Wilbur Holland|27|82|2483|13.1|0.507|0.187|3.5|7.7|5.6|19.0|2.3|0.3|15.4|19.4||1.7|2.1|3.8|0.07400000000000001||-0.7|0.0|-0.7|0.8|hollawi01
landsma01|5|Mark Landsberger|23|80|1959|12.6|0.483|0.332|16.4|25.0|20.7|4.7|0.6|0.6|18.2|16.7||0.2|2.0|2.2|0.054000000000000006||-2.6|-0.8|-3.4|-0.7|landsma01
johnsol01|6|Ollie Johnson|29|71|1734|12.3|0.552|0.204|3.7|10.6|7.2|13.1|1.5|1.0|16.2|16.2||1.6|1.4|3.1|0.085||-1.2|0.4|-0.9|0.5|johnsol01
mengejo01|7|John Mengelt|29|75|1705|13.2|0.537|0.264|1.6|5.9|3.8|16.1|1.3|0.1|13.5|20.9||2.1|0.9|3.0|0.084||-1.2|-2.2|-3.4|-0.6|mengejo01
brownjo01|8|John Brown|27|77|1265|9.4|0.539|0.309|7.2|13.3|10.3|10.8|0.7|0.4|19.8|14.2||0.9|0.8|1.7|0.064||-2.3|-0.3|-2.6|-0.2|brownjo01
dudlech01|9|Charles Dudley|28|43|684|6.4|0.41100000000000003|0.336|4.0|9.7|6.9|20.9|2.2|0.1|30.8|12.1||-0.7|0.6|-0.1|-0.009000000000000001||-4.9|0.6|-4.2|-0.4|dudlech01
lloydsc01|10|Scott Lloyd|26|67|465|4.3|0.395|0.392|11.3|10.5|10.9|8.7|0.9|0.9|23.4|15.8||-0.7|0.3|-0.4|-0.037000000000000005||-5.4|-0.5|-5.9|-0.5|lloydsc01
maysc01|11|Scott May|24|37|403|8.4|0.48200000000000004|0.294|3.8|13.5|8.7|13.2|2.5|0.1|24.9|20.3||-0.6|0.4|-0.1|-0.015||-5.3|0.1|-5.2|-0.3|maysc01
armstta01|12|Tate Armstrong|23|26|259|6.5|0.436|0.18600000000000003|3.0|5.5|4.2|15.5|1.8|0.0|21.7|14.9||-0.2|0.2|-0.1|-0.012||-5.1|-1.2|-6.3|-0.3|armstta01
sheppst01|13|Steve Sheppard|24|22|203|7.4|0.505|0.373|8.7|6.4|7.5|9.7|1.1|0.0|26.1|15.8||-0.1|0.1|0.0|-0.006999999999999999||-3.9|-1.2|-5.1|-0.2|sheppst01
wakefan01|14|Andre Wakefield|24|2|8|-15.9|0.0|0.0|0.0|0.0|0.0|14.2|0.0|0.0|66.7|15.0||-0.1|0.0|-0.1|-0.397||-18.8|-4.4|-23.2|0.0|wakefan01
