player_id|Rk|Unnamed: 1|Age|G|GS|MP|FG|FGA|FG%|FT|FTA|FT%|ORB|DRB|TRB|AST|STL|BLK|TOV|PF|PTS/G|player_id
gilmoar01|1|Artis Gilmore|29|82||39.8|9.2|16.0|0.575|5.3|7.2|0.7390000000000001|3.6|9.1|12.7|3.3|0.6|1.9|3.8|3.4|23.7|gilmoar01
theusre01|2|Reggie Theus|21|82||33.6|6.5|13.6|0.48|3.2|4.2|0.7609999999999999|1.1|1.7|2.8|5.2|1.1|0.2|3.7|3.3|16.3|theusre01
johnsmi01|3|Mickey Johnson|26|82||31.6|6.0|13.5|0.449|3.3|4.0|0.83|2.4|5.3|7.6|4.6|1.1|0.7|3.8|3.5|15.4|johnsmi01
hollawi01|4|Wilbur Holland|27|82||30.3|5.4|11.5|0.473|1.7|2.1|0.8009999999999999|1.0|2.1|3.1|4.0|1.5|0.1|2.3|2.9|12.6|hollawi01
landsma01|5|Mark Landsberger|23|80||24.5|3.5|7.3|0.475|1.1|2.4|0.469|3.7|5.6|9.3|0.9|0.3|0.3|1.9|1.6|8.1|landsma01
johnsol01|6|Ollie Johnson|29|71||24.4|4.0|7.6|0.52|1.2|1.5|0.8|0.8|2.4|3.2|2.3|0.8|0.5|1.6|2.6|9.2|johnsol01
mengejo01|7|John Mengelt|29|75||22.7|4.5|9.2|0.491|2.0|2.4|0.8240000000000001|0.3|1.2|1.6|2.5|0.6|0.1|1.6|2.0|11.0|mengejo01
brownjo01|8|John Brown|27|77||16.4|2.0|4.1|0.479|1.1|1.3|0.857|1.1|2.0|3.1|1.4|0.2|0.1|1.2|2.3|5.0|brownjo01
dudlech01|9|Charles Dudley|28|43||15.9|1.0|2.9|0.36|0.7|1.0|0.667|0.6|1.4|2.0|2.7|0.7|0.0|1.5|1.9|2.7|dudlech01
maysc01|10|Scott May|24|37||10.9|1.6|3.7|0.434|0.8|1.1|0.75|0.4|1.4|1.7|1.1|0.6|0.0|1.4|1.4|4.0|maysc01
armstta01|11|Tate Armstrong|23|26||10.0|1.1|2.7|0.4|0.4|0.5|0.769|0.3|0.5|0.8|1.2|0.4|0.0|0.8|0.8|2.5|armstta01
sheppst01|12|Steve Sheppard|24|22||9.2|1.1|2.3|0.47100000000000003|0.5|0.9|0.632|0.7|0.5|1.3|0.7|0.2|0.0|1.0|0.7|2.7|sheppst01
lloydsc01|13|Scott Lloyd|26|67||6.9|0.6|1.8|0.35|0.4|0.7|0.574|0.7|0.7|1.4|0.5|0.1|0.1|0.6|1.3|1.7|lloydsc01
wakefan01|14|Andre Wakefield|24|2||4.0|0.0|0.5|0.0|0.0|0.0||0.0|0.0|0.0|0.5|0.0|0.0|1.0|1.0|0.0|wakefan01
