|Season|Age|Tm|Lg|Pos|G|MP|PER|TS%|3PAr|FTr|ORB%|DRB%|TRB%|AST%|STL%|BLK%|TOV%|USG%|OWS|DWS|WS|WS/48|OBPM|DBPM|BPM|VORP
0|1995-96|24.0|CHH|NBA|PG|42.0|621.0|10.4|0.536|0.439|0.317|1.5|7.0|4.2|27.4|1.4|0.0|22.6|20.3|0.2|0.1|0.3|0.021|-1.3|-3.9|-5.2|-0.5
2|1996-97|25.0|CHH|NBA|PG|33.0|576.0|11.6|0.5539999999999999|0.532|0.26|0.7|7.1|4.0|25.2|1.8|0.1|19.3|17.4|0.6|0.2|0.8|0.068|-0.1|-3.2|-3.3|-0.2
3|1996-97|25.0|DEN|NBA|PG|27.0|612.0|12.6|0.511|0.40299999999999997|0.21600000000000003|1.7|6.8|4.3|32.8|1.2|0.1|15.4|16.6|0.8|0.0|0.8|0.066|-0.1|-3.9|-3.9|-0.3
4|1997-98|26.0|DEN|NBA|PG|82.0|2212.0|13.6|0.523|0.258|0.292|2.1|5.9|3.9|22.5|2.1|0.2|10.6|16.5|3.3|-0.4|3.0|0.064|0.4|-3.3|-2.9|-0.5
5|2000-01|29.0|DEN|NBA|PG|20.0|201.0|12.6|0.469|0.425|0.213|0.5|6.0|3.2|28.0|2.3|0.0|14.6|22.7|0.0|0.1|0.1|0.023|-0.9|-4.2|-5.1|-0.2
7|2002-03|31.0|SAS|NBA|PG|10.0|51.0|2.5|0.318|0.444|0.111|0.0|6.5|3.4|9.3|3.1|0.0|9.6|19.0|-0.1|0.1|-0.1|-0.069|-6.0|-1.3|-7.3|-0.1
8|2002-03|31.0|WAS|NBA|PG|5.0|34.0|9.6|0.7070000000000001|0.14300000000000002|0.7140000000000001|0.0|10.5|5.2|5.0|0.0|0.0|30.3|18.3|0.0|0.0|0.0|0.016|-4.6|-3.9|-8.5|-0.1
10|2003-04|32.0|MIN|NBA|PG|5.0|66.0|10.7|0.45|0.429|0.071|1.8|8.2|5.2|21.9|2.5|0.0|12.2|11.7|0.1|0.1|0.1|0.098|-1.6|-0.6|-2.2|0.0
11|2003-04|32.0|NJN|NBA|PG|6.0|19.0|2.4|0.25|0.25|0.0|0.0|6.2|3.1|8.6|5.6|0.0|11.1|22.2|-0.1|0.0|-0.1|-0.155|-10.1|0.2|-9.9|0.0
13|2004-05|33.0|DET|NBA|PG|9.0|55.0|7.4|0.486|0.6|0.5329999999999999|2.2|14.8|8.5|0.0|0.0|0.0|5.1|16.7|0.0|0.1|0.1|0.09300000000000001|-4.3|-5.7|-10.0|-0.1
14|2004-05|33.0|MIL|NBA|PG|24.0|482.0|15.9|0.5870000000000001|0.5870000000000001|0.19|2.2|10.3|6.2|25.3|1.6|0.0|9.6|13.7|1.3|0.2|1.4|0.14300000000000002|3.2|-2.0|1.2|0.4
15|2005-06|34.0|LAC|NBA|PG|3.0|22.0|-5.5|0.14300000000000002|0.28600000000000003|0.0|0.0|5.1|2.6|12.8|0.0|0.0|12.5|16.8|-0.1|0.0|-0.1|-0.245|-11.7|-3.8|-15.5|-0.1
