player_id|Rk|Unnamed: 1|Age|G|GS|MP|FG|FGA|FG%|FT|FTA|FT%|ORB|DRB|TRB|AST|STL|BLK|PF|PTS|player_id
cleamji01|1|Jim Cleamons|25|74||2691|369|768|0.48|144|181|0.7959999999999999|97|232|329|381|84|21|194|882|cleamji01
smithbi02|2|Bingo Smith|28|82||2636|585|1212|0.483|132|160|0.825|108|299|407|229|80|26|227|1302|smithbi02
snydedi01|3|Dick Snyder|30|82||2590|498|988|0.504|165|195|0.846|37|201|238|281|69|43|226|1161|snydedi01
choneji01|4|Jim Chones|25|72||2427|446|916|0.48700000000000004|152|224|0.679|156|521|677|132|49|120|247|1044|choneji01
breweji01|5|Jim Brewer|23|82||1991|291|639|0.455|103|159|0.648|205|304|509|128|77|43|150|685|breweji01
davisdw01|6|Dwight Davis|25|78||1964|295|666|0.44299999999999995|176|245|0.718|108|356|464|150|45|39|254|766|davisdw01
pattest01|7|Steve Patterson|26|81||1269|161|387|0.41600000000000004|48|73|0.6579999999999999|112|217|329|93|21|20|128|370|pattest01
fostefr01|8|Fred Foster|28|73||1136|217|521|0.41700000000000004|69|97|0.711|56|54|110|103|22|2|130|503|fostefr01
carrau01|9|Austin Carr|26|41||1081|252|538|0.46799999999999997|89|106|0.84|51|56|107|154|48|2|57|593|carrau01
walkefo01|10|Foots Walker|23|72||1070|111|275|0.40399999999999997|80|117|0.684|47|99|146|192|80|7|126|302|walkefo01
russeca02|11|Campy Russell|23|68||754|150|365|0.41100000000000003|124|165|0.752|43|109|152|45|21|3|100|424|russeca02
wittelu01|12|Luke Witte|24|39||271|33|96|0.344|19|31|0.613|38|54|92|15|4|22|42|85|wittelu01
