player_id|Rk|Unnamed: 1|Age|G|GS|MP|FG|FGA|FG%|FT|FTA|FT%|ORB|DRB|TRB|AST|STL|BLK|TOV|PF|PTS|player_id
westppa01|1|Paul Westphal|28|81||2641|10.9|20.4|0.535|4.6|5.5|0.8370000000000001|0.5|1.7|2.2|7.2|1.5|0.4|3.2|2.2|26.5|westppa01
busedo01|2|Don Buse|28|82||2544|4.0|8.2|0.495|1.0|1.3|0.769|0.6|2.4|3.1|5.0|2.2|0.3|1.4|2.1|9.1|busedo01
daviswa03|3|Walter Davis|24|79||2437|11.3|20.1|0.561|5.0|6.0|0.831|1.6|3.9|5.5|5.0|2.2|0.4|4.3|3.7|27.6|daviswa03
adamsal01|4|Alvan Adams|24|77||2364|8.7|16.3|0.53|3.5|4.4|0.799|3.4|7.4|10.7|5.5|1.7|1.0|4.2|3.7|20.8|adamsal01
scottal01|5|Alvin Scott|23|81||1737|4.4|8.2|0.535|2.5|3.5|0.7140000000000001|2.2|5.3|7.5|2.6|1.7|1.3|2.1|2.9|11.3|scottal01
kramejo01|6|Joel Kramer|23|82||1401|4.7|9.5|0.489|3.2|4.5|0.71|3.4|5.2|8.7|2.4|1.2|0.6|2.5|5.8|12.5|kramejo01
bratzmi01|7|Mike Bratz|23|77||1297|6.7|14.8|0.45399999999999996|3.9|4.7|0.818|1.5|2.4|3.9|5.0|1.8|0.2|3.7|4.2|17.3|bratzmi01
forreba01|8|Bayard Forrest|24|75||1243|3.4|7.9|0.434|1.8|3.3|0.539|3.2|5.9|9.1|4.8|0.8|1.1|3.1|4.4|8.6|forreba01
heardga01|9|Gar Heard|30|63||1213|4.8|10.9|0.441|2.1|3.1|0.6890000000000001|2.9|7.5|10.4|1.8|1.6|1.7|1.8|4.2|11.7|heardga01
leero01|10|Ron Lee|26|43||948|6.6|14.5|0.452|2.8|3.9|0.7120000000000001|1.6|2.7|4.3|5.0|2.6|0.2|4.4|5.2|15.9|leero01
robintr01|11|Truck Robinson|27|26||756|8.0|15.9|0.508|3.8|5.9|0.642|2.7|8.0|10.7|1.9|0.8|0.6|4.3|3.6|19.9|robintr01
byrnema01|12|Marty Byrnes|22|43||734|5.3|10.9|0.489|3.6|4.9|0.73|2.4|2.4|4.8|3.0|0.7|0.1|3.9|3.4|14.3|byrnema01
mcclate01|13|Ted McClain|32|36||465|4.8|10.2|0.47|3.3|3.6|0.9129999999999999|1.9|3.4|5.3|4.6|1.5|0.0|4.2|3.9|12.9|mcclate01
