player_id|Rk|Unnamed: 1|Age|G|GS|MP|FG|FGA|FG%|FT|FTA|FT%|ORB|DRB|TRB|AST|STL|BLK|TOV|PF|PTS/G|player_id
westppa01|1|Paul Westphal|28|81||32.6|9.9|18.5|0.535|4.2|5.0|0.8370000000000001|0.4|1.5|2.0|6.5|1.4|0.3|2.9|2.0|24.0|westppa01
busedo01|2|Don Buse|28|82||31.0|3.5|7.0|0.495|0.9|1.1|0.769|0.5|2.1|2.6|4.3|1.9|0.2|1.2|1.8|7.8|busedo01
daviswa03|3|Walter Davis|24|79||30.8|9.7|17.2|0.561|4.3|5.2|0.831|1.4|3.3|4.7|4.3|1.9|0.3|3.7|3.2|23.6|daviswa03
adamsal01|4|Alvan Adams|24|77||30.7|7.4|13.9|0.53|3.0|3.8|0.799|2.9|6.3|9.2|4.7|1.4|0.8|3.6|3.2|17.8|adamsal01
robintr01|5|Truck Robinson|27|26||29.1|6.5|12.8|0.508|3.0|4.7|0.642|2.2|6.5|8.7|1.5|0.7|0.5|3.5|2.9|16.0|robintr01
leero01|6|Ron Lee|26|43||22.0|4.0|8.9|0.452|1.7|2.4|0.7120000000000001|1.0|1.7|2.6|3.1|1.6|0.1|2.7|3.2|9.8|leero01
scottal01|7|Alvin Scott|23|81||21.4|2.6|4.9|0.535|1.5|2.1|0.7140000000000001|1.3|3.2|4.4|1.6|1.0|0.8|1.2|1.7|6.7|scottal01
heardga01|8|Gar Heard|30|63||19.3|2.6|5.8|0.441|1.1|1.6|0.6890000000000001|1.6|4.0|5.6|1.0|0.8|0.9|1.0|2.2|6.3|heardga01
byrnema01|9|Marty Byrnes|22|43||17.1|2.5|5.2|0.489|1.7|2.3|0.73|1.1|1.1|2.3|1.4|0.3|0.0|1.8|1.6|6.8|byrnema01
kramejo01|10|Joel Kramer|23|82||17.1|2.2|4.5|0.489|1.5|2.1|0.71|1.6|2.5|4.1|1.1|0.5|0.3|1.2|2.7|5.9|kramejo01
bratzmi01|11|Mike Bratz|23|77||16.8|3.1|6.9|0.45399999999999996|1.8|2.2|0.818|0.7|1.1|1.8|2.3|0.8|0.1|1.8|2.0|8.1|bratzmi01
forreba01|12|Bayard Forrest|24|75||16.6|1.6|3.6|0.434|0.8|1.5|0.539|1.5|2.7|4.2|2.2|0.4|0.5|1.4|2.0|4.0|forreba01
mcclate01|13|Ted McClain|32|36||12.9|1.7|3.7|0.47|1.2|1.3|0.9129999999999999|0.7|1.2|1.9|1.7|0.5|0.0|1.5|1.4|4.6|mcclate01
