|Season|Age|Tm|Lg|Pos|G|GS|MP|FG|FGA|FG%|3P|3PA|3P%|2P|2PA|2P%|eFG%|FT|FTA|FT%|ORB|DRB|TRB|AST|STL|BLK|TOV|PF|PTS
0|1967-68|24.0|BAL|NBA|PF|71.0||951.0|112.0|259.0|0.43200000000000005||||112.0|259.0|0.43200000000000005|0.43200000000000005|60.0|99.0|0.606|||375.0|32.0||||153.0|284.0
1|1968-69|25.0|BAL|NBA|PF|63.0||727.0|129.0|288.0|0.44799999999999995||||129.0|288.0|0.44799999999999995|0.44799999999999995|35.0|54.0|0.648|||246.0|21.0||||120.0|293.0
3|1969-70|26.0|BAL|NBA|PF|29.0||161.0|32.0|66.0|0.485||||32.0|66.0|0.485|0.485|5.0|8.0|0.625|||35.0|2.0||||33.0|69.0
4|1969-70|26.0|CHI|NBA|SF|38.0||616.0|87.0|255.0|0.341||||87.0|255.0|0.341|0.341|37.0|48.0|0.7709999999999999|||197.0|34.0||||89.0|211.0
5|1970-71|27.0|POR|NBA|PF|79.0||1558.0|243.0|559.0|0.435||||243.0|559.0|0.435|0.435|75.0|93.0|0.8059999999999999|||411.0|111.0||||198.0|561.0
6|1971-72|28.0|CAR|ABA|SF|77.0||1648.0|228.0|499.0|0.457|0.0|3.0|0.0|228.0|496.0|0.46|0.457|95.0|114.0|0.833|117.0|324.0|441.0|58.0|||83.0|227.0|551.0
7|1972-73|29.0|CAR|ABA|PF|83.0||1631.0|263.0|554.0|0.475|0.0|1.0|0.0|263.0|553.0|0.47600000000000003|0.475|64.0|84.0|0.762|110.0|283.0|393.0|64.0|||84.0|247.0|590.0
8|1973-74|30.0|CAR|ABA|SF|82.0||1816.0|297.0|609.0|0.488|1.0|2.0|0.5|296.0|607.0|0.488|0.489|86.0|101.0|0.851|105.0|265.0|370.0|100.0|93.0|16.0|95.0|210.0|681.0
9|1974-75|31.0|NYA|ABA|SF|70.0||992.0|103.0|243.0|0.424|0.0|2.0|0.0|103.0|241.0|0.42700000000000005|0.424|35.0|42.0|0.833|59.0|153.0|212.0|58.0|40.0|9.0|57.0|144.0|241.0
10|1975-76|32.0|INA|ABA|SF|12.0||134.0|24.0|60.0|0.4|0.0|0.0||24.0|60.0|0.4|0.4|12.0|17.0|0.706|15.0|22.0|37.0|14.0|4.0|2.0|7.0|18.0|60.0
