|Season|Age|Tm|Lg|Pos|G|GS|MP|FG|FGA|FG%|FT|FTA|FT%|TRB|AST|PF|PTS
0|1949-50|24.0|MNL|NBA|PG|12.0|||1.8|4.2|0.42|1.2|2.0|0.583||2.1|2.9|4.7
1|1950-51|25.0|MNL|NBA|PG|7.0|||2.6|7.3|0.353|2.0|3.9|0.519|6.0|3.6|2.9|7.1
2|1951-52|26.0|MNL|NBA|PG|13.0||40.2|2.9|8.5|0.345|3.2|4.3|0.732|2.8|4.3|4.9|9.0
3|1952-53|27.0|MNL|NBA|PG|12.0||37.8|3.4|8.6|0.39799999999999996|3.3|4.3|0.765|2.6|3.6|4.1|10.1
4|1953-54|28.0|MNL|NBA|PG|13.0||41.0|2.8|8.6|0.33|4.0|5.4|0.743|2.2|4.6|4.0|9.7
5|1954-55|29.0|MNL|NBA|PG|7.0||45.0|4.0|13.4|0.298|5.7|7.0|0.816|4.0|4.4|3.3|13.7
6|1955-56|30.0|MNL|NBA|PG|3.0||40.3|5.7|12.3|0.45899999999999996|6.7|8.0|0.833|2.3|5.0|3.0|18.0
7|1956-57|31.0|STL|NBA|PG|10.0||43.9|5.5|15.5|0.355|5.6|7.4|0.757|4.2|4.9|3.9|16.6
8|1957-58|32.0|STL|NBA|PG|11.0||37.8|4.0|12.5|0.321|3.5|5.7|0.619|4.4|3.6|3.6|11.5
9|1958-59|33.0|STL|NBA|PG|1.0||18.0|4.0|5.0|0.8|0.0|0.0||3.0|2.0|2.0|8.0
10|1959-60|34.0|STL|NBA|PG|3.0||19.3|0.3|4.3|0.077|0.3|1.3|0.25|1.0|2.7|3.0|1.0
