player_id|Rk|Unnamed: 1|Age|G|GS|MP|FG|FGA|FG%|FT|FTA|FT%|TRB|AST|PF|PTS|player_id
maravpe01|1|Pete Maravich|25|79||3089|9.2|20.8|0.441|5.7|7.1|0.8|4.0|6.4|2.9|24.0|maravpe01
hudsolo01|2|Lou Hudson|28|75||3027|9.7|20.3|0.47700000000000004|4.7|5.7|0.825|5.6|3.1|2.3|24.1|hudsolo01
washiji01|3|Jim Washington|29|75||2833|3.9|9.1|0.43200000000000005|2.1|2.8|0.728|10.2|2.2|3.2|9.9|washiji01
bellawa01|4|Walt Bellamy|33|74||2802|5.8|11.6|0.505|3.6|6.8|0.5379999999999999|12.4|2.3|3.1|15.3|bellawa01
gillihe01|5|Herm Gilliam|26|76||2741|6.2|13.2|0.46799999999999997|1.6|2.0|0.82|5.2|6.3|3.4|14.0|gillihe01
trappge01|6|George Trapp|24|77||1853|7.0|16.0|0.436|2.9|3.8|0.773|8.8|2.5|5.3|16.9|trappge01
bracest01|7|Steve Bracey|22|70||1050|6.6|13.5|0.486|2.5|3.8|0.664|3.7|4.3|4.3|15.7|bracest01
chrisbo01|8|Bob Christian|26|55||759|4.0|7.4|0.5479999999999999|2.8|3.7|0.759|14.5|2.2|5.3|10.9|chrisbo01
wetzejo01|9|John Wetzel|28|28||504|3.0|6.7|0.447|1.0|1.2|0.8240000000000001|4.1|2.8|2.9|7.0|wetzejo01
masted01|10|Eddie Mast|24|42||447|4.0|9.5|0.424|1.5|2.4|0.633|11.0|3.0|4.0|9.6|masted01
maydo01|11|Don May|27|32||317|6.9|15.2|0.455|2.5|3.5|0.71|7.6|2.4|6.2|16.4|maydo01
hallije01|12|Jeff Halliburton|23|24||238|7.6|17.5|0.431|3.2|3.3|0.955|3.9|4.2|4.4|18.3|hallije01
tschojo01|13|John Tschogl|22|10||94|5.4|15.3|0.35|0.8|1.5|0.5|8.0|2.3|9.6|11.5|tschojo01
adamsdo01|14|Don Adams|25|4||76|3.8|18.0|0.21100000000000002|3.3|3.8|0.875|10.4|2.4|5.2|10.9|adamsdo01
