|Season|Age|Tm|Lg|Pos|G|GS|MP|FG|FGA|FG%|3P|3PA|3P%|2P|2PA|2P%|FT|FTA|FT%|ORB|DRB|TRB|AST|STL|BLK|TOV|PF|PTS
0|1970-71|22.0|MMP|ABA|C|37.0||357.0|6.2|16.1|0.381|0.0|0.1|0.0|6.2|16.0|0.384|2.1|3.4|0.618|3.9|7.6|11.5|3.3|||3.7|5.6|14.4
1|1971-72|23.0|MMP|ABA|C|1.0||9.0|4.0|8.0|0.5|0.0|0.0||4.0|8.0|0.5|0.0|8.0|0.0|12.0|16.0|28.0|4.0|||4.0|4.0|8.0
2|1972-73|24.0|DLC|ABA|C|77.0||1347.0|5.5|13.1|0.419|0.0|0.0||5.5|13.1|0.419|2.6|3.7|0.691|3.6|6.5|10.1|3.6||2.4|2.5|6.0|13.5
3|1973-74|25.0|SAA|ABA|PF|84.0||2142.0|4.2|9.6|0.441|0.0|0.1|0.0|4.2|9.5|0.44299999999999995|1.4|1.9|0.711|3.4|5.6|8.9|4.3|1.5|0.8|2.5|4.8|9.8
4|1974-75|26.0|SAA|ABA|C|82.0||1724.0|4.6|9.3|0.5|0.0|0.1|0.5|4.6|9.2|0.5|1.6|2.1|0.768|4.0|7.0|10.9|3.5|1.7|1.1|2.4|5.6|10.9
5|1975-76|27.0|SAA|ABA|C|81.0||1467.0|4.9|9.9|0.496|0.0|0.2|0.14300000000000002|4.9|9.7|0.503|1.7|2.0|0.8290000000000001|2.7|5.9|8.6|3.9|1.6|1.1|2.7|6.3|11.5
6|1976-77|28.0|SAS|NBA|C|82.0||1772.0|5.8|12.6|0.46||||5.8|12.6|0.46|2.4|3.4|0.7170000000000001|2.3|5.3|7.6|3.0|1.8|1.2||5.4|14.0
7|1977-78|29.0|SAS|NBA|PF|79.0||1876.0|4.8|10.4|0.46||||4.8|10.4|0.46|1.7|2.2|0.7809999999999999|1.4|5.5|6.9|4.2|1.6|1.1|2.8|4.4|11.3
8|1978-79|30.0|SAS|NBA|C|76.0||1487.0|5.1|9.7|0.523||||5.1|9.7|0.523|1.9|2.4|0.7979999999999999|2.1|5.5|7.6|4.8|1.7|0.9|2.2|5.0|12.0
9|1979-80|31.0|CHI|NBA|C|79.0||1830.0|4.5|9.8|0.45399999999999996|0.0|0.2|0.111|4.4|9.7|0.46|1.8|2.3|0.763|2.0|5.2|7.1|4.2|1.8|1.0|2.2|4.5|10.7
10|1980-81|32.0|CHI|NBA|C|82.0||1243.0|4.2|9.3|0.456|0.1|0.2|0.33299999999999996|4.2|9.1|0.45899999999999996|2.2|3.2|0.6940000000000001|2.3|5.4|7.7|3.4|1.4|1.5|2.5|5.1|10.7
11|1981-82|33.0|CHI|NBA|C|74.0|0.0|999.0|3.3|7.2|0.46|0.0|0.0|0.0|3.3|7.2|0.462|1.4|1.9|0.7040000000000001|2.3|4.5|6.8|3.1|1.8|1.1|1.6|4.7|8.0
12|1982-83|34.0|SAS|NBA|C|8.0|0.0|34.0|1.1|5.3|0.2|0.0|0.0||1.1|5.3|0.2|0.0|2.1|0.0|2.1|6.4|8.5|6.4|1.1|0.0|1.1|6.4|2.1
