|Season|Age|Tm|Lg|Pos|G|GS|MP|FG|FGA|FG%|3P|3PA|3P%|2P|2PA|2P%|eFG%|FT|FTA|FT%|ORB|DRB|TRB|AST|STL|BLK|TOV|PF|PTS
0|1970-71|22.0|MMP|ABA|C|37.0||9.6|1.6|4.3|0.381|0.0|0.0|0.0|1.6|4.3|0.384|0.381|0.6|0.9|0.618|1.1|2.0|3.1|0.9|||1.0|1.5|3.9
1|1971-72|23.0|MMP|ABA|C|1.0||9.0|1.0|2.0|0.5|0.0|0.0||1.0|2.0|0.5|0.5|0.0|2.0|0.0|3.0|4.0|7.0|1.0|||1.0|1.0|2.0
2|1972-73|24.0|DLC|ABA|C|77.0||17.5|2.7|6.4|0.419|0.0|0.0||2.7|6.4|0.419|0.419|1.2|1.8|0.691|1.7|3.2|4.9|1.8||1.1|1.2|2.9|6.6
3|1973-74|25.0|SAA|ABA|PF|84.0||25.5|3.0|6.8|0.441|0.0|0.0|0.0|3.0|6.7|0.44299999999999995|0.441|1.0|1.4|0.711|2.4|4.0|6.3|3.0|1.1|0.6|1.8|3.4|6.9
4|1974-75|26.0|SAA|ABA|C|82.0||21.0|2.7|5.4|0.5|0.0|0.0|0.5|2.7|5.4|0.5|0.502|0.9|1.2|0.768|2.3|4.1|6.4|2.0|1.0|0.7|1.4|3.2|6.4
5|1975-76|27.0|SAA|ABA|C|81.0||18.1|2.5|5.0|0.496|0.0|0.1|0.14300000000000002|2.5|4.9|0.503|0.498|0.8|1.0|0.8290000000000001|1.3|3.0|4.3|2.0|0.8|0.5|1.4|3.2|5.8
6|1976-77|28.0|SAS|NBA|C|82.0||21.6|3.5|7.6|0.46||||3.5|7.6|0.46|0.46|1.5|2.0|0.7170000000000001|1.4|3.2|4.5|1.8|1.1|0.7||3.3|8.4
7|1977-78|29.0|SAS|NBA|PF|79.0||23.7|3.2|6.9|0.46||||3.2|6.9|0.46|0.46|1.1|1.4|0.7809999999999999|0.9|3.6|4.5|2.7|1.0|0.7|1.8|2.9|7.5
8|1978-79|30.0|SAS|NBA|C|76.0||19.6|2.8|5.3|0.523||||2.8|5.3|0.523|0.523|1.0|1.3|0.7979999999999999|1.2|3.0|4.1|2.6|0.9|0.5|1.2|2.7|6.5
9|1979-80|31.0|CHI|NBA|C|79.0||23.2|2.9|6.3|0.45399999999999996|0.0|0.1|0.111|2.9|6.2|0.46|0.455|1.1|1.5|0.763|1.3|3.3|4.6|2.7|1.1|0.6|1.4|2.9|6.9
10|1980-81|32.0|CHI|NBA|C|82.0||15.2|1.8|3.9|0.456|0.0|0.1|0.33299999999999996|1.8|3.8|0.45899999999999996|0.45899999999999996|0.9|1.4|0.6940000000000001|1.0|2.3|3.2|1.4|0.6|0.6|1.1|2.1|4.5
11|1981-82|33.0|CHI|NBA|C|74.0|0.0|13.5|1.2|2.7|0.46|0.0|0.0|0.0|1.2|2.7|0.462|0.46|0.5|0.7|0.7040000000000001|0.9|1.7|2.5|1.2|0.7|0.4|0.6|1.8|3.0
12|1982-83|34.0|SAS|NBA|C|8.0|0.0|4.3|0.1|0.6|0.2|0.0|0.0||0.1|0.6|0.2|0.2|0.0|0.3|0.0|0.3|0.8|1.0|0.8|0.1|0.0|0.1|0.8|0.3
