player_id|Rk|Unnamed: 1|Age|G|GS|MP|FG|FGA|FG%|FT|FTA|FT%|ORB|DRB|TRB|AST|STL|BLK|TOV|PF|PTS/G|player_id
abdulka01|1|Kareem Abdul-Jabbar|30|62||36.5|10.7|19.4|0.55|4.4|5.6|0.7829999999999999|3.0|9.9|12.9|4.3|1.7|3.0|3.4|2.9|25.8|abdulka01
dantlad01|2|Adrian Dantley|21|56||35.4|6.7|12.9|0.52|6.0|7.4|0.8009999999999999|3.1|4.2|7.2|3.4|1.3|0.1|2.9|2.8|19.4|dantlad01
nixonno01|3|Norm Nixon|22|81||34.3|6.1|12.3|0.49700000000000005|1.4|2.0|0.7140000000000001|0.5|2.4|3.0|6.8|1.7|0.1|3.1|3.2|13.7|nixonno01
washike01|4|Kermit Washington|26|25||30.0|4.4|9.8|0.451|2.7|4.4|0.618|4.4|6.8|11.2|1.2|0.8|1.0|2.1|3.0|11.5|washike01
wilkeja01|5|Jamaal Wilkes|24|51||29.2|5.4|12.4|0.44|2.1|2.9|0.716|2.2|5.2|7.5|3.6|1.5|0.4|2.1|3.2|12.9|wilkeja01
scottch01|6|Charlie Scott|29|48||29.0|4.7|10.6|0.442|2.3|3.0|0.775|0.8|2.3|3.1|4.9|1.2|0.2|2.8|3.2|11.7|scottch01
edwarja01|7|James Edwards|22|25||28.9|5.8|12.6|0.45899999999999996|3.2|5.0|0.64|1.8|5.4|7.2|1.2|0.6|1.1|2.3|3.6|14.8|edwarja01
hudsolo01|8|Lou Hudson|33|82||27.8|6.0|12.1|0.49700000000000005|1.7|2.2|0.774|1.0|1.3|2.3|2.4|1.1|0.2|1.8|2.4|13.7|hudsolo01
tatumea01|9|Earl Tatum|24|25||26.5|6.1|12.6|0.48700000000000004|1.8|2.4|0.763|0.9|2.7|3.6|2.8|1.5|0.4|2.1|3.4|14.0|tatumea01
forddo01|10|Don Ford|25|79||24.6|3.4|7.3|0.47200000000000003|0.9|1.1|0.7559999999999999|1.3|3.1|4.5|1.8|0.9|0.6|1.1|2.7|7.7|forddo01
abernto01|11|Tom Abernethy|23|73||18.0|2.8|5.5|0.498|1.2|1.5|0.82|1.4|2.2|3.6|1.4|0.8|0.3|0.7|1.7|6.8|abernto01
chanedo01|12|Don Chaney|31|9||14.8|1.4|4.0|0.361|0.6|0.7|0.833|0.4|0.8|1.2|1.9|0.9|0.3|1.2|1.6|3.4|chanedo01
carrke01|13|Kenny Carr|22|52||14.1|2.6|5.8|0.444|1.1|1.6|0.647|1.0|3.0|4.0|0.5|0.3|0.3|1.7|2.4|6.2|carrke01
digreer01|14|Ernie DiGregorio|27|25||13.3|1.6|4.0|0.41|0.6|0.8|0.8|0.2|0.7|0.9|2.8|0.2|0.0|1.8|0.9|3.9|digreer01
robisda01|15|Dave Robisch|28|55||12.3|1.9|4.5|0.418|0.9|1.2|0.769|1.0|2.3|3.3|0.7|0.3|0.3|0.7|1.3|4.7|robisda01
davisbr01|16|Brad Davis|22|33||10.1|0.9|2.2|0.41700000000000004|0.7|0.9|0.759|0.1|0.9|1.1|2.5|0.5|0.1|1.1|1.2|2.5|davisbr01
