player_id|Rk|Unnamed: 1|Age|G|GS|MP|FG|FGA|FG%|FT|FTA|FT%|ORB|DRB|TRB|AST|STL|BLK|TOV|PF|PTS|player_id
nixonno01|1|Norm Nixon|22|81||2779|496|998|0.49700000000000005|115|161|0.7140000000000001|41|198|239|553|138|7|251|259|1107|nixonno01
hudsolo01|2|Lou Hudson|33|82||2283|493|992|0.49700000000000005|137|177|0.774|80|108|188|193|94|14|150|196|1123|hudsolo01
abdulka01|3|Kareem Abdul-Jabbar|30|62||2265|663|1205|0.55|274|350|0.7829999999999999|186|615|801|269|103|185|208|182|1600|abdulka01
dantlad01|4|Adrian Dantley|21|56||1985|377|725|0.52|334|417|0.8009999999999999|171|233|404|188|70|7|161|157|1088|dantlad01
forddo01|5|Don Ford|25|79||1945|272|576|0.47200000000000003|68|90|0.7559999999999999|106|247|353|142|68|46|88|210|612|forddo01
wilkeja01|6|Jamaal Wilkes|24|51||1490|277|630|0.44|106|148|0.716|113|267|380|182|77|22|107|162|660|wilkeja01
scottch01|7|Charlie Scott|29|48||1393|225|509|0.442|110|142|0.775|38|110|148|235|59|11|133|155|560|scottch01
abernto01|8|Tom Abernethy|23|73||1317|201|404|0.498|91|111|0.82|105|160|265|101|55|22|50|122|493|abernto01
washike01|9|Kermit Washington|26|25||751|110|244|0.451|68|110|0.618|110|169|279|30|19|24|53|74|288|washike01
carrke01|10|Kenny Carr|22|52||733|134|302|0.444|55|85|0.647|53|155|208|26|18|14|89|127|323|carrke01
edwarja01|11|James Edwards|22|25||723|145|316|0.45899999999999996|80|125|0.64|44|136|180|29|16|28|57|89|370|edwarja01
robisda01|12|Dave Robisch|28|55||679|104|249|0.418|50|65|0.769|53|126|179|40|19|14|37|71|258|robisda01
tatumea01|13|Earl Tatum|24|25||663|153|314|0.48700000000000004|45|59|0.763|23|67|90|70|37|10|53|85|351|tatumea01
davisbr01|14|Brad Davis|22|33||334|30|72|0.41700000000000004|22|29|0.759|4|31|35|83|15|2|35|39|82|davisbr01
digreer01|15|Ernie DiGregorio|27|25||332|41|100|0.41|16|20|0.8|5|18|23|71|6|0|46|22|98|digreer01
chanedo01|16|Don Chaney|31|9||133|13|36|0.361|5|6|0.833|4|7|11|17|8|3|11|14|31|chanedo01
