player_id|Rk|Unnamed: 1|Age|G|GS|MP|FG|FGA|FG%|FT|FTA|FT%|TRB|AST|PF|PTS|player_id
cowenda01|1|Dave Cowens|24|82||3425|7.8|17.2|0.452|2.1|2.8|0.779|14.0|3.5|3.3|17.7|cowenda01
havlijo01|2|John Havlicek|32|80||3367|8.2|18.2|0.45|4.0|4.6|0.858|6.1|5.7|2.1|20.3|havlijo01
whitejo01|3|Jo Jo White|26|82||3250|7.9|18.4|0.431|2.0|2.5|0.7809999999999999|4.6|5.5|2.0|17.9|whitejo01
silaspa01|4|Paul Silas|29|80||2618|5.5|11.7|0.47|3.7|5.2|0.7|14.3|3.5|2.7|14.7|silaspa01
chanedo01|5|Don Chaney|26|79||2488|6.0|12.4|0.48200000000000004|3.0|3.9|0.787|6.5|3.2|4.0|15.0|chanedo01
nelsodo01|6|Don Nelson|32|72||1425|7.8|16.4|0.47600000000000003|4.0|4.7|0.846|8.0|2.6|3.9|19.6|nelsodo01
williar01|7|Art Williams|33|81||974|4.1|9.6|0.42100000000000004|1.6|2.1|0.768|6.7|8.7|5.0|9.7|williar01
kuberst01|8|Steve Kuberski|25|78||762|6.6|16.4|0.40299999999999997|3.1|4.0|0.774|9.3|1.2|4.3|16.3|kuberst01
finkeha01|9|Hank Finkel|30|76||496|5.7|12.6|0.451|2.0|3.8|0.5379999999999999|11.0|1.9|6.0|13.4|finkeha01
westppa01|10|Paul Westphal|22|60||482|6.6|15.8|0.42|5.0|6.4|0.779|5.0|5.2|6.6|18.3|westppa01
sandeto01|11|Tom Sanders|34|59||423|4.0|12.7|0.315|2.0|3.0|0.657|7.5|2.3|7.0|10.0|sandeto01
minorma01|12|Mark Minor|22|4||20|1.8|7.2|0.25|5.4|7.2|0.75|7.2|3.6|9.0|9.0|minorma01
