|Season|Age|Tm|Lg|Pos|G|MP|PER|TS%|3PAr|FTr|ORB%|DRB%|TRB%|AST%|STL%|BLK%|TOV%|USG%|OWS|DWS|WS|WS/48|OBPM|DBPM|BPM|VORP
0|1972-73|22.0|NYK|NBA|C|52.0|516.0|12.1|0.478||0.18899999999999997|||14.4|6.3|||||0.2|1.0|1.2|0.11||||
1|1973-74|23.0|NYK|NBA|C|70.0|1423.0|13.0|0.521||0.27899999999999997|8.2|17.2|12.7|7.4|0.7|1.6|||1.5|2.1|3.6|0.121|-0.8|-0.1|-1.0|0.4
2|1974-75|24.0|NYK|NBA|C|80.0|2797.0|12.4|0.506||0.26899999999999996|7.9|18.0|12.9|8.0|0.6|2.3|||2.7|2.7|5.5|0.094|-1.4|1.8|0.4|1.7
3|1975-76|25.0|NYK|NBA|C|82.0|2332.0|12.3|0.504||0.233|8.1|16.4|12.2|6.8|0.5|1.4|||2.5|1.9|4.4|0.091|-1.5|0.7|-0.9|0.7
5|1976-77|26.0|NYK|NBA|C|19.0|630.0|12.9|0.51||0.264|10.2|19.3|14.8|5.2|1.0|2.3|||0.6|0.7|1.3|0.09699999999999999|-1.9|1.3|-0.5|0.2
6|1976-77|26.0|BUF|NBA|C|57.0|1283.0|10.8|0.461||0.19399999999999998|7.3|16.0|11.7|6.2|0.7|2.7|||0.2|1.0|1.2|0.046|-4.7|0.9|-3.7|-0.6
7|1977-78|27.0|MIL|NBA|C|82.0|2327.0|11.7|0.507||0.196|7.4|15.9|11.5|10.1|1.0|2.0|17.7|13.5|1.4|1.8|3.2|0.066|-1.4|1.3|-0.1|1.1
8|1978-79|28.0|MIL|NBA|C|82.0|2057.0|10.3|0.511||0.19399999999999998|6.6|15.4|11.0|9.1|1.0|1.5|15.6|12.8|1.2|1.8|3.0|0.07|-1.4|1.0|-0.4|0.8
9|1979-80|29.0|UTA|NBA|C|17.0|285.0|5.1|0.377|0.0|0.242|6.0|19.0|12.7|7.7|1.0|1.4|23.1|14.3|-0.6|0.1|-0.4|-0.071|-7.9|0.7|-7.2|-0.4
