|Season|Age|Tm|Lg|Pos|G|GS|MP|FG|FGA|FG%|3P|3PA|3P%|2P|2PA|2P%|FT|FTA|FT%|ORB|DRB|TRB|AST|STL|BLK|TOV|PF|PTS
0|1974-75|21.0|GSW|NBA|SF|82.0||2515.0|7.2|16.2|0.442||||7.2|16.2|0.442|2.3|3.1|0.7340000000000001|2.9|6.7|9.6|2.6|1.5|0.3||3.2|16.7
1|1975-76|22.0|GSW|NBA|SF|82.0||2716.0|8.2|17.7|0.46299999999999997||||8.2|17.7|0.46299999999999997|3.0|3.9|0.772|2.6|7.0|9.5|2.2|1.4|0.4||2.9|19.4
2|1976-77|23.0|GSW|NBA|PF|76.0||2579.0|7.6|16.0|0.478||||7.6|16.0|0.478|3.4|4.3|0.797|2.2|5.9|8.1|2.9|1.8|0.2||3.1|18.7
3|1977-78|24.0|LAL|NBA|SF|51.0||1490.0|6.7|15.2|0.44||||6.7|15.2|0.44|2.6|3.6|0.716|2.7|6.5|9.2|4.4|1.9|0.5|2.6|3.9|15.9
4|1978-79|25.0|LAL|NBA|SF|82.0||2915.0|7.7|15.3|0.504||||7.7|15.3|0.504|3.4|4.5|0.7509999999999999|2.0|5.5|7.5|2.8|1.7|0.3|2.8|3.4|18.8
5|1979-80|26.0|LAL|NBA|SF|82.0||3111.0|8.4|15.7|0.535|0.0|0.2|0.17600000000000002|8.4|15.5|0.539|2.2|2.7|0.8079999999999999|2.0|4.0|6.1|2.9|1.5|0.3|1.8|2.5|19.0
6|1980-81|27.0|LAL|NBA|SF|81.0||3028.0|9.3|17.8|0.526|0.0|0.2|0.077|9.3|17.6|0.53|3.0|4.0|0.758|1.7|3.4|5.2|2.8|1.4|0.3|2.5|2.7|21.7
7|1981-82|28.0|LAL|NBA|SF|82.0|82.0|2906.0|9.2|17.6|0.525|0.0|0.0|0.0|9.2|17.5|0.527|3.0|4.2|0.732|1.9|3.0|4.9|1.8|1.1|0.3|2.0|3.0|21.5
8|1982-83|29.0|LAL|NBA|SF|80.0|80.0|2552.0|9.6|18.2|0.53|0.0|0.1|0.0|9.6|18.1|0.5329999999999999|2.9|3.8|0.757|2.1|2.8|4.8|2.6|0.9|0.2|2.1|3.1|22.2
9|1983-84|30.0|LAL|NBA|SF|75.0|74.0|2507.0|7.8|15.1|0.514|0.0|0.1|0.25|7.8|15.0|0.516|3.0|4.0|0.743|1.9|3.0|4.9|3.1|1.0|0.6|2.0|2.9|18.6
10|1984-85|31.0|LAL|NBA|SF|42.0|8.0|761.0|7.0|14.3|0.488|0.0|0.0|0.0|7.0|14.3|0.49|2.4|3.1|0.773|1.7|2.8|4.4|1.9|0.9|0.1|2.3|3.1|16.4
11|1985-86|32.0|LAC|NBA|SF|13.0|1.0|195.0|4.8|12.0|0.4|0.2|0.6|0.33299999999999996|4.6|11.4|0.40299999999999997|4.1|5.0|0.815|2.4|3.0|5.4|2.8|1.3|0.4|3.0|3.5|13.8
