|Season|Age|Tm|Lg|MP|FG|FGA|3P|3PA|2P|2PA|FT|FTA|ORB|DRB|TRB|AST|STL|BLK|TOV|PF|PTS|GmSc
0|1974-75|21.0|GSW|NBA||12|22|||||6|8|||13|4||||6|26|
1|1975-76|22.0|GSW|NBA||10|21|||||7|8|||18|6||||6|24|
2|1976-77|23.0|GSW|NBA||11|20|||||5|7|||13|4||||4|27|
3|1977-78|24.0|LAL|NBA||6|15|||||3|5|||14|4|2.0|1.0|5.0|6|15|
4|1978-79|25.0|LAL|NBA||10|22|||||8|13|4.0|9.0|13|3||||4|26|
5|1979-80|26.0|LAL|NBA||16|30|0.0|1.0|16.0|30.0|10|11|||13|7|||4.0|5|37|
6|1980-81|27.0|LAL|NBA||8|17|0.0|1.0|8.0|17.0|6|9|||6|2||||5|22|
7|1981-82|28.0|LAL|NBA||12|25|0.0||12.0||5|5|||10|5||||5|28|
8|1982-83|29.0|LAL|NBA||13|21|0.0|1.0|13.0|21.0|4|6|||9|7|5.0|3.0||5|28|
9|1983-84|30.0|LAL|NBA||5|10|0.0|1.0|5.0|10.0|3|4|3.0|4.0|5|2|1.0|1.0|2.0|4|13|8.5
