|Season|Age|Tm|Lg|Pos|G|GS|MP|FG|FGA|FG%|3P|3PA|3P%|2P|2PA|2P%|eFG%|FT|FTA|FT%|ORB|DRB|TRB|AST|STL|BLK|TOV|PF|PTS
0|1995-96|22.0|SEA|NBA|PG|10.0|0.0|2.4|0.1|0.7|0.14300000000000002|0.0|0.2|0.0|0.1|0.5|0.2|0.14300000000000002|0.0|0.0||0.0|0.4|0.4|0.6|0.2|0.0|0.4|0.3|0.2
1|1996-97|23.0|SEA|NBA|PG|8.0|0.0|6.0|0.6|1.4|0.455|0.3|0.5|0.5|0.4|0.9|0.429|0.545|0.1|0.3|0.5|0.0|0.3|0.3|1.5|0.5|0.0|0.0|0.9|1.6
2|1998-99|25.0|PHI|NBA|PG|8.0|8.0|38.3|4.6|11.0|0.42|0.4|1.6|0.231|4.3|9.4|0.45299999999999996|0.43799999999999994|2.8|3.4|0.815|0.4|3.8|4.1|7.1|1.0|0.1|3.1|3.3|12.4
3|1999-00|26.0|PHI|NBA|PG|5.0|4.0|27.6|3.0|6.2|0.484|0.6|0.8|0.75|2.4|5.4|0.444|0.532|0.8|0.8|1.0|0.0|2.0|2.0|7.0|0.8|0.2|1.4|2.8|7.4
4|2000-01|27.0|PHI|NBA|PG|23.0|9.0|31.2|3.8|9.1|0.414|0.0|0.3|0.0|3.8|8.8|0.429|0.414|1.7|2.4|0.727|1.1|2.6|3.7|4.5|1.2|0.1|2.0|2.7|9.3
5|2001-02|28.0|PHI|NBA|PG|5.0|5.0|34.2|3.6|11.2|0.321|0.2|1.2|0.16699999999999998|3.4|10.0|0.34|0.33|3.4|4.4|0.773|0.6|3.8|4.4|5.4|1.2|0.0|3.0|2.6|10.8
6|2002-03|29.0|PHI|NBA|PG|12.0|12.0|34.6|3.6|8.5|0.42200000000000004|0.1|0.8|0.1|3.5|7.7|0.457|0.426|4.3|4.8|0.879|0.8|2.6|3.3|5.6|1.5|0.0|2.5|3.9|11.5
7|2005-06|32.0|CLE|NBA|PG|13.0|13.0|31.4|2.5|5.8|0.42100000000000004|0.0|0.1|0.0|2.5|5.8|0.42700000000000005|0.42100000000000004|1.7|2.2|0.759|0.8|2.5|3.3|2.8|0.8|0.2|1.6|2.8|6.6
8|2006-07|33.0|CLE|NBA|PG|19.0|0.0|12.8|0.6|2.0|0.316|0.0|0.2|0.0|0.6|1.8|0.34299999999999997|0.316|0.4|0.7|0.5710000000000001|0.4|1.1|1.5|1.5|0.6|0.1|0.4|1.2|1.7
