player_id|Rk|Unnamed: 1|Age|G|GS|MP|FG|FGA|FG%|FT|FTA|FT%|ORB|DRB|TRB|AST|STL|BLK|PF|PTS|Unnamed: 20|ORtg|DRtg|player_id
hayesel01|1|Elvin Hayes|28|81||3602|8.6|20.4|0.423|4.5|6.2|0.721|4.4|13.9|18.3|2.0|1.1|3.0|3.2|21.7|||89|hayesel01
riordmi01|2|Mike Riordan|28|81||3230|8.1|17.1|0.47200000000000003|1.9|2.4|0.782|1.7|3.6|5.3|3.7|1.4|0.2|3.3|18.0|||97|riordmi01
cheniph01|3|Phil Chenier|23|76||2942|10.7|24.7|0.434|4.2|5.1|0.82|1.7|4.2|6.0|3.7|2.4|1.0|2.1|25.6|||94|cheniph01
porteke01|4|Kevin Porter|23|81||2339|9.2|19.2|0.478|3.5|4.8|0.723|1.5|1.9|3.5|9.1|1.8|0.2|6.2|21.9|||98|porteke01
clarkar01|5|Archie Clark|32|56||1786|8.0|17.1|0.467|2.6|3.3|0.7859999999999999|1.1|2.5|3.6|7.2|1.5|0.2|3.1|18.5|||98|clarkar01
unselwe01|6|Wes Unseld|27|56||1727|3.8|8.7|0.43799999999999994|0.9|1.4|0.655|4.0|9.5|13.5|4.2|1.5|0.4|3.2|8.6|||93|unselwe01
weathni01|7|Nick Weatherspoon|23|65||1216|7.4|17.9|0.41200000000000003|3.6|5.2|0.691|4.9|9.8|14.7|1.4|1.8|0.6|6.6|18.3|||92|weathni01
leaksma01|8|Manny Leaks|28|53||845|4.2|12.4|0.341|3.1|4.4|0.6990000000000001|5.0|8.0|13.0|1.3|0.5|2.1|5.1|11.5|||94|leaksma01
kozelto01|9|Tom Kozelko|22|49||573|4.6|10.5|0.444|1.8|2.5|0.7190000000000001|4.1|5.7|9.8|2.0|1.7|0.6|6.5|11.1|||95|kozelto01
nelsolo01|10|Louie Nelson|22|49||556|7.6|17.5|0.433|4.3|5.9|0.726|2.1|3.6|5.7|4.2|2.5|0.2|5.0|19.4|||95|nelsolo01
stallda01|11|Dave Stallworth|32|45||458|7.4|18.4|0.401|4.6|5.4|0.855|5.1|7.2|12.3|2.5|2.8|0.4|6.0|19.4|||92|stallda01
weslewa01|12|Walt Wesley|29|39||400|8.0|17.0|0.47|2.9|4.9|0.605|7.1|8.2|15.3|1.6|1.0|2.3|8.4|19.0|||93|weslewa01
rinalri01|13|Rich Rinaldi|24|7||48|2.8|20.7|0.136|2.8|3.8|0.75|1.9|4.7|6.6|9.4|2.8|0.9|6.6|8.5|||93|rinalri01
patteto01|14|Tom Patterson|25|2||8|0.0|5.6|0.0|5.6|11.3|0.5|5.6|5.6|11.3|11.3|0.0|0.0|0.0|5.6|||99|patteto01
