|Season|Age|Tm|Lg|Pos|G|MP|PER|TS%|3PAr|FTr|ORB%|DRB%|TRB%|AST%|STL%|BLK%|TOV%|USG%|OWS|DWS|WS|WS/48|OBPM|DBPM|BPM|VORP
0|2008-09|23.0|POR|NBA|PF|6.0|237.0|18.6|0.519|0.038|0.192|4.4|20.9|11.9|7.0|0.7|3.6|8.1|26.3|0.2|0.2|0.3|0.069|-0.7|-0.9|-1.6|0.0
1|2009-10|24.0|POR|NBA|PF|6.0|229.0|17.5|0.507|0.022000000000000002|0.473|5.1|14.6|9.7|11.1|1.7|4.4|8.9|25.8|0.2|0.0|0.2|0.043|-2.1|1.7|-0.5|0.1
2|2010-11|25.0|POR|NBA|PF|6.0|258.0|19.2|0.498|0.0|0.209|7.9|13.5|10.8|6.4|1.8|3.5|6.7|26.6|0.3|0.1|0.4|0.073|-0.6|-0.3|-0.9|0.1
3|2013-14|28.0|POR|NBA|PF|11.0|441.0|21.0|0.509|0.012|0.3|7.5|21.2|14.4|7.0|0.8|3.0|6.3|30.1|0.6|0.3|0.9|0.09699999999999999|-0.8|-0.8|-1.6|0.0
4|2014-15|29.0|POR|NBA|PF|5.0|208.0|16.7|0.426|0.098|0.321|10.8|18.4|14.6|8.4|0.5|3.8|5.9|29.9|0.0|0.2|0.1|0.032|-2.2|-0.7|-2.9|0.0
5|2015-16|30.0|SAS|NBA|PF|10.0|337.0|25.0|0.579|0.012|0.272|8.0|19.7|14.2|5.4|0.6|3.3|5.5|27.7|1.0|0.5|1.6|0.223|1.5|0.3|1.8|0.3
6|2016-17|31.0|SAS|NBA|PF|16.0|537.0|15.2|0.5|0.057999999999999996|0.22899999999999998|8.9|17.0|12.8|7.2|1.0|2.9|9.6|24.1|0.2|0.4|0.6|0.057999999999999996|-2.1|0.8|-1.3|0.1
7|2017-18|32.0|SAS|NBA|C|5.0|177.0|24.8|0.599|0.063|0.525|7.8|22.6|14.7|13.2|0.9|1.0|8.4|27.8|0.6|0.1|0.7|0.18899999999999997|3.1|0.5|3.6|0.3
8|2018-19|33.0|SAS|NBA|C|7.0|244.0|21.8|0.517|0.091|0.273|8.4|21.1|14.8|13.1|1.1|2.3|4.9|27.0|0.5|0.2|0.7|0.13|1.5|0.4|1.9|0.2
