|Season|Age|Tm|Lg|Pos|G|MP|FG%|Dist.|% of 2PA|% of 0-3|% of 3-10|% of 10-16|% of 16-3pt|% of 3P|2P %FG|0-3 %FG|3-10 %FG|10-16 %FG|16-3pt%FG|3P %FG|2P % Assisted|% of Dunks|Dunks Made|3P % Assisted|% of 3PA from Corner|Corner 3 %FG |Heaves Attempted|Heaves Made
0|2008-09|23.0|POR|NBA|PF|6.0|237.0|0.49|14.3|0.9620000000000001|0.125|0.163|0.28800000000000003|0.385|0.038|0.5|0.846|0.353|0.5329999999999999|0.425|0.25|0.54|0.077|8.0|1.0|0.25|0.0|1.0|0.0
1|2009-10|24.0|POR|NBA|PF|6.0|229.0|0.43|13.3|0.978|0.183|0.10800000000000001|0.204|0.484|0.022000000000000002|0.429|0.882|0.4|0.579|0.2|0.5|0.6409999999999999|0.065|6.0|1.0|0.5|1.0|0.0|0.0
2|2010-11|25.0|POR|NBA|PF|6.0|258.0|0.461|10.0|1.0|0.243|0.261|0.226|0.27|0.0|0.461|0.7140000000000001|0.33299999999999996|0.462|0.355||0.604|0.087|10.0||||0.0|0.0
3|2013-14|28.0|POR|NBA|PF|11.0|441.0|0.452|10.7|0.988|0.268|0.18|0.23600000000000002|0.304|0.012|0.449|0.627|0.35600000000000004|0.40700000000000003|0.382|0.667|0.45899999999999996|0.027999999999999997|5.0|0.5|0.33299999999999996|1.0|1.0|0.0
4|2014-15|29.0|POR|NBA|PF|5.0|208.0|0.33|10.4|0.902|0.33899999999999997|0.14300000000000002|0.223|0.196|0.098|0.337|0.5|0.188|0.24|0.273|0.273|0.294|0.018000000000000002|2.0|1.0|0.182|0.0|0.0|0.0
5|2015-16|30.0|SAS|NBA|PF|10.0|337.0|0.521|10.3|0.988|0.254|0.201|0.308|0.225|0.012|0.515|0.512|0.5589999999999999|0.48100000000000004|0.526|1.0|0.523|0.012|2.0|1.0|0.5|1.0|0.0|0.0
6|2016-17|31.0|SAS|NBA|PF|16.0|537.0|0.45799999999999996|10.7|0.9420000000000001|0.267|0.196|0.23800000000000002|0.23800000000000002|0.057999999999999996|0.478|0.7190000000000001|0.489|0.368|0.316|0.14300000000000002|0.537|0.063|12.0|1.0|0.5|0.0|0.0|0.0
7|2017-18|32.0|SAS|NBA|C|5.0|177.0|0.46299999999999997|9.3|0.938|0.213|0.275|0.3|0.15|0.063|0.45299999999999996|0.8240000000000001|0.318|0.375|0.33299999999999996|0.6|0.588|0.013000000000000001|1.0|0.667|0.2|1.0|0.0|0.0
8|2018-19|33.0|SAS|NBA|C|7.0|244.0|0.455|10.5|0.909|0.273|0.207|0.281|0.149|0.091|0.473|0.636|0.52|0.294|0.444|0.273|0.596|0.066|6.0|1.0|0.545|0.33299999999999996|0.0|0.0
