|Season|Age|Tm|Lg|Pos|G|MP|FG%|Dist.|% of 2PA|% of 0-3|% of 3-10|% of 10-16|% of 16-3pt|% of 3P|2P %FG|0-3 %FG|3-10 %FG|10-16 %FG|16-3pt%FG|3P %FG|2P % Assisted|% of Dunks|Dunks Made|3P % Assisted|% of 3PA from Corner|Corner 3 %FG |Heaves Attempted|Heaves Made
0|2006-07|21.0|POR|NBA|C|63.0|1392.0|0.503|9.3|0.996|0.36700000000000005|0.129|0.19399999999999998|0.305|0.004|0.505|0.71|0.484|0.312|0.39|0.0|0.68|0.121|52.0||0.0||0.0|0.0
1|2007-08|22.0|POR|NBA|PF|76.0|2649.0|0.484|10.9|0.9940000000000001|0.19699999999999998|0.272|0.218|0.308|0.006|0.486|0.693|0.46299999999999997|0.44299999999999995|0.40299999999999997|0.14300000000000002|0.645|0.079|86.0|1.0|0.14300000000000002|0.0|2.0|0.0
2|2008-09|23.0|POR|NBA|PF|81.0|3004.0|0.484|11.0|0.977|0.245|0.21100000000000002|0.179|0.34299999999999997|0.023|0.489|0.6709999999999999|0.45|0.42200000000000004|0.418|0.25|0.5670000000000001|0.098|108.0|1.0|0.643|0.389|3.0|0.0
3|2009-10|24.0|POR|NBA|PF|78.0|2922.0|0.495|10.8|0.986|0.247|0.215|0.21|0.314|0.013999999999999999|0.498|0.716|0.442|0.431|0.409|0.313|0.57|0.078|87.0|1.0|0.375|0.667|3.0|0.0
4|2010-11|25.0|POR|NBA|PF|81.0|3211.0|0.5|9.3|0.9840000000000001|0.32|0.271|0.155|0.23800000000000002|0.016|0.505|0.7040000000000001|0.397|0.402|0.42700000000000005|0.174|0.546|0.11699999999999999|148.0|0.75|0.217|0.0|4.0|0.0
5|2011-12|26.0|POR|NBA|PF|55.0|1994.0|0.512|10.6|0.988|0.281|0.182|0.205|0.32|0.012|0.516|0.687|0.523|0.40399999999999997|0.434|0.182|0.536|0.062|54.0|0.5|0.364|0.0|1.0|0.0
6|2012-13|27.0|POR|NBA|PF|74.0|2790.0|0.484|11.7|0.9890000000000001|0.215|0.192|0.19699999999999998|0.385|0.011000000000000001|0.488|0.6940000000000001|0.447|0.43799999999999994|0.418|0.14300000000000002|0.542|0.047|56.0|0.5|0.28600000000000003|0.25|1.0|0.0
7|2013-14|28.0|POR|NBA|PF|69.0|2498.0|0.45799999999999996|12.5|0.9890000000000001|0.18600000000000003|0.162|0.226|0.415|0.011000000000000001|0.461|0.675|0.364|0.38799999999999996|0.442|0.2|0.599|0.027000000000000003|36.0|0.667|0.067|0.0|1.0|0.0
8|2014-15|29.0|POR|NBA|PF|71.0|2512.0|0.466|12.8|0.9259999999999999|0.192|0.16399999999999998|0.20600000000000002|0.365|0.07400000000000001|0.475|0.701|0.44799999999999995|0.392|0.415|0.35200000000000004|0.46799999999999997|0.02|27.0|0.919|0.295|0.355|1.0|0.0
9|2015-16|30.0|SAS|NBA|PF|74.0|2261.0|0.513|10.0|0.985|0.27899999999999997|0.191|0.21100000000000002|0.303|0.015|0.521|0.733|0.465|0.42700000000000005|0.426|0.0|0.66|0.047|47.0||0.5|0.0|0.0|0.0
10|2016-17|31.0|SAS|NBA|PF|72.0|2335.0|0.47700000000000004|11.8|0.9470000000000001|0.222|0.19399999999999998|0.20199999999999999|0.32799999999999996|0.053|0.48|0.7|0.42200000000000004|0.387|0.424|0.41100000000000003|0.5770000000000001|0.040999999999999995|37.0|0.9570000000000001|0.41100000000000003|0.435|0.0|0.0
11|2017-18|32.0|SAS|NBA|C|75.0|2509.0|0.51|9.8|0.932|0.275|0.212|0.256|0.18899999999999997|0.068|0.526|0.735|0.446|0.43799999999999994|0.431|0.293|0.502|0.036000000000000004|46.0|0.963|0.163|0.467|1.0|0.0
12|2018-19|33.0|SAS|NBA|C|81.0|2687.0|0.519|9.7|0.968|0.27|0.24600000000000002|0.252|0.201|0.032|0.528|0.716|0.485|0.43700000000000006|0.442|0.23800000000000002|0.588|0.042|51.0|0.9|0.095|0.25|0.0|0.0
