player_id|Rk|Unnamed: 1|Age|G|GS|MP|FG|FGA|FG%|FT|FTA|FT%|TRB|AST|PF|PTS|player_id
wickssi01|1|Sidney Wicks|23|80||3152|8.7|19.2|0.452|4.4|6.1|0.723|9.9|5.0|2.9|21.8|wickssi01
petrige01|2|Geoff Petrie|24|79||3134|9.6|20.7|0.46399999999999997|3.4|4.4|0.778|3.1|4.0|1.9|22.6|petrige01
nealll01|3|Lloyd Neal|22|82||2723|6.0|12.2|0.494|2.5|3.9|0.638|12.8|1.9|4.0|14.5|nealll01
johnsol01|4|Ollie Johnson|23|78||2138|5.2|10.4|0.49700000000000005|2.6|3.5|0.757|7.0|3.4|2.8|13.0|johnsol01
adelmri01|5|Rick Adelman|26|76||1822|4.2|10.4|0.408|1.4|2.0|0.716|3.1|5.8|3.1|9.9|adelmri01
smithgr01|6|Greg Smith|26|72||1569|5.3|10.8|0.488|1.7|2.9|0.586|8.6|2.7|4.8|12.2|smithgr01
davisch01|7|Charlie Davis|23|69||1333|6.6|15.9|0.41200000000000003|3.4|4.3|0.7829999999999999|3.0|4.7|4.7|16.5|davisch01
steella01|8|Larry Steele|23|66||1301|4.4|9.1|0.483|2.0|2.5|0.7979999999999999|4.3|4.3|5.0|10.8|steella01
martila01|9|LaRue Martin|22|77||996|5.2|13.2|0.396|1.8|2.8|0.649|12.9|1.5|5.9|12.3|martila01
dischte01|10|Terry Dischinger|32|63||970|6.0|12.5|0.47600000000000003|2.4|3.6|0.667|7.1|3.8|4.6|14.3|dischte01
wohlda01|11|Dave Wohl|23|22||393|4.3|10.4|0.41200000000000003|2.2|3.0|0.727|1.8|6.2|4.1|10.8|wohlda01
mckenst01|12|Stan McKenzie|28|7||107|4.4|12.1|0.361|4.7|5.4|0.875|7.1|2.7|5.0|13.5|mckenst01
smithwi01|13|William Smith|23|8||43|7.5|12.6|0.6|4.2|6.7|0.625|6.7|0.8|6.7|19.3|smithwi01
davisbo01|14|Bob Davis|22|9||41|5.3|24.6|0.214|3.5|5.3|0.667|4.4|1.8|4.4|14.0|davisbo01
turnebi01|15|Bill Turner|28|2||8|9.0|27.0|0.33299999999999996|0.0|0.0||9.0|0.0|13.5|18.0|turnebi01
