|Season|Age|Tm|Lg|Pos|G|MP|PER|TS%|3PAr|FTr|ORB%|DRB%|TRB%|AST%|STL%|BLK%|TOV%|USG%|OWS|DWS|WS|WS/48|OBPM|DBPM|BPM|VORP
0|1989-90|23.0|MIN|NBA|SF|66.0|746.0|15.2|0.5660000000000001|0.004|0.773|10.4|11.7|11.0|9.4|2.3|0.7|19.2|25.0|0.6|0.7|1.3|0.087|-1.3|-1.4|-2.7|-0.1
1|1991-92|25.0|SAS|NBA|SF|60.0|718.0|11.7|0.5329999999999999|0.0|0.747|10.0|8.9|9.4|6.4|1.7|0.6|14.2|16.2|0.7|0.8|1.6|0.105|-1.5|-0.4|-1.9|0.0
2|1992-93|26.0|ORL|NBA|SF|77.0|1636.0|14.5|0.627|0.008|0.997|8.5|11.7|10.2|7.0|1.1|0.9|16.7|17.8|3.5|1.5|5.1|0.149|0.2|-0.2|0.0|0.8
3|1993-94|27.0|ORL|NBA|SF|74.0|1357.0|14.6|0.588|0.006|0.775|7.9|12.6|10.3|6.3|1.9|0.7|14.0|17.0|2.6|1.2|3.8|0.135|-0.3|-0.6|-0.9|0.4
4|1994-95|28.0|ORL|NBA|SF|70.0|1841.0|12.2|0.561|0.009000000000000001|0.6890000000000001|5.3|11.8|8.7|14.2|1.2|0.6|18.1|16.1|2.2|1.4|3.6|0.094|-1.0|-0.3|-1.3|0.3
5|1995-96|29.0|ORL|NBA|SF|64.0|963.0|12.7|0.585|0.009000000000000001|0.759|7.1|11.3|9.3|6.3|1.6|1.1|15.3|16.0|1.4|0.9|2.3|0.113|-1.9|-0.6|-2.5|-0.1
7|1996-97|30.0|ORL|NBA|SF|1.0|29.0|5.8|0.51|0.0|0.4|3.9|0.0|2.0|6.0|0.0|0.0|20.3|23.5|0.0|0.0|0.0|-0.048|-6.8|-5.1|-11.9|-0.1
8|1996-97|30.0|GSW|NBA|SF|36.0|509.0|9.7|0.522|0.021|0.813|7.7|14.5|11.1|4.0|1.1|1.4|14.4|13.3|0.4|0.1|0.6|0.055|-3.3|-1.4|-4.7|-0.3
9|1996-97|30.0|CHH|NBA|SF|25.0|320.0|8.5|0.632|0.0|0.875|7.0|14.7|11.0|4.5|2.0|0.5|28.4|11.4|0.1|0.3|0.4|0.061|-2.9|0.1|-2.8|-0.1
11|1997-98|31.0|ORL|NBA|SF|2.0|18.0|-1.6|0.322|0.0|0.667|12.8|13.4|13.1|8.6|3.1|0.0|27.9|27.4|-0.1|0.0|-0.1|-0.19899999999999998|-10.7|-0.6|-11.3|0.0
12|1997-98|31.0|CHH|NBA|SF|29.0|305.0|8.9|0.488|0.0|0.46|6.4|8.2|7.3|7.8|1.1|0.2|8.5|12.6|0.4|0.1|0.5|0.08|-2.2|-1.4|-3.6|-0.1
