|Season|Age|Tm|Lg|Pos|G|GS|MP|FG|FGA|FG%|3P|3PA|3P%|2P|2PA|2P%|eFG%|FT|FTA|FT%|ORB|DRB|TRB|AST|STL|BLK|TOV|PF|PTS
0|1968-69|22.0|OAK|ABA|C|16.0||20.6|4.1|7.6|0.537|0.0|0.0||4.1|7.6|0.537|0.537|3.7|5.2|0.711|||6.4|0.9|||1.6|3.3|11.8
1|1969-70|23.0|WSA|ABA|C|7.0||9.3|2.0|3.4|0.583|0.0|0.0||2.0|3.4|0.583|0.583|0.4|0.4|1.0|||2.0|0.7|||0.9|1.6|4.4
2|1970-71|24.0|VIR|ABA|C|12.0||24.7|4.2|8.3|0.505|0.0|0.0||4.2|8.3|0.505|0.505|2.0|2.7|0.75|3.0|7.0|10.0|1.7|||1.3|3.7|10.3
3|1971-72|25.0|VIR|ABA|C|11.0||29.5|3.5|7.3|0.475|0.0|0.0||3.5|7.3|0.475|0.475|2.5|3.5|0.6920000000000001|||8.7|2.0|||1.6|3.3|9.4
4|1972-73|26.0|VIR|ABA|C|5.0||43.4|9.6|16.2|0.593|0.0|0.0||9.6|16.2|0.593|0.593|5.6|6.8|0.8240000000000001|4.0|7.4|11.4|3.6|||4.4|4.4|24.8
5|1973-74|27.0|VIR|ABA|C|5.0||38.0|7.4|14.2|0.521|0.0|0.2|0.0|7.4|14.0|0.529|0.521|5.2|6.6|0.7879999999999999|4.4|6.4|10.8|3.8|1.4|0.8|4.0|4.6|20.0
6|1974-75|28.0|UTS|ABA|PF|6.0||32.3|5.8|9.2|0.636|0.0|0.0||5.8|9.2|0.636|0.636|1.8|2.0|0.917|2.7|3.5|6.2|1.2|1.5|1.8|3.0|4.7|13.5
7|1975-76|29.0|NYA|ABA|C|13.0||21.6|2.3|4.3|0.536|0.0|0.0||2.3|4.3|0.536|0.536|2.2|2.8|0.8059999999999999|2.3|3.7|6.0|0.8|0.5|0.5|1.5|4.0|6.8
8|1977-78|31.0|MIL|NBA|C|3.0||6.0|0.3|1.7|0.2||||0.3|1.7|0.2|0.2|0.0|0.0||0.3|0.0|0.3|0.3|0.3|0.0|0.3|0.7|0.7
