|Season|Age|Tm|Lg|Pos|G|GS|MP|FG|FGA|FG%|3P|3PA|3P%|2P|2PA|2P%|FT|FTA|FT%|ORB|DRB|TRB|AST|STL|BLK|TOV|PF|PTS
1|1973-74|24.0|VIR|ABA|C|17.0||374.0|8.1|14.5|0.556|0.0|0.0||8.1|14.5|0.556|4.4|7.0|0.63|3.7|11.2|14.8|1.6|0.6|1.4|4.5|3.6|20.6
2|1973-74|24.0|SAA|ABA|C|62.0||2001.0|6.9|12.5|0.551|0.0|0.0|0.0|6.9|12.5|0.552|2.4|3.3|0.74|4.5|10.7|15.2|2.0|0.5|0.9|2.8|3.2|16.2
3|1974-75|25.0|SAA|ABA|C|78.0||2713.0|6.6|12.1|0.542|0.0|0.0|0.0|6.6|12.1|0.542|2.5|3.3|0.752|4.9|12.1|17.0|1.3|0.6|1.2|2.5|3.2|15.6
5|1975-76|26.0|NYA|ABA|C|43.0||1016.0|5.7|11.7|0.485|0.0|0.1|0.0|5.7|11.6|0.489|2.0|2.8|0.718|4.9|10.7|15.6|0.7|0.6|0.9|3.3|5.0|13.3
6|1975-76|26.0|VIR|ABA|C|33.0||774.0|7.4|14.9|0.498|0.0|0.0|0.0|7.4|14.9|0.5|2.4|3.6|0.675|4.2|10.9|15.1|1.7|0.6|1.2|3.5|4.5|17.3
7|1976-77|27.0|MIL|NBA|C|72.0||1960.0|7.0|13.3|0.528||||7.0|13.3|0.528|3.2|4.2|0.754|4.9|11.0|15.9|2.0|1.0|0.9||3.9|17.2
8|1977-78|28.0|BUF|NBA|C|78.0||2778.0|6.5|12.9|0.504||||6.5|12.9|0.504|2.7|3.5|0.765|3.6|9.7|13.3|2.8|0.5|0.6|2.9|3.6|15.7
9|1978-79|29.0|SDC|NBA|C|79.0||2006.0|6.4|11.3|0.569||||6.4|11.3|0.569|2.4|3.0|0.8|3.9|8.7|12.6|2.5|0.7|0.5|3.1|4.4|15.2
10|1979-80|30.0|SDC|NBA|C|81.0||2860.0|5.6|10.1|0.5539999999999999|0.0|0.0|0.0|5.6|10.0|0.556|2.5|3.4|0.718|4.4|10.9|15.3|2.9|0.6|0.5|3.2|3.3|13.6
11|1980-81|31.0|SDC|NBA|C|82.0||2809.0|6.6|12.0|0.5529999999999999|0.0|0.0||6.6|12.0|0.5529999999999999|3.1|3.9|0.795|3.8|9.3|13.0|2.6|0.6|0.6|2.7|3.8|16.4
12|1981-82|32.0|SDC|NBA|C|21.0|7.0|575.0|6.3|11.0|0.5770000000000001|0.1|0.1|1.0|6.3|10.9|0.575|3.7|4.9|0.747|2.9|9.1|12.0|1.9|0.4|0.6|3.0|4.0|16.4
13|1982-83|33.0|SDC|NBA|C|7.0|0.0|51.0|4.2|14.1|0.3|0.0|0.0||4.2|14.1|0.3|2.8|2.8|1.0|1.4|7.8|9.2|0.7|0.7|0.0|2.1|0.7|11.3
14|1983-84|34.0|LAL|NBA|C|69.0|0.0|829.0|5.4|11.0|0.49|0.0|0.0|0.0|5.4|10.9|0.49200000000000005|2.7|4.0|0.6920000000000001|3.5|7.9|11.5|1.2|1.1|0.3|3.0|6.5|13.5
