|Season|Age|Tm|Lg|Pos|G|GS|MP|FG|FGA|FG%|3P|3PA|3P%|2P|2PA|2P%|FT|FTA|FT%|ORB|DRB|TRB|AST|STL|BLK|TOV|PF|PTS
0|2005-06|20.0|SEA|NBA|C|68.0|41.0|1282.0|4.3|8.4|0.51|0.0|0.0||4.3|8.4|0.51|1.3|2.1|0.627|3.1|5.3|8.3|0.4|0.7|1.4|1.7|6.0|9.9
1|2006-07|21.0|SEA|NBA|C|81.0|13.0|1510.0|5.4|10.4|0.516|0.0|0.0||5.4|10.4|0.516|1.2|1.8|0.649|2.2|5.8|8.0|1.1|0.9|1.1|2.0|5.7|12.0
2|2007-08|22.0|SEA|NBA|C|72.0|28.0|1310.0|5.1|12.1|0.419|0.0|0.0|0.0|5.1|12.0|0.42|1.8|2.4|0.736|2.7|7.5|10.2|0.9|1.0|1.2|2.0|4.8|11.9
4|2008-09|23.0|OKC|NBA|C|22.0|12.0|342.0|4.8|11.9|0.40700000000000003|0.0|0.1|0.0|4.8|11.8|0.41100000000000003|1.1|1.6|0.667|2.8|7.2|10.0|0.6|1.7|0.5|1.6|5.4|10.7
5|2008-09|23.0|DEN|NBA|C|27.0|10.0|217.0|4.5|10.5|0.429|0.0|0.2|0.0|4.5|10.3|0.435|1.0|2.3|0.429|2.5|8.0|10.5|1.7|0.5|1.7|2.2|9.3|10.0
6|2009-10|24.0|DEN|NBA|C|36.0|16.0|436.0|4.5|8.3|0.535|0.0|0.1|0.0|4.5|8.3|0.54|1.2|1.7|0.667|2.6|8.0|10.7|1.2|0.8|1.1|1.9|6.6|10.1
7|2010-11|25.0|NJN|NBA|C|77.0|1.0|893.0|5.2|11.7|0.445|0.0|0.2|0.0|5.2|11.5|0.451|0.6|1.1|0.536|2.5|6.0|8.5|1.8|1.4|1.4|1.9|7.2|11.0
8|2011-12|26.0|NJN|NBA|C|59.0|10.0|920.0|4.3|10.2|0.419|0.0|0.0|1.0|4.2|10.1|0.41700000000000004|1.2|1.4|0.838|2.7|6.1|8.8|1.8|0.8|0.9|1.5|4.8|9.8
9|2012-13|27.0|ATL|NBA|C|31.0|8.0|352.0|4.9|11.3|0.436|0.1|0.4|0.25|4.8|10.8|0.44299999999999995|1.1|1.2|0.917|3.4|8.1|11.5|1.6|1.0|0.9|2.5|4.9|11.0
