|Season|Age|Tm|Lg|Pos|G|MP|PG%|SG%|SF%|PF%|C%|OnCourt|On-Off|BadPass|LostBall|Shoot|Off.|Shoot.1|Off..1|PGA|And1|Blkd
0|2000-01|20.0|LAC|NBA|SG|76.0|1358.0|1|95|4|0|0|-5.3|-3.0|17.0|26.0|42.0|11.0|72.0|0.0|133.0|17.0|46.0
1|2001-02|21.0|LAC|NBA|SG|81.0|2152.0|0|69|31|0|0|1.8|5.2|39.0|36.0|63.0|13.0|81.0|0.0|280.0|17.0|67.0
2|2002-03|22.0|LAC|NBA|SG|59.0|1368.0|15|51|33|1|0|-5.9|-2.0|24.0|26.0|47.0|6.0|54.0|0.0|117.0|9.0|38.0
3|2003-04|23.0|LAC|NBA|SG|65.0|2338.0|0|91|9|0|0|-3.8|3.3|57.0|41.0|56.0|23.0|87.0|0.0|303.0|21.0|68.0
4|2004-05|24.0|PHO|NBA|SG|79.0|2839.0|12|87|1|0|0|8.7|4.4|45.0|34.0|104.0|10.0|81.0|0.0|368.0|14.0|45.0
5|2005-06|25.0|NYK|NBA|SF|55.0|1442.0|0|41|58|1|0|-10.4|-5.2|35.0|10.0|69.0|7.0|44.0|13.0|191.0|7.0|35.0
6|2006-07|26.0|NYK|NBA|SF|49.0|1621.0|0|13|81|6|0|-2.9|0.9|31.0|8.0|67.0|11.0|46.0|15.0|241.0|9.0|27.0
7|2007-08|27.0|NYK|NBA|SF|65.0|1841.0|0|16|81|4|0|-9.0|-3.2|37.0|19.0|94.0|6.0|38.0|20.0|264.0|5.0|30.0
8|2008-09|28.0|NYK|NBA|SG|72.0|1894.0|1|54|45|1|0|-3.1|-0.7|39.0|18.0|75.0|2.0|57.0|12.0|265.0|15.0|44.0
9|2009-10|29.0|MIA|NBA|SF|76.0|2082.0|0|10|90|0|0|5.4|5.2|36.0|13.0|88.0|3.0|30.0|24.0|202.0|5.0|20.0
10|2010-11|30.0|ORL|NBA|SF|57.0|955.0|0|12|87|1|0|2.6|-4.7|21.0|8.0|33.0|1.0|17.0|16.0|88.0|1.0|14.0
11|2011-12|31.0|ORL|NBA|SF|48.0|866.0|0|2|98|1|0|-3.6|-6.2|20.0|5.0|37.0|3.0|13.0|5.0|94.0|4.0|4.0
12|2012-13|32.0|NYK|NBA|SF|1.0|29.0|0|34|67|0|0|-16.1|-20.7|2.0|0.0|1.0|0.0|1.0|0.0|2.0|0.0|0.0
