player_id|Rk|Unnamed: 1|Age|G|GS|MP|FG|FGA|FG%|3P|3PA|3P%|2P|2PA|2P%|eFG%|FT|FTA|FT%|ORB|DRB|TRB|AST|STL|BLK|TOV|PF|PTS|player_id
willigu01|1|Gus Williams|29|80|80|2761|660|1384|0.47700000000000004|2|43|0.047|658|1341|0.491|0.478|278|370|0.7509999999999999|72|133|205|643|182|26|230|117|1600|willigu01
sheltlo01|2|Lonnie Shelton|27|82|79|2572|437|915|0.478|1|6|0.16699999999999998|436|909|0.48|0.478|141|187|0.754|158|337|495|237|75|72|172|310|1016|sheltlo01
sikmaja01|3|Jack Sikma|27|75|71|2564|484|1043|0.46399999999999997|0|8|0.0|484|1035|0.46799999999999997|0.46399999999999997|400|478|0.8370000000000001|213|645|858|233|87|65|190|263|1368|sikmaja01
thompda01|4|David Thompson|28|75|64|2155|445|925|0.48100000000000004|2|10|0.2|443|915|0.484|0.48200000000000004|298|380|0.784|96|174|270|222|47|33|163|142|1190|thompda01
vraneda01|5|Danny Vranes|24|82|73|2054|226|429|0.527|0|1|0.0|226|428|0.528|0.527|115|209|0.55|177|248|425|120|53|49|102|254|567|vraneda01
donalja01|6|James Donaldson|25|82|11|1789|289|496|0.583|0|0||289|496|0.583|0.583|150|218|0.688|131|370|501|97|19|101|132|171|728|donalja01
kelsegr01|7|Greg Kelser|25|80|9|1507|247|450|0.5489999999999999|0|3|0.0|247|447|0.5529999999999999|0.5489999999999999|173|257|0.6729999999999999|158|245|403|97|52|35|149|243|667|kelsegr01
brownfr01|8|Fred Brown|34|80|1|1432|371|714|0.52|14|32|0.43799999999999994|357|682|0.523|0.529|58|72|0.8059999999999999|32|65|97|242|59|13|110|98|814|brownfr01
smithph01|9|Phil Smith|30|79|17|1238|175|400|0.43799999999999994|3|8|0.375|172|392|0.439|0.441|101|133|0.759|27|103|130|216|44|8|102|113|454|smithph01
tolbera01|10|Ray Tolbert|24|45|2|712|100|190|0.526|0|2|0.0|100|188|0.532|0.526|24|44|0.545|46|105|151|31|16|24|51|97|224|tolbera01
hawesst01|11|Steve Hawes|32|31|1|556|72|146|0.493|3|7|0.429|69|139|0.496|0.503|23|32|0.7190000000000001|28|105|133|36|9|6|34|79|170|hawesst01
radfoma01|12|Mark Radford|23|54|2|439|84|172|0.488|4|18|0.222|80|154|0.519|0.5|30|73|0.41100000000000003|12|35|47|104|34|4|74|78|202|radfoma01
greigjo01|13|John Greig|21|9|0|26|7|13|0.5379999999999999|0|0||7|13|0.5379999999999999|0.5379999999999999|5|6|0.833|2|4|6|0|0|1|2|4|19|greigjo01
