player_id|Rk|Unnamed: 1|Age|G|GS|MP|FG|FGA|FG%|FT|FTA|FT%|TRB|AST|PF|PTS|player_id
bayloel01|1|Elgin Baylor|26|73||3133|10.7|24.9|0.43|7.8|9.9|0.7829999999999999|16.6|4.3|3.2|29.2|bayloel01
westje01|2|Jerry West|22|79||2797|6.8|16.3|0.419|4.3|6.4|0.6659999999999999|7.9|4.3|2.7|17.9|westje01
larusru01|3|Rudy LaRusso|23|79||2593|5.8|13.8|0.419|4.5|5.7|0.79|10.8|1.9|3.9|16.0|larusru01
hundlho01|4|Hot Rod Hundley|26|79||2179|5.3|15.2|0.35100000000000003|3.7|4.9|0.753|4.8|5.8|2.4|14.4|hundlho01
selvyfr01|5|Frank Selvy|28|77||2153|5.2|12.8|0.405|3.5|4.7|0.753|5.0|4.1|3.7|13.9|selvyfr01
hawkito01|6|Tom Hawkins|24|78||1846|6.0|14.0|0.431|2.7|4.6|0.596|9.3|1.7|4.1|14.8|hawkito01
krebsji01|7|Jim Krebs|25|75||1655|5.9|15.1|0.392|1.6|2.0|0.8059999999999999|9.9|1.5|4.9|13.4|krebsji01
felixra01|8|Ray Felix|30|78||1510|4.5|12.1|0.37200000000000005|3.2|4.6|0.6990000000000001|12.9|0.9|7.2|12.2|felixra01
leonasl01|9|Slick Leonard|28|55||600|3.7|12.4|0.295|4.3|6.0|0.71|4.2|4.9|4.2|11.6|leonasl01
jolifho01|10|Howie Jolliff|22|46||352|4.7|14.4|0.326|1.1|2.4|0.478|14.4|1.6|5.4|10.5|jolifho01
alcorga01|11|Gary Alcorn|24|20||174|2.5|8.3|0.3|1.4|1.7|0.875|10.3|0.4|9.7|6.4|alcorga01
johnsro01|12|Ron Johnson|22|8||43|1.7|10.9|0.154|1.7|2.5|0.667|12.6|0.8|3.3|5.0|johnsro01
