player_id|Rk|Unnamed: 1|Age|G|GS|MP|FG|FGA|FG%|FT|FTA|FT%|TRB|AST|PF|PTS/G|player_id
bayloel01|1|Elgin Baylor|26|73||42.9|12.8|29.7|0.43|9.3|11.8|0.7829999999999999|19.8|5.1|3.8|34.8|bayloel01
westje01|2|Jerry West|22|79||35.4|6.7|16.0|0.419|4.2|6.3|0.6659999999999999|7.7|4.2|2.7|17.6|westje01
larusru01|3|Rudy LaRusso|23|79||32.8|5.3|12.6|0.419|4.1|5.2|0.79|9.9|1.7|3.5|14.6|larusru01
selvyfr01|4|Frank Selvy|28|77||28.0|4.0|10.0|0.405|2.7|3.6|0.753|3.9|3.2|2.8|10.8|selvyfr01
hundlho01|5|Hot Rod Hundley|26|79||27.6|4.1|11.7|0.35100000000000003|2.8|3.7|0.753|3.7|4.4|1.8|11.0|hundlho01
hawkito01|6|Tom Hawkins|24|78||23.7|4.0|9.2|0.431|1.8|3.0|0.596|6.1|1.1|2.7|9.7|hawkito01
krebsji01|7|Jim Krebs|25|75||22.1|3.6|9.2|0.392|1.0|1.2|0.8059999999999999|6.1|0.9|3.0|8.2|krebsji01
felixra01|8|Ray Felix|30|78||19.4|2.4|6.5|0.37200000000000005|1.7|2.5|0.6990000000000001|6.9|0.5|3.9|6.6|felixra01
leonasl01|9|Slick Leonard|28|55||10.9|1.1|3.8|0.295|1.3|1.8|0.71|1.3|1.5|1.3|3.5|leonasl01
alcorga01|10|Gary Alcorn|24|20||8.7|0.6|2.0|0.3|0.4|0.4|0.875|2.5|0.1|2.4|1.6|alcorga01
jolifho01|11|Howie Jolliff|22|46||7.7|1.0|3.1|0.326|0.2|0.5|0.478|3.1|0.3|1.2|2.2|jolifho01
johnsro01|12|Ron Johnson|22|8||5.4|0.3|1.6|0.154|0.3|0.4|0.667|1.9|0.1|0.5|0.8|johnsro01
